300.0	0.0235
300.125	0.0235
300.25	0.0235
300.375	0.0235
300.5	0.0235
300.625	0.0235
300.75	0.0235
300.875	0.0235
301.0	0.0235
301.125	0.0235
301.25	0.0235
301.375	0.0235
301.5	0.0235
301.625	0.0235
301.75	0.0235
301.875	0.0235
302.0	0.0235
302.125	0.022
302.25	0.0227
302.375	0.0235
302.5	0.0235
302.625	0.0235
302.75	0.0235
302.875	0.0227
303.0	0.0235
303.125	0.0235
303.25	0.0235
303.375	0.0235
303.5	0.0235
303.625	0.0235
303.75	0.0235
303.875	0.0235
304.0	0.0227
304.125	0.0235
304.25	0.0235
304.375	0.0235
304.5	0.0235
304.625	0.0235
304.75	0.0235
304.875	0.0235
305.0	0.0235
305.125	0.0227
305.25	0.0235
305.375	0.0235
305.5	0.0235
305.625	0.0235
305.75	0.0235
305.875	0.0235
306.0	0.0235
306.125	0.0235
306.25	0.0235
306.375	0.0235
306.5	0.0235
306.625	0.0235
306.75	0.0235
306.875	0.0235
307.0	0.0235
307.125	0.0235
307.25	0.0235
307.375	0.0227
307.5	0.0235
307.625	0.0235
307.75	0.0235
307.875	0.0235
308.0	0.0235
308.125	0.0235
308.25	0.0235
308.375	0.0235
308.5	0.0235
308.625	0.0235
308.75	0.0235
308.875	0.0235
309.0	0.0235
309.125	0.0235
309.25	0.0235
309.375	0.0235
309.5	0.022
309.625	0.0235
309.75	0.0235
309.875	0.0235
310.0	0.0235
310.125	0.0235
310.25	0.0235
310.375	0.0235
310.5	0.0235
310.625	0.0235
310.75	0.0235
310.875	0.0235
311.0	0.0235
311.125	0.0235
311.25	0.0235
311.375	0.0235
311.5	0.0243
311.625	0.0227
311.75	0.0235
311.875	0.0235
312.0	0.0235
312.125	0.0235
312.25	0.0235
312.375	0.0227
312.5	0.0235
312.625	0.0235
312.75	0.0235
312.875	0.0235
313.0	0.0235
313.125	0.0235
313.25	0.0235
313.375	0.0235
313.5	0.0235
313.625	0.0235
313.75	0.0235
313.875	0.0235
314.0	0.0235
314.125	0.0235
314.25	0.0235
314.375	0.0235
314.5	0.0235
314.625	0.0235
314.75	0.0235
314.875	0.0235
315.0	0.0235
315.125	0.0235
315.25	0.0235
315.375	0.0235
315.5	0.0235
315.625	0.0235
315.75	0.0235
315.875	0.0235
316.0	0.0235
316.125	0.0235
316.25	0.0235
316.375	0.0235
316.5	0.0235
316.625	0.0235
316.75	0.0235
316.875	0.0235
317.0	0.0235
317.125	0.0235
317.25	0.0235
317.375	0.0235
317.5	0.0235
317.625	0.0235
317.75	0.0243
317.875	0.0235
318.0	0.0235
318.125	0.0235
318.25	0.0235
318.375	0.0235
318.5	0.0235
318.625	0.0235
318.75	0.0235
318.875	0.0235
319.0	0.0235
319.125	0.0243
319.25	0.0235
319.375	0.0235
319.5	0.0235
319.625	0.0235
319.75	0.0235
319.875	0.0235
320.0	0.0235
320.125	0.0235
320.25	0.0251
320.375	0.0235
320.5	0.0235
320.625	0.0235
320.75	0.0235
320.875	0.0243
321.0	0.0235
321.125	0.0235
321.25	0.0235
321.375	0.0235
321.5	0.0243
321.625	0.0235
321.75	0.0235
321.875	0.0243
322.0	0.0243
322.125	0.0235
322.25	0.0235
322.375	0.0235
322.5	0.0235
322.625	0.0235
322.75	0.0235
322.875	0.0243
323.0	0.0235
323.125	0.0251
323.25	0.0235
323.375	0.0235
323.5	0.0251
323.625	0.0243
323.75	0.0235
323.875	0.0243
324.0	0.0243
324.125	0.0243
324.25	0.0267
324.375	0.0235
324.5	0.0243
324.625	0.0243
324.75	0.0235
324.875	0.0235
325.0	0.0251
325.125	0.0243
325.25	0.0235
325.375	0.0235
325.5	0.0235
325.625	0.0235
325.75	0.0243
325.875	0.0235
326.0	0.0243
326.125	0.0235
326.25	0.0235
326.375	0.0243
326.5	0.0251
326.625	0.0243
326.75	0.0235
326.875	0.0235
327.0	0.0235
327.125	0.0235
327.25	0.0235
327.375	0.0235
327.5	0.0235
327.625	0.0267
327.75	0.0235
327.875	0.0243
328.0	0.0235
328.125	0.0235
328.25	0.0243
328.375	0.0235
328.5	0.0235
328.625	0.0235
328.75	0.0251
328.875	0.0235
329.0	0.0251
329.125	0.0235
329.25	0.0235
329.375	0.0235
329.5	0.0235
329.625	0.0235
329.75	0.0235
329.875	0.0235
330.0	0.0251
330.125	0.0235
330.25	0.0235
330.375	0.0235
330.5	0.0235
330.625	0.0235
330.75	0.0235
330.875	0.0235
331.0	0.0235
331.125	0.0235
331.25	0.0235
331.375	0.0243
331.5	0.0235
331.625	0.0243
331.75	0.0235
331.875	0.0235
332.0	0.0235
332.125	0.0235
332.25	0.0235
332.375	0.0235
332.5	0.0235
332.625	0.0235
332.75	0.0251
332.875	0.0235
333.0	0.0235
333.125	0.0235
333.25	0.0235
333.375	0.0235
333.5	0.0235
333.625	0.0235
333.75	0.0235
333.875	0.0235
334.0	0.0235
334.125	0.0235
334.25	0.0235
334.375	0.0235
334.5	0.0235
334.625	0.0235
334.75	0.0243
334.875	0.0235
335.0	0.0235
335.125	0.0235
335.25	0.0251
335.375	0.0235
335.5	0.0235
335.625	0.0235
335.75	0.0235
335.875	0.0235
336.0	0.0235
336.125	0.0235
336.25	0.0235
336.375	0.0235
336.5	0.0251
336.625	0.0235
336.75	0.0235
336.875	0.0251
337.0	0.0251
337.125	0.0259
337.25	0.0243
337.375	0.0235
337.5	0.0243
337.625	0.0251
337.75	0.0235
337.875	0.0235
338.0	0.0235
338.125	0.0235
338.25	0.0243
338.375	0.0235
338.5	0.0235
338.625	0.0251
338.75	0.0235
338.875	0.0243
339.0	0.0251
339.125	0.0235
339.25	0.0235
339.375	0.0235
339.5	0.0235
339.625	0.0235
339.75	0.0251
339.875	0.0243
340.0	0.0259
340.125	0.0251
340.25	0.0235
340.375	0.0235
340.5	0.0235
340.625	0.0251
340.75	0.0235
340.875	0.0243
341.0	0.0243
341.125	0.0235
341.25	0.0235
341.375	0.0243
341.5	0.0243
341.625	0.0235
341.75	0.0235
341.875	0.0243
342.0	0.0235
342.125	0.0235
342.25	0.0251
342.375	0.0235
342.5	0.0243
342.625	0.0235
342.75	0.0235
342.875	0.0235
343.0	0.0235
343.125	0.0259
343.25	0.0235
343.375	0.0235
343.5	0.0251
343.625	0.0251
343.75	0.0235
343.875	0.0251
344.0	0.0243
344.125	0.0243
344.25	0.0235
344.375	0.0235
344.5	0.0235
344.625	0.0235
344.75	0.0235
344.875	0.0243
345.0	0.0235
345.125	0.0251
345.25	0.0235
345.375	0.0235
345.5	0.0243
345.625	0.0235
345.75	0.0259
345.875	0.0251
346.0	0.0259
346.125	0.0235
346.25	0.0235
346.375	0.0251
346.5	0.0243
346.625	0.0251
346.75	0.0235
346.875	0.0251
347.0	0.0235
347.125	0.0251
347.25	0.0235
347.375	0.0235
347.5	0.0235
347.625	0.0243
347.75	0.0243
347.875	0.0251
348.0	0.0243
348.125	0.0243
348.25	0.0235
348.375	0.0235
348.5	0.0235
348.625	0.0235
348.75	0.0243
348.875	0.0243
349.0	0.0243
349.125	0.0251
349.25	0.0235
349.375	0.0259
349.5	0.0235
349.625	0.0235
349.75	0.0243
349.875	0.0251
350.0	0.0267
350.125	0.0251
350.25	0.0259
350.375	0.0267
350.5	0.0251
350.625	0.0251
350.75	0.0259
350.875	0.0267
351.0	0.0243
351.125	0.0251
351.25	0.0275
351.375	0.0235
351.5	0.0243
351.625	0.0259
351.75	0.0259
351.875	0.0259
352.0	0.0251
352.125	0.0267
352.25	0.0267
352.375	0.0267
352.5	0.0259
352.625	0.0243
352.75	0.0235
352.875	0.0267
353.0	0.0251
353.125	0.0259
353.25	0.0243
353.375	0.0259
353.5	0.0243
353.625	0.0251
353.75	0.0259
353.875	0.0267
354.0	0.0235
354.125	0.0259
354.25	0.0275
354.375	0.0235
354.5	0.0259
354.625	0.0267
354.75	0.0251
354.875	0.0235
355.0	0.0267
355.125	0.0243
355.25	0.0251
355.375	0.0259
355.5	0.0259
355.625	0.0235
355.75	0.0259
355.875	0.0267
356.0	0.0275
356.125	0.0259
356.25	0.0251
356.375	0.0259
356.5	0.0235
356.625	0.0259
356.75	0.0251
356.875	0.0267
357.0	0.0267
357.125	0.0283
357.25	0.0283
357.375	0.0267
357.5	0.0243
357.625	0.0259
357.75	0.0267
357.875	0.0243
358.0	0.0243
358.125	0.0267
358.25	0.0251
358.375	0.0259
358.5	0.0267
358.625	0.0267
358.75	0.0235
358.875	0.0283
359.0	0.0259
359.125	0.0267
359.25	0.0259
359.375	0.0267
359.5	0.0235
359.625	0.0267
359.75	0.0243
359.875	0.0251
360.0	0.0251
360.125	0.0267
360.25	0.0259
360.375	0.0267
360.5	0.0267
360.625	0.0235
360.75	0.0259
360.875	0.0251
361.0	0.0259
361.125	0.0267
361.25	0.0251
361.375	0.0251
361.5	0.0235
361.625	0.0275
361.75	0.0275
361.875	0.0275
362.0	0.0283
362.125	0.0275
362.25	0.0267
362.375	0.0259
362.5	0.0267
362.625	0.0283
362.75	0.0259
362.875	0.0259
363.0	0.0283
363.125	0.0267
363.25	0.0251
363.375	0.0275
363.5	0.0267
363.625	0.0259
363.75	0.0275
363.875	0.0275
364.0	0.0259
364.125	0.0259
364.25	0.0267
364.375	0.0259
364.5	0.0283
364.625	0.0251
364.75	0.0283
364.875	0.0267
365.0	0.0267
365.125	0.0259
365.25	0.0275
365.375	0.0267
365.5	0.0259
365.625	0.0275
365.75	0.0267
365.875	0.0275
366.0	0.0267
366.125	0.0259
366.25	0.0267
366.375	0.0267
366.5	0.0283
366.625	0.0259
366.75	0.0251
366.875	0.0275
367.0	0.0267
367.125	0.0267
367.25	0.0267
367.375	0.0275
367.5	0.0275
367.625	0.0251
367.75	0.0283
367.875	0.0267
368.0	0.0251
368.125	0.0251
368.25	0.0275
368.375	0.0267
368.5	0.0275
368.625	0.0267
368.75	0.0283
368.875	0.0267
369.0	0.0283
369.125	0.0283
369.25	0.0259
369.375	0.0267
369.5	0.0259
369.625	0.0283
369.75	0.0283
369.875	0.0259
370.0	0.0267
370.125	0.0283
370.25	0.0259
370.375	0.0283
370.5	0.0259
370.625	0.0283
370.75	0.0275
370.875	0.0267
371.0	0.0275
371.125	0.0267
371.25	0.0275
371.375	0.0267
371.5	0.0283
371.625	0.0275
371.75	0.0283
371.875	0.0267
372.0	0.0275
372.125	0.0283
372.25	0.0267
372.375	0.0283
372.5	0.0275
372.625	0.0259
372.75	0.0283
372.875	0.0275
373.0	0.0275
373.125	0.0283
373.25	0.0283
373.375	0.0267
373.5	0.0267
373.625	0.0275
373.75	0.0275
373.875	0.0283
374.0	0.0267
374.125	0.0283
374.25	0.0275
374.375	0.0267
374.5	0.0267
374.625	0.0283
374.75	0.0283
374.875	0.0275
375.0	0.0283
375.125	0.0275
375.25	0.0283
375.375	0.0283
375.5	0.0275
375.625	0.0267
375.75	0.0275
375.875	0.0283
376.0	0.0259
376.125	0.0283
376.25	0.0283
376.375	0.0283
376.5	0.0283
376.625	0.0283
376.75	0.0283
376.875	0.0283
377.0	0.0275
377.125	0.0283
377.25	0.0275
377.375	0.0283
377.5	0.0283
377.625	0.0283
377.75	0.0283
377.875	0.0283
378.0	0.0283
378.125	0.0283
378.25	0.0283
378.375	0.0283
378.5	0.0283
378.625	0.0283
378.75	0.0283
378.875	0.0283
379.0	0.0283
379.125	0.0275
379.25	0.0275
379.375	0.029
379.5	0.0283
379.625	0.0267
379.75	0.0283
379.875	0.0283
380.0	0.0283
380.125	0.0283
380.25	0.0283
380.375	0.0283
380.5	0.029
380.625	0.0283
380.75	0.0283
380.875	0.0283
381.0	0.0283
381.125	0.0283
381.25	0.0283
381.375	0.0283
381.5	0.0283
381.625	0.0283
381.75	0.0283
381.875	0.0283
382.0	0.0283
382.125	0.029
382.25	0.0283
382.375	0.0283
382.5	0.0283
382.625	0.0283
382.75	0.0283
382.875	0.0283
383.0	0.0283
383.125	0.0283
383.25	0.0283
383.375	0.0283
383.5	0.029
383.625	0.0298
383.75	0.0283
383.875	0.0283
384.0	0.029
384.125	0.0283
384.25	0.0283
384.375	0.0283
384.5	0.0283
384.625	0.0283
384.75	0.029
384.875	0.0283
385.0	0.0283
385.125	0.029
385.25	0.0283
385.375	0.0283
385.5	0.0283
385.625	0.0283
385.75	0.0283
385.875	0.0275
386.0	0.0283
386.125	0.029
386.25	0.0283
386.375	0.0275
386.5	0.0283
386.625	0.0283
386.75	0.0283
386.875	0.0283
387.0	0.0283
387.125	0.0283
387.25	0.0283
387.375	0.0283
387.5	0.0283
387.625	0.029
387.75	0.0283
387.875	0.0283
388.0	0.0283
388.125	0.0283
388.25	0.0283
388.375	0.029
388.5	0.0283
388.625	0.0283
388.75	0.0314
388.875	0.0283
389.0	0.0283
389.125	0.0283
389.25	0.0283
389.375	0.0283
389.5	0.0298
389.625	0.0306
389.75	0.0283
389.875	0.0298
390.0	0.0283
390.125	0.0298
390.25	0.0283
390.375	0.029
390.5	0.029
390.625	0.0298
390.75	0.0283
390.875	0.0298
391.0	0.0283
391.125	0.029
391.25	0.0283
391.375	0.0298
391.5	0.029
391.625	0.0283
391.75	0.0283
391.875	0.0298
392.0	0.0283
392.125	0.0283
392.25	0.0283
392.375	0.029
392.5	0.029
392.625	0.029
392.75	0.029
392.875	0.0283
393.0	0.0283
393.125	0.0306
393.25	0.0298
393.375	0.0298
393.5	0.0283
393.625	0.029
393.75	0.0298
393.875	0.0298
394.0	0.0306
394.125	0.033
394.25	0.0306
394.375	0.0322
394.5	0.033
394.625	0.0306
394.75	0.0322
394.875	0.033
395.0	0.0314
395.125	0.0314
395.25	0.0322
395.375	0.0322
395.5	0.033
395.625	0.033
395.75	0.033
395.875	0.033
396.0	0.033
396.125	0.033
396.25	0.033
396.375	0.033
396.5	0.033
396.625	0.033
396.75	0.0338
396.875	0.033
397.0	0.033
397.125	0.0338
397.25	0.033
397.375	0.0338
397.5	0.033
397.625	0.033
397.75	0.033
397.875	0.033
398.0	0.0338
398.125	0.0345
398.25	0.0369
398.375	0.0353
398.5	0.0369
398.625	0.0377
398.75	0.0361
398.875	0.0377
399.0	0.0369
399.125	0.0377
399.25	0.0377
399.375	0.0377
399.5	0.0377
399.625	0.0377
399.75	0.0377
399.875	0.0377
400.0	0.0377
400.125	0.0377
400.25	0.0377
400.375	0.0393
400.5	0.0393
400.625	0.0416
400.75	0.04
400.875	0.0424
401.0	0.0424
401.125	0.0424
401.25	0.0408
401.375	0.0424
401.5	0.0416
401.625	0.0424
401.75	0.0424
401.875	0.0432
402.0	0.0432
402.125	0.044
402.25	0.0455
402.375	0.0448
402.5	0.044
402.625	0.0463
402.75	0.0455
402.875	0.0471
403.0	0.0471
403.125	0.0503
403.25	0.0503
403.375	0.0511
403.5	0.0511
403.625	0.0518
403.75	0.0518
403.875	0.0518
404.0	0.0518
404.125	0.0534
404.25	0.0542
404.375	0.055
404.5	0.0566
404.625	0.0566
404.75	0.0566
404.875	0.0581
405.0	0.0589
405.125	0.0597
405.25	0.0613
405.375	0.0613
405.5	0.0613
405.625	0.0621
405.75	0.0636
405.875	0.0644
406.0	0.066
406.125	0.066
406.25	0.066
406.375	0.0676
406.5	0.0707
406.625	0.0707
406.75	0.0707
406.875	0.0715
407.0	0.0754
407.125	0.0754
407.25	0.0754
407.375	0.077
407.5	0.0778
407.625	0.0801
407.75	0.0801
407.875	0.0809
408.0	0.0825
408.125	0.0849
408.25	0.0849
408.375	0.0856
408.5	0.0896
408.625	0.0896
408.75	0.0919
408.875	0.0943
409.0	0.0943
409.125	0.0943
409.25	0.0974
409.375	0.099
409.5	0.1014
409.625	0.1037
409.75	0.1037
409.875	0.1037
410.0	0.1069
410.125	0.1084
410.25	0.1092
410.375	0.1132
410.5	0.1132
410.625	0.1171
410.75	0.1179
410.875	0.1187
411.0	0.1202
411.125	0.1226
411.25	0.125
411.375	0.1265
411.5	0.1281
411.625	0.1312
411.75	0.132
411.875	0.1344
412.0	0.136
412.125	0.1391
412.25	0.1415
412.375	0.143
412.5	0.1462
412.625	0.1477
412.75	0.1509
412.875	0.1525
413.0	0.1556
413.125	0.1595
413.25	0.1603
413.375	0.1635
413.5	0.165
413.625	0.169
413.75	0.1698
413.875	0.1729
414.0	0.1784
414.125	0.1792
414.25	0.1831
414.375	0.1847
414.5	0.1871
414.625	0.1926
414.75	0.1933
414.875	0.1981
415.0	0.1988
415.125	0.2028
415.25	0.2067
415.375	0.2106
415.5	0.2122
415.625	0.2169
415.75	0.2185
415.875	0.2224
416.0	0.2264
416.125	0.2287
416.25	0.2311
416.375	0.2358
416.5	0.2389
416.625	0.2437
416.75	0.246
416.875	0.2515
417.0	0.2547
417.125	0.2594
417.25	0.2617
417.375	0.2657
417.5	0.2688
417.625	0.2727
417.75	0.2767
417.875	0.2822
418.0	0.2845
418.125	0.29
418.25	0.2955
418.375	0.2995
418.5	0.3018
418.625	0.305
418.75	0.3113
418.875	0.3152
419.0	0.3199
419.125	0.3254
419.25	0.3301
419.375	0.3325
419.5	0.338
419.625	0.3443
419.75	0.349
419.875	0.3545
420.0	0.3592
420.125	0.3632
420.25	0.3694
420.375	0.3742
420.5	0.3805
420.625	0.386
420.75	0.3899
420.875	0.3962
421.0	0.4025
421.125	0.408
421.25	0.4135
421.375	0.4174
421.5	0.4261
421.625	0.43
421.75	0.4363
421.875	0.4418
422.0	0.4481
422.125	0.4536
422.25	0.4591
422.375	0.4646
422.5	0.4693
422.625	0.4756
422.75	0.4819
422.875	0.4866
423.0	0.4913
423.125	0.4968
423.25	0.5039
423.375	0.5094
423.5	0.5125
423.625	0.518
423.75	0.522
423.875	0.5275
424.0	0.5306
424.125	0.5369
424.25	0.5424
424.375	0.5471
424.5	0.5511
424.625	0.5558
424.75	0.5644
424.875	0.5699
425.0	0.5754
425.125	0.5809
425.25	0.588
425.375	0.5943
425.5	0.6014
425.625	0.61
425.75	0.6163
425.875	0.625
426.0	0.6344
426.125	0.643
426.25	0.6493
426.375	0.6603
426.5	0.6698
426.625	0.6784
426.75	0.6871
426.875	0.6957
427.0	0.7075
427.125	0.7177
427.25	0.7264
427.375	0.735
427.5	0.7476
427.625	0.7539
427.75	0.7649
427.875	0.7767
428.0	0.7861
428.125	0.7948
428.25	0.8042
428.375	0.8152
428.5	0.8278
428.625	0.8364
428.75	0.8459
428.875	0.8569
429.0	0.8671
429.125	0.8781
429.25	0.8899
429.375	0.9001
429.5	0.9111
429.625	0.9237
429.75	0.9355
429.875	0.9473
430.0	0.9606
430.125	0.9724
430.25	0.9834
430.375	0.9944
430.5	1.0094
430.625	1.018
430.75	1.0298
430.875	1.0432
431.0	1.0566
431.125	1.0676
431.25	1.0841
431.375	1.0966
431.5	1.1147
431.625	1.1281
431.75	1.1391
431.875	1.154
432.0	1.169
432.125	1.1831
432.25	1.1965
432.375	1.2122
432.5	1.2295
432.625	1.2444
432.75	1.2602
432.875	1.2759
433.0	1.2908
433.125	1.3097
433.25	1.3278
433.375	1.3443
433.5	1.3647
433.625	1.382
433.75	1.3985
433.875	1.4174
434.0	1.4363
434.125	1.4591
434.25	1.4787
434.375	1.5007
434.5	1.5243
434.625	1.5424
434.75	1.5644
434.875	1.5864
435.0	1.6132
435.125	1.6344
435.25	1.658
435.375	1.6831
435.5	1.7059
435.625	1.7327
435.75	1.7578
435.875	1.7861
436.0	1.8136
436.125	1.8427
436.25	1.8694
436.375	1.897
436.5	1.9268
436.625	1.9583
436.75	1.9858
436.875	2.0172
437.0	2.0526
437.125	2.0849
437.25	2.1194
437.375	2.154
437.5	2.1855
437.625	2.2216
437.75	2.2602
437.875	2.2971
438.0	2.3333
438.125	2.3679
438.25	2.4056
438.375	2.4457
438.5	2.4772
438.625	2.5141
438.75	2.5463
438.875	2.5833
439.0	2.6179
439.125	2.6525
439.25	2.6839
439.375	2.7185
439.5	2.7492
439.625	2.7853
439.75	2.816
439.875	2.8498
440.0	2.8852
440.125	2.9174
440.25	2.9465
440.375	2.9779
440.5	3.0078
440.625	3.0393
440.75	3.0699
440.875	3.099
441.0	3.1305
441.125	3.1556
441.25	3.1839
441.375	3.2154
441.5	3.2397
441.625	3.2602
441.75	3.3141
441.875	3.3408
442.0	3.3667
442.125	3.3872
442.25	3.4116
442.375	3.4289
442.5	3.4454
442.625	3.4642
442.75	3.4847
442.875	3.5004
443.0	3.5161
443.125	3.5303
443.25	3.5444
443.375	3.5554
443.5	3.5696
443.625	3.5759
443.75	3.5829
443.875	3.5939
444.0	3.5987
444.125	3.601
444.25	3.6042
444.375	3.6057
444.5	3.6057
444.625	3.6065
444.75	3.6057
444.875	3.6026
445.0	3.5979
445.125	3.5853
445.25	3.5759
445.375	3.5743
445.5	3.5641
445.625	3.5539
445.75	3.5444
445.875	3.5311
446.0	3.5122
446.125	3.4996
446.25	3.4831
446.375	3.4674
446.5	3.4469
446.625	3.4312
446.75	3.41
446.875	3.388
447.0	3.3675
447.125	3.34
447.25	3.318
447.375	3.2688
447.5	3.2444
447.625	3.2169
447.75	3.1902
447.875	3.1627
448.0	3.1352
448.125	3.1037
448.25	3.0746
448.375	3.0518
448.5	3.022
448.625	2.9889
448.75	2.9638
448.875	2.9323
449.0	2.9048
449.125	2.8734
449.25	2.8427
449.375	2.8113
449.5	2.783
449.625	2.7507
449.75	2.7209
449.875	2.6933
450.0	2.6619
450.125	2.6305
450.25	2.6022
450.375	2.5715
450.5	2.5424
450.625	2.5149
450.75	2.4882
450.875	2.4614
451.0	2.43
451.125	2.4048
451.25	2.3789
451.375	2.3529
451.5	2.3278
451.625	2.3034
451.75	2.2767
451.875	2.2547
452.0	2.2287
452.125	2.2059
452.25	2.1863
452.375	2.1627
452.5	2.1399
452.625	2.1179
452.75	2.0982
452.875	2.0786
453.0	2.0613
453.125	2.0408
453.25	2.0243
453.375	2.007
453.5	1.9889
453.625	1.9732
453.75	1.9583
453.875	1.9402
454.0	1.9292
454.125	1.9127
454.25	1.8993
454.375	1.8836
454.5	1.875
454.625	1.8616
454.75	1.8474
454.875	1.8372
455.0	1.8262
455.125	1.8168
455.25	1.8081
455.375	1.7948
455.5	1.7861
455.625	1.779
455.75	1.768
455.875	1.761
456.0	1.7531
456.125	1.746
456.25	1.7374
456.375	1.7334
456.5	1.7248
456.625	1.7161
456.75	1.7114
456.875	1.7051
457.0	1.6988
457.125	1.6941
457.25	1.6855
457.375	1.6816
457.5	1.6761
457.625	1.669
457.75	1.665
457.875	1.6595
458.0	1.6548
458.125	1.6501
458.25	1.6438
458.375	1.6399
458.5	1.6344
458.625	1.6281
458.75	1.621
458.875	1.6179
459.0	1.6116
459.125	1.6045
459.25	1.6014
459.375	1.5966
459.5	1.5911
459.625	1.5849
459.75	1.5786
459.875	1.5699
460.0	1.5628
460.125	1.5566
460.25	1.5542
460.375	1.544
460.5	1.5369
460.625	1.5314
460.75	1.5235
460.875	1.5165
461.0	1.5094
461.125	1.5007
461.25	1.4874
461.375	1.4787
461.5	1.474
461.625	1.4716
461.75	1.4614
461.875	1.452
462.0	1.4441
462.125	1.4378
462.25	1.4284
462.375	1.4213
462.5	1.4119
462.625	1.4025
462.75	1.3938
462.875	1.3867
463.0	1.3757
463.125	1.3671
463.25	1.3561
463.375	1.349
463.5	1.3435
463.625	1.3364
463.75	1.3254
463.875	1.3176
464.0	1.3066
464.125	1.2987
464.25	1.2893
464.375	1.283
464.5	1.2727
464.625	1.2649
464.75	1.2562
464.875	1.246
465.0	1.2374
465.125	1.2311
465.25	1.2216
465.375	1.2177
465.5	1.2091
465.625	1.1996
465.75	1.1926
465.875	1.1855
466.0	1.1776
466.125	1.1713
466.25	1.1627
466.375	1.1556
466.5	1.1477
466.625	1.1415
466.75	1.136
466.875	1.1273
467.0	1.1242
467.125	1.1179
467.25	1.1155
467.375	1.1084
467.5	1.1037
467.625	1.099
467.75	1.0951
467.875	1.0896
468.0	1.088
468.125	1.0833
468.25	1.0809
468.375	1.0801
468.5	1.0754
468.625	1.0723
468.75	1.0715
468.875	1.0668
469.0	1.0676
469.125	1.066
469.25	1.066
469.375	1.0636
469.5	1.0621
469.625	1.0636
469.75	1.0621
469.875	1.0613
470.0	1.0589
470.125	1.0613
470.25	1.0613
470.375	1.0597
470.5	1.0613
470.625	1.0613
470.75	1.0589
470.875	1.0589
471.0	1.0613
471.125	1.0605
471.25	1.0613
471.375	1.0628
471.5	1.0636
471.625	1.0652
471.75	1.0644
471.875	1.0691
472.0	1.0683
472.125	1.0668
472.25	1.0707
472.375	1.0723
472.5	1.0754
472.625	1.0762
472.75	1.0801
472.875	1.0841
473.0	1.0872
473.125	1.0896
473.25	1.0935
473.375	1.0943
473.5	1.1014
473.625	1.1037
473.75	1.1069
473.875	1.1108
474.0	1.1155
474.125	1.1179
474.25	1.1234
474.375	1.1273
474.5	1.132
474.625	1.1375
474.75	1.143
474.875	1.1462
475.0	1.1509
475.125	1.1548
475.25	1.1595
475.375	1.1627
475.5	1.1698
475.625	1.1729
475.75	1.1816
475.875	1.1839
476.0	1.191
476.125	1.1973
476.25	1.202
476.375	1.2044
476.5	1.213
476.625	1.2161
476.75	1.2216
476.875	1.2295
477.0	1.2342
477.125	1.2374
477.25	1.2444
477.375	1.2507
477.5	1.2562
477.625	1.2594
477.75	1.2649
477.875	1.2712
478.0	1.2767
478.125	1.2822
478.25	1.29
478.375	1.2948
478.5	1.3026
478.625	1.3089
478.75	1.3136
478.875	1.3231
479.0	1.3254
479.125	1.3309
479.25	1.3388
479.375	1.3419
479.5	1.3498
479.625	1.3569
479.75	1.3624
479.875	1.3679
480.0	1.375
480.125	1.3805
480.25	1.3891
480.375	1.3938
480.5	1.4009
480.625	1.404
480.75	1.4103
480.875	1.4205
481.0	1.4284
481.125	1.4316
481.25	1.4378
481.375	1.4457
481.5	1.4528
481.625	1.4591
481.75	1.4646
481.875	1.4716
482.0	1.4779
482.125	1.4889
482.25	1.4929
482.375	1.4992
482.5	1.5086
482.625	1.5149
482.75	1.5212
482.875	1.5267
483.0	1.5361
483.125	1.544
483.25	1.5511
483.375	1.5589
483.5	1.5652
483.625	1.5699
483.75	1.5778
483.875	1.5872
484.0	1.5951
484.125	1.6006
484.25	1.61
484.375	1.6163
484.5	1.6234
484.625	1.6312
484.75	1.6383
484.875	1.6462
485.0	1.6517
485.125	1.6611
485.25	1.669
485.375	1.6768
485.5	1.6839
485.625	1.6918
485.75	1.6996
485.875	1.7067
486.0	1.7161
486.125	1.7256
486.25	1.7311
486.375	1.7382
486.5	1.7437
486.625	1.7531
486.75	1.7586
486.875	1.7688
487.0	1.7743
487.125	1.7861
487.25	1.7924
487.375	1.7963
487.5	1.8058
487.625	1.8144
487.75	1.8223
487.875	1.8286
488.0	1.8364
488.125	1.8427
488.25	1.8506
488.375	1.8608
488.5	1.8671
488.625	1.8765
488.75	1.8828
488.875	1.8899
489.0	1.8977
489.125	1.9056
489.25	1.9143
489.375	1.9245
489.5	1.93
489.625	1.9347
489.75	1.9449
489.875	1.952
490.0	1.9583
490.125	1.9654
490.25	1.974
490.375	1.9795
490.5	1.9866
490.625	1.9929
490.75	2.0039
490.875	2.011
491.0	2.0172
491.125	2.0235
491.25	2.0306
491.375	2.0377
491.5	2.0463
491.625	2.0487
491.75	2.0566
491.875	2.0636
492.0	2.0707
492.125	2.0801
492.25	2.0841
492.375	2.0904
492.5	2.0982
492.625	2.1069
492.75	2.1116
492.875	2.1171
493.0	2.1226
493.125	2.1273
493.25	2.1344
493.375	2.1407
493.5	2.1517
493.625	2.1572
493.75	2.1619
493.875	2.1674
494.0	2.1745
494.125	2.18
494.25	2.1863
494.375	2.1902
494.5	2.1981
494.625	2.2051
494.75	2.2114
494.875	2.2161
495.0	2.2209
495.125	2.224
495.25	2.2311
495.375	2.2366
495.5	2.2413
495.625	2.2452
495.75	2.2539
495.875	2.2547
496.0	2.257
496.125	2.2625
496.25	2.272
496.375	2.2806
496.5	2.2853
496.625	2.2877
496.75	2.294
496.875	2.2971
497.0	2.3018
497.125	2.3066
497.25	2.3121
497.375	2.3176
497.5	2.3215
497.625	2.3238
497.75	2.3301
497.875	2.3341
498.0	2.338
498.125	2.3435
498.25	2.3466
498.375	2.3537
498.5	2.3592
498.625	2.3608
498.75	2.3647
498.875	2.3702
499.0	2.371
499.125	2.375
499.25	2.3797
499.375	2.3836
499.5	2.3867
499.625	2.3891
499.75	2.3946
499.875	2.397
500.0	2.4001
500.125	2.404
500.25	2.408
500.375	2.4056
500.5	2.4103
500.625	2.415
500.75	2.4198
500.875	2.415
501.0	2.4198
501.125	2.4198
501.25	2.4245
501.375	2.4237
501.5	2.4261
501.625	2.4292
501.75	2.4268
501.875	2.4292
502.0	2.4292
502.125	2.43
502.25	2.43
502.375	2.4339
502.5	2.4331
502.625	2.4292
502.75	2.4292
502.875	2.4284
503.0	2.4268
503.125	2.4268
503.25	2.4198
503.375	2.4198
503.5	2.4198
503.625	2.415
503.75	2.4135
503.875	2.4103
504.0	2.4103
504.125	2.4103
504.25	2.4048
504.375	2.4048
504.5	2.4009
504.625	2.4009
504.75	2.3993
504.875	2.3962
505.0	2.3915
505.125	2.3993
505.25	2.4025
505.375	2.3977
505.5	2.3962
505.625	2.3962
505.75	2.3938
505.875	2.3899
506.0	2.3875
506.125	2.3867
506.25	2.386
506.375	2.3836
506.5	2.386
506.625	2.386
506.75	2.382
506.875	2.3852
507.0	2.3852
507.125	2.3852
507.25	2.3867
507.375	2.3883
507.5	2.3915
507.625	2.3922
507.75	2.3977
507.875	2.3985
508.0	2.4009
508.125	2.4088
508.25	2.4119
508.375	2.4127
508.5	2.4245
508.625	2.4276
508.75	2.43
508.875	2.4347
509.0	2.441
509.125	2.4473
509.25	2.4567
509.375	2.4614
509.5	2.4654
509.625	2.4732
509.75	2.4803
509.875	2.485
510.0	2.4905
510.125	2.496
510.25	2.5023
510.375	2.5086
510.5	2.5172
510.625	2.522
510.75	2.5267
510.875	2.5298
511.0	2.5361
511.125	2.5416
511.25	2.5455
511.375	2.5534
511.5	2.5566
511.625	2.5613
511.75	2.5652
511.875	2.5683
512.0	2.5738
512.125	2.577
512.25	2.5825
512.375	2.5856
512.5	2.5904
512.625	2.5943
512.75	2.5974
512.875	2.599
513.0	2.6037
513.125	2.6029
513.25	2.6061
513.375	2.6084
513.5	2.6124
513.625	2.6179
513.75	2.6179
513.875	2.6155
514.0	2.6179
514.125	2.6187
514.25	2.6218
514.375	2.6218
514.5	2.621
514.625	2.6218
514.75	2.6139
514.875	2.6092
515.0	2.6124
515.125	2.6084
515.25	2.6006
515.375	2.5982
515.5	2.5927
515.625	2.5856
515.75	2.5825
515.875	2.5738
516.0	2.5676
516.125	2.5621
516.25	2.5503
516.375	2.5408
516.5	2.5338
516.625	2.522
516.75	2.5172
516.875	2.5062
517.0	2.4968
517.125	2.4905
517.25	2.4787
517.375	2.4716
517.5	2.4614
517.625	2.4528
517.75	2.4457
517.875	2.4363
518.0	2.4276
518.125	2.4205
518.25	2.4143
518.375	2.4056
518.5	2.4001
518.625	2.3993
518.75	2.3922
518.875	2.3899
519.0	2.3891
519.125	2.3844
519.25	2.3797
519.375	2.382
519.5	2.3757
519.625	2.3726
519.75	2.3687
519.875	2.3726
520.0	2.3679
520.125	2.3632
520.25	2.3624
520.375	2.3608
520.5	2.36
520.625	2.3553
520.75	2.3545
520.875	2.3553
521.0	2.3537
521.125	2.349
521.25	2.3506
521.375	2.3474
521.5	2.3466
521.625	2.3443
521.75	2.3419
521.875	2.3427
522.0	2.3356
522.125	2.3396
522.25	2.3301
522.375	2.3349
522.5	2.3333
522.625	2.3301
522.75	2.3286
522.875	2.3254
523.0	2.3301
523.125	2.3301
523.25	2.3309
523.375	2.3333
523.5	2.3317
523.625	2.3396
523.75	2.3388
523.875	2.3396
524.0	2.3443
524.125	2.3466
524.25	2.3514
524.375	2.3537
524.5	2.3553
524.625	2.3584
524.75	2.3624
524.875	2.3679
525.0	2.371
525.125	2.3765
525.25	2.3805
525.375	2.3844
525.5	2.3907
525.625	2.3915
525.75	2.3985
525.875	2.4033
526.0	2.408
526.125	2.4119
526.25	2.419
526.375	2.4237
526.5	2.4323
526.625	2.4433
526.75	2.4473
526.875	2.4551
527.0	2.4622
527.125	2.4693
527.25	2.4779
527.375	2.4897
527.5	2.4968
527.625	2.5078
527.75	2.5149
527.875	2.5243
528.0	2.5353
528.125	2.5471
528.25	2.5621
528.375	2.5707
528.5	2.5817
528.625	2.5911
528.75	2.6029
528.875	2.6147
529.0	2.6265
529.125	2.6391
529.25	2.6509
529.375	2.6635
529.5	2.6721
529.625	2.6808
529.75	2.6957
529.875	2.7075
530.0	2.7185
530.125	2.7287
530.25	2.7437
530.375	2.7507
530.5	2.7586
530.625	2.7696
530.75	2.7798
530.875	2.7916
531.0	2.8003
531.125	2.8105
531.25	2.8191
531.375	2.8294
531.5	2.8356
531.625	2.8466
531.75	2.8553
531.875	2.8663
532.0	2.8718
532.125	2.8781
532.25	2.8907
532.375	2.8977
532.5	2.9072
532.625	2.9119
532.75	2.919
532.875	2.9292
533.0	2.9378
533.125	2.9457
533.25	2.9496
533.375	2.9599
533.5	2.9654
533.625	2.9701
533.75	2.9772
533.875	2.9842
534.0	2.9944
534.125	2.9984
534.25	3.0062
534.375	3.0117
534.5	3.0188
534.625	3.0251
534.75	3.0314
534.875	3.04
535.0	3.0424
535.125	3.0503
535.25	3.0518
535.375	3.0613
535.5	3.066
535.625	3.0707
535.75	3.0731
535.875	3.0801
536.0	3.0817
536.125	3.0896
536.25	3.0943
536.375	3.099
536.5	3.1006
536.625	3.1045
536.75	3.1116
536.875	3.1171
537.0	3.1218
537.125	3.125
537.25	3.1289
537.375	3.1281
537.5	3.1305
537.625	3.136
537.75	3.1399
537.875	3.1517
538.0	3.1556
538.125	3.1572
538.25	3.1603
538.375	3.1627
538.5	3.1611
538.625	3.1658
538.75	3.1698
538.875	3.1784
539.0	3.1839
539.125	3.1839
539.25	3.1886
539.375	3.1926
539.5	3.1949
539.625	3.1996
539.75	3.2012
539.875	3.2028
540.0	3.2059
540.125	3.2122
540.25	3.2154
540.375	3.2169
540.5	3.2216
540.625	3.2209
540.75	3.2216
540.875	3.2256
541.0	3.2311
541.125	3.2319
541.25	3.2327
541.375	3.2334
541.5	3.2366
541.625	3.2413
541.75	3.2452
541.875	3.2468
542.0	3.2452
542.125	3.2492
542.25	3.2523
542.375	3.2547
542.5	3.2586
542.625	3.257
542.75	3.2641
542.875	3.2633
543.0	3.2641
543.125	3.2641
543.25	3.2665
543.375	3.2688
543.5	3.2735
543.625	3.2704
543.75	3.2743
543.875	3.2751
544.0	3.2767
544.125	3.3039
544.25	3.3086
544.375	3.3078
544.5	3.3086
544.625	3.3101
544.75	3.3086
544.875	3.3109
545.0	3.3149
545.125	3.3094
545.25	3.3125
545.375	3.3196
545.5	3.3219
545.625	3.3227
545.75	3.3251
545.875	3.3267
546.0	3.3259
546.125	3.3274
546.25	3.3337
546.375	3.3322
546.5	3.3345
546.625	3.3369
546.75	3.34
546.875	3.3408
547.0	3.3479
547.125	3.3432
547.25	3.3384
547.375	3.3439
547.5	3.3463
547.625	3.351
547.75	3.3479
547.875	3.355
548.0	3.3534
548.125	3.3565
548.25	3.3557
548.375	3.3581
548.5	3.3605
548.625	3.3628
548.75	3.3652
548.875	3.366
549.0	3.3699
549.125	3.3699
549.25	3.3691
549.375	3.3722
549.5	3.3722
549.625	3.373
549.75	3.3778
549.875	3.3801
550.0	3.3801
550.125	3.384
550.25	3.3864
550.375	3.3864
550.5	3.3888
550.625	3.3888
550.75	3.3888
550.875	3.3888
551.0	3.3935
551.125	3.3958
551.25	3.3982
551.375	3.3982
551.5	3.3998
551.625	3.4006
551.75	3.4029
551.875	3.4076
552.0	3.4092
552.125	3.4116
552.25	3.4084
552.375	3.4123
552.5	3.4123
552.625	3.4123
552.75	3.4163
552.875	3.4092
553.0	3.4068
553.125	3.4123
553.25	3.4226
553.375	3.4202
553.5	3.4218
553.625	3.4218
553.75	3.4257
553.875	3.4265
554.0	3.4226
554.125	3.4233
554.25	3.4281
554.375	3.4281
554.5	3.4281
554.625	3.4312
554.75	3.4048
554.875	3.4312
555.0	3.4328
555.125	3.4289
555.25	3.4336
555.375	3.4312
555.5	3.4328
555.625	3.4281
555.75	3.4344
555.875	3.4312
556.0	3.4328
556.125	3.432
556.25	3.4048
556.375	3.4048
556.5	3.4312
556.625	3.4289
556.75	3.4328
556.875	3.4281
557.0	3.4281
557.125	3.4226
557.25	3.4218
557.375	3.421
557.5	3.4194
557.625	3.4202
557.75	3.4139
557.875	3.41
558.0	3.4076
558.125	3.4076
558.25	3.4053
558.375	3.3958
558.5	3.3935
558.625	3.388
558.75	3.3825
558.875	3.3778
559.0	3.3652
559.125	3.3612
559.25	3.3534
559.375	3.3439
559.5	3.3416
559.625	3.3306
559.75	3.318
559.875	3.3039
560.0	3.2672
560.125	3.2539
560.25	3.2444
560.375	3.2342
560.5	3.2146
560.625	3.1957
560.75	3.18
560.875	3.158
561.0	3.1391
561.125	3.1171
561.25	3.0935
561.375	3.0676
561.5	3.0432
561.625	3.0117
561.75	2.9842
561.875	2.9544
562.0	2.9182
562.125	2.886
562.25	2.8545
562.375	2.8128
562.5	2.7759
562.625	2.7327
562.75	2.6918
562.875	2.6533
563.0	2.6116
563.125	2.5668
563.25	2.5212
563.375	2.474
563.5	2.4292
563.625	2.3828
563.75	2.3388
563.875	2.2963
564.0	2.25
564.125	2.2059
564.25	2.165
564.375	2.1234
564.5	2.0849
564.625	2.0471
564.75	2.0086
564.875	1.9756
565.0	1.9449
565.125	1.9174
565.25	1.8852
565.375	1.8608
565.5	1.8333
565.625	1.8144
565.75	1.7971
565.875	1.7783
566.0	1.7641
566.125	1.7484
566.25	1.7397
566.375	1.7256
566.5	1.7201
566.625	1.713
566.75	1.7091
566.875	1.7075
567.0	1.7067
567.125	1.7036
567.25	1.7067
567.375	1.7059
567.5	1.7075
567.625	1.7122
567.75	1.7169
567.875	1.7201
568.0	1.724
568.125	1.7279
568.25	1.7311
568.375	1.7397
568.5	1.7437
568.625	1.746
568.75	1.7523
568.875	1.7555
569.0	1.761
569.125	1.7641
569.25	1.7704
569.375	1.7735
569.5	1.7783
569.625	1.7783
569.75	1.783
569.875	1.7885
570.0	1.7924
570.125	1.7971
570.25	1.8026
570.375	1.8058
570.5	1.8097
570.625	1.816
570.75	1.8207
570.875	1.8246
571.0	1.8317
571.125	1.838
571.25	1.8451
571.375	1.8537
571.5	1.8616
571.625	1.8671
571.75	1.875
571.875	1.8836
572.0	1.8899
572.125	1.8962
572.25	1.9033
572.375	1.9103
572.5	1.9166
572.625	1.9213
572.75	1.9292
572.875	1.9339
573.0	1.9394
573.125	1.9465
573.25	1.9504
573.375	1.9551
573.5	1.9575
573.625	1.9622
573.75	1.9622
573.875	1.9638
574.0	1.9614
574.125	1.9599
574.25	1.9575
574.375	1.9536
574.5	1.9504
574.625	1.9441
574.75	1.9394
574.875	1.9268
575.0	1.9182
575.125	1.908
575.25	1.893
575.375	1.8781
575.5	1.8663
575.625	1.849
575.75	1.8317
575.875	1.8128
576.0	1.7955
576.125	1.7767
576.25	1.7562
576.375	1.7382
576.5	1.7185
576.625	1.702
576.75	1.6816
576.875	1.6627
577.0	1.6446
577.125	1.625
577.25	1.6069
577.375	1.5896
577.5	1.5754
577.625	1.5597
577.75	1.5463
577.875	1.5338
578.0	1.518
578.125	1.5102
578.25	1.4992
578.375	1.4913
578.5	1.4827
578.625	1.4764
578.75	1.4701
578.875	1.4669
579.0	1.4622
579.125	1.4638
579.25	1.4638
579.375	1.4669
579.5	1.4669
579.625	1.4701
579.75	1.4764
579.875	1.4803
580.0	1.4858
580.125	1.4944
580.25	1.5023
580.375	1.5117
580.5	1.5235
580.625	1.5345
580.75	1.5471
580.875	1.5581
581.0	1.5691
581.125	1.5841
581.25	1.5959
581.375	1.6116
581.5	1.6242
581.625	1.6399
581.75	1.6548
581.875	1.6674
582.0	1.6808
582.125	1.6957
582.25	1.713
582.375	1.7248
582.5	1.7429
582.625	1.7562
582.75	1.7735
582.875	1.7869
583.0	1.8034
583.125	1.816
583.25	1.8317
583.375	1.8451
583.5	1.8584
583.625	1.8734
583.75	1.8852
583.875	1.8962
584.0	1.9095
584.125	1.919
584.25	1.9316
584.375	1.9441
584.5	1.9528
584.625	1.9606
584.75	1.9724
584.875	1.9834
585.0	1.9937
585.125	2.0031
585.25	2.011
585.375	2.0212
585.5	2.0322
585.625	2.0448
585.75	2.0558
585.875	2.0691
586.0	2.0809
586.125	2.0935
586.25	2.1061
586.375	2.1171
586.5	2.1344
586.625	2.1485
586.75	2.1635
586.875	2.18
587.0	2.1949
587.125	2.213
587.25	2.2295
587.375	2.2515
587.5	2.2688
587.625	2.2853
587.75	2.305
587.875	2.3238
588.0	2.3459
588.125	2.3647
588.25	2.3844
588.375	2.4048
588.5	2.4245
588.625	2.4449
588.75	2.463
588.875	2.4882
589.0	2.5086
589.125	2.5243
589.25	2.5424
589.375	2.566
589.5	2.5872
589.625	2.6029
589.75	2.6226
589.875	2.643
590.0	2.654
590.125	2.6698
590.25	2.6949
590.375	2.713
590.5	2.7287
590.625	2.7452
590.75	2.761
590.875	2.7751
591.0	2.7908
591.125	2.8066
591.25	2.8231
591.375	2.8349
591.5	2.8474
591.625	2.86
591.75	2.8687
591.875	2.8828
592.0	2.8899
592.125	2.9033
592.25	2.9135
592.375	2.9229
592.5	2.9308
592.625	2.9418
592.75	2.9544
592.875	2.9685
593.0	2.9772
593.125	2.9897
593.25	2.9976
593.375	3.0055
593.5	3.0204
593.625	3.029
593.75	3.04
593.875	3.0503
594.0	3.0628
594.125	3.0746
594.25	3.0833
594.375	3.0935
594.5	3.1045
594.625	3.1108
594.75	3.1226
594.875	3.1352
595.0	3.1438
595.125	3.1509
595.25	3.1643
595.375	3.1721
595.5	3.1808
595.625	3.191
595.75	3.2028
595.875	3.2138
596.0	3.2193
596.125	3.2303
596.25	3.2366
596.375	3.2476
596.5	3.2594
596.625	3.2657
596.75	3.268
596.875	3.3039
597.0	3.3172
597.125	3.3211
597.25	3.3306
597.375	3.3361
597.5	3.3439
597.625	3.3534
597.75	3.3589
597.875	3.3628
598.0	3.3675
598.125	3.3754
598.25	3.3801
598.375	3.384
598.5	3.3888
598.625	3.3895
598.75	3.3958
598.875	3.4029
599.0	3.4061
599.125	3.4092
599.25	3.4139
599.375	3.4171
599.5	3.4194
599.625	3.4202
599.75	3.4265
599.875	3.4265
600.0	3.4048
600.125	3.4312
600.25	3.4344
600.375	3.4359
600.5	3.4312
600.625	3.4336
600.75	3.4359
600.875	3.4367
601.0	3.4406
601.125	3.4383
601.25	3.4399
601.375	3.4438
601.5	3.4414
601.625	3.4461
601.75	3.4446
601.875	3.4454
602.0	3.4454
602.125	3.4454
602.25	3.4477
602.375	3.4477
602.5	3.4461
602.625	3.4501
602.75	3.4493
602.875	3.4501
603.0	3.4485
603.125	3.4501
603.25	3.4501
603.375	3.4548
603.5	3.4548
603.625	3.4548
603.75	3.4564
603.875	3.4556
604.0	3.4556
604.125	3.4548
604.25	3.4603
604.375	3.4634
604.5	3.4674
604.625	3.4705
604.75	3.4689
604.875	3.4721
605.0	3.4713
605.125	3.476
605.25	3.476
605.375	3.4784
605.5	3.4784
605.625	3.4807
605.75	3.4807
605.875	3.4831
606.0	3.4862
606.125	3.4847
606.25	3.4878
606.375	3.4925
606.5	3.4925
606.625	3.4957
606.75	3.4972
606.875	3.502
607.0	3.5004
607.125	3.5028
607.25	3.502
607.375	3.4988
607.5	3.5035
607.625	3.5028
607.75	3.5028
607.875	3.5059
608.0	3.5075
608.125	3.5035
608.25	3.5059
608.375	3.5035
608.5	3.5028
608.625	3.502
608.75	3.4988
608.875	3.5004
609.0	3.4988
609.125	3.4972
609.25	3.4933
609.375	3.4949
609.5	3.491
609.625	3.487
609.75	3.4878
609.875	3.4831
610.0	3.4815
610.125	3.4784
610.25	3.4729
610.375	3.4697
610.5	3.4666
610.625	3.4642
610.75	3.4595
610.875	3.4509
611.0	3.4469
611.125	3.443
611.25	3.4359
611.375	3.4048
611.5	3.4281
611.625	3.4257
611.75	3.4202
611.875	3.4108
612.0	3.4037
612.125	3.4006
612.25	3.3943
612.375	3.3872
612.5	3.3793
612.625	3.3754
612.75	3.3644
612.875	3.3605
613.0	3.3557
613.125	3.3487
613.25	3.3455
613.375	3.3337
613.5	3.3235
613.625	3.3243
613.75	3.3188
613.875	3.307
614.0	3.2735
614.125	3.2688
614.25	3.261
614.375	3.2539
614.5	3.2468
614.625	3.2366
614.75	3.2295
614.875	3.2216
615.0	3.213
615.125	3.2067
615.25	3.202
615.375	3.1894
615.5	3.1816
615.625	3.1745
615.75	3.1666
615.875	3.1611
616.0	3.1548
616.125	3.1438
616.25	3.1375
616.375	3.1312
616.5	3.1194
616.625	3.1155
616.75	3.1037
616.875	3.0974
617.0	3.0888
617.125	3.0833
617.25	3.0786
617.375	3.0707
617.5	3.0636
617.625	3.0581
617.75	3.0487
617.875	3.044
618.0	3.0385
618.125	3.0298
618.25	3.0235
618.375	3.0157
618.5	3.0078
618.625	3.0039
618.75	2.9929
618.875	2.9858
619.0	2.9779
619.125	2.9724
619.25	2.963
619.375	2.9591
619.5	2.9528
619.625	2.9488
619.75	2.9371
619.875	2.9316
620.0	2.9253
620.125	2.9166
620.25	2.908
620.375	2.9033
620.5	2.8985
620.625	2.8891
620.75	2.882
620.875	2.8757
621.0	2.8671
621.125	2.8577
621.25	2.8545
621.375	2.8474
621.5	2.8404
621.625	2.8317
621.75	2.8262
621.875	2.8152
622.0	2.8089
622.125	2.8026
622.25	2.7948
622.375	2.79
622.5	2.7783
622.625	2.772
622.75	2.7633
622.875	2.7555
623.0	2.7468
623.125	2.7437
623.25	2.735
623.375	2.7279
623.5	2.7232
623.625	2.7177
623.75	2.7051
623.875	2.7004
624.0	2.691
624.125	2.6886
624.25	2.68
624.375	2.6737
624.5	2.6658
624.625	2.658
624.75	2.6517
624.875	2.6422
625.0	2.6399
625.125	2.6336
625.25	2.6242
625.375	2.6163
625.5	2.6077
625.625	2.5998
625.75	2.5935
625.875	2.5841
626.0	2.5778
626.125	2.5746
626.25	2.5707
626.375	2.5636
626.5	2.5581
626.625	2.5503
626.75	2.5432
626.875	2.5369
627.0	2.5306
627.125	2.5235
627.25	2.5149
627.375	2.5102
627.5	2.5047
627.625	2.4968
627.75	2.4913
627.875	2.485
628.0	2.4724
628.125	2.4685
628.25	2.4606
628.375	2.4591
628.5	2.4504
628.625	2.4465
628.75	2.4347
628.875	2.4308
629.0	2.4237
629.125	2.415
629.25	2.4095
629.375	2.4009
629.5	2.3938
629.625	2.3899
629.75	2.382
629.875	2.3765
630.0	2.3687
630.125	2.3624
630.25	2.3561
630.375	2.3474
630.5	2.3411
630.625	2.3309
630.75	2.3238
630.875	2.3215
631.0	2.3136
631.125	2.305
631.25	2.2987
631.375	2.2924
631.5	2.2838
631.625	2.2759
631.75	2.2712
631.875	2.2657
632.0	2.2602
632.125	2.25
632.25	2.2421
632.375	2.2358
632.5	2.2311
632.625	2.2201
632.75	2.2154
632.875	2.2044
633.0	2.2004
633.125	2.1957
633.25	2.1886
633.375	2.1808
633.5	2.1745
633.625	2.1666
633.75	2.1588
633.875	2.154
634.0	2.1454
634.125	2.1399
634.25	2.132
634.375	2.1242
634.5	2.1202
634.625	2.1124
634.75	2.1014
634.875	2.0959
635.0	2.0911
635.125	2.0841
635.25	2.077
635.375	2.0699
635.5	2.0597
635.625	2.0534
635.75	2.0503
635.875	2.0432
636.0	2.0338
636.125	2.029
636.25	2.022
636.375	2.0141
636.5	2.0078
636.625	2.0023
636.75	1.9944
636.875	1.9905
637.0	1.9811
637.125	1.9732
637.25	1.9677
637.375	1.9614
637.5	1.9528
637.625	1.9481
637.75	1.941
637.875	1.9363
638.0	1.9268
638.125	1.9229
638.25	1.9119
638.375	1.9072
638.5	1.9009
638.625	1.8915
638.75	1.8875
638.875	1.8828
639.0	1.8742
639.125	1.8655
639.25	1.8592
639.375	1.8529
639.5	1.8466
639.625	1.8404
639.75	1.8317
639.875	1.827
640.0	1.8199
640.125	1.8097
640.25	1.8066
640.375	1.7987
640.5	1.7924
640.625	1.7853
640.75	1.7767
640.875	1.7743
641.0	1.7672
641.125	1.7625
641.25	1.7515
641.375	1.7468
641.5	1.7405
641.625	1.7342
641.75	1.7287
641.875	1.7216
642.0	1.7161
642.125	1.7083
642.25	1.7012
642.375	1.6957
642.5	1.6894
642.625	1.6855
642.75	1.6776
642.875	1.6721
643.0	1.6666
643.125	1.658
643.25	1.6517
643.375	1.6477
643.5	1.6415
643.625	1.6352
643.75	1.6273
643.875	1.621
644.0	1.6147
644.125	1.6084
644.25	1.6037
644.375	1.5951
644.5	1.5888
644.625	1.5833
644.75	1.5762
644.875	1.5707
645.0	1.5644
645.125	1.5566
645.25	1.5518
645.375	1.5463
645.5	1.54
645.625	1.5353
645.75	1.5322
645.875	1.5235
646.0	1.518
646.125	1.5102
646.25	1.5047
646.375	1.5007
646.5	1.4937
646.625	1.4882
646.75	1.4827
646.875	1.4748
647.0	1.4701
647.125	1.4646
647.25	1.4575
647.375	1.4528
647.5	1.4481
647.625	1.4426
647.75	1.4363
647.875	1.43
648.0	1.4245
648.125	1.419
648.25	1.4135
648.375	1.4088
648.5	1.4017
648.625	1.3977
648.75	1.3915
648.875	1.3844
649.0	1.3805
649.125	1.3734
649.25	1.371
649.375	1.3632
649.5	1.3584
649.625	1.3522
649.75	1.3466
649.875	1.3404
650.0	1.3349
650.125	1.3317
650.25	1.3254
650.375	1.3207
650.5	1.3152
650.625	1.3105
650.75	1.3034
650.875	1.2979
651.0	1.2932
651.125	1.2877
651.25	1.283
651.375	1.2775
651.5	1.2743
651.625	1.2672
651.75	1.2625
651.875	1.257
652.0	1.25
652.125	1.246
652.25	1.2429
652.375	1.235
652.5	1.2303
652.625	1.224
652.75	1.2177
652.875	1.2146
653.0	1.2059
653.125	1.2036
653.25	1.1981
653.375	1.1933
653.5	1.1871
653.625	1.1831
653.75	1.1792
653.875	1.1729
654.0	1.1674
654.125	1.1666
654.25	1.1572
654.375	1.1556
654.5	1.1485
654.625	1.1446
654.75	1.1375
654.875	1.132
655.0	1.1289
655.125	1.1273
655.25	1.1194
655.375	1.1155
655.5	1.1139
655.625	1.1069
655.75	1.0998
655.875	1.0966
656.0	1.0927
656.125	1.088
656.25	1.0825
656.375	1.0778
656.5	1.0715
656.625	1.066
656.75	1.0621
656.875	1.0605
657.0	1.0534
657.125	1.0511
657.25	1.0455
657.375	1.04
657.5	1.0353
657.625	1.0322
657.75	1.0283
657.875	1.0235
658.0	1.0188
658.125	1.0133
658.25	1.0078
658.375	1.0047
658.5	1.0
658.625	0.9944
658.75	0.9897
658.875	0.985
659.0	0.9819
659.125	0.9764
659.25	0.9724
659.375	0.9677
659.5	0.9646
659.625	0.9622
659.75	0.9551
659.875	0.9496
660.0	0.9465
660.125	0.9418
660.25	0.9386
660.375	0.9339
660.5	0.9292
660.625	0.9261
660.75	0.9198
660.875	0.915
661.0	0.9119
661.125	0.908
661.25	0.9033
661.375	0.8977
661.5	0.8962
661.625	0.8915
661.75	0.8867
661.875	0.8828
662.0	0.8781
662.125	0.875
662.25	0.8694
662.375	0.8671
662.5	0.8632
662.625	0.8569
662.75	0.8537
662.875	0.8506
663.0	0.8451
663.125	0.8396
663.25	0.838
663.375	0.8325
663.5	0.8301
663.625	0.8254
663.75	0.8223
663.875	0.8176
664.0	0.8136
664.125	0.8105
664.25	0.8066
664.375	0.8042
664.5	0.7995
664.625	0.7948
664.75	0.79
664.875	0.7877
665.0	0.7814
665.125	0.7783
665.25	0.7743
665.375	0.772
665.5	0.768
665.625	0.7641
665.75	0.7602
665.875	0.7555
666.0	0.7547
666.125	0.7515
666.25	0.746
666.375	0.7452
666.5	0.7405
666.625	0.7358
666.75	0.7319
666.875	0.7287
667.0	0.7264
667.125	0.7216
667.25	0.7201
667.375	0.7146
667.5	0.7122
667.625	0.7099
667.75	0.7051
667.875	0.7044
668.0	0.7004
668.125	0.6965
668.25	0.6926
668.375	0.6886
668.5	0.6839
668.625	0.6823
668.75	0.6792
668.875	0.6745
669.0	0.6737
669.125	0.6705
669.25	0.6658
669.375	0.6635
669.5	0.6603
669.625	0.658
669.75	0.654
669.875	0.6525
670.0	0.6509
670.125	0.6462
670.25	0.6415
670.375	0.6399
670.5	0.6367
670.625	0.632
670.75	0.6312
670.875	0.6281
671.0	0.625
671.125	0.6226
671.25	0.6179
671.375	0.6171
671.5	0.6139
671.625	0.6132
671.75	0.6084
671.875	0.6069
672.0	0.6037
672.125	0.6006
672.25	0.5974
672.375	0.5943
672.5	0.5927
672.625	0.5896
672.75	0.5856
672.875	0.5849
673.0	0.5833
673.125	0.5778
673.25	0.5754
673.375	0.5715
673.5	0.5707
673.625	0.5683
673.75	0.566
673.875	0.5613
674.0	0.5581
674.125	0.5558
674.25	0.5518
674.375	0.5511
674.5	0.5471
674.625	0.5463
674.75	0.5424
674.875	0.5393
675.0	0.5353
675.125	0.5369
675.25	0.5306
675.375	0.5283
675.5	0.5283
675.625	0.5251
675.75	0.5212
675.875	0.518
676.0	0.5188
676.125	0.5141
676.25	0.511
676.375	0.507
676.5	0.5047
676.625	0.5047
676.75	0.5
676.875	0.5
677.0	0.4952
677.125	0.4937
677.25	0.4905
677.375	0.4889
677.5	0.4842
677.625	0.4819
677.75	0.4787
677.875	0.4772
678.0	0.4756
678.125	0.4716
678.25	0.4701
678.375	0.4685
678.5	0.4669
678.625	0.4622
678.75	0.4622
678.875	0.4591
679.0	0.4575
679.125	0.4575
679.25	0.4528
679.375	0.4528
679.5	0.4504
679.625	0.4481
679.75	0.4465
679.875	0.4433
680.0	0.4433
680.125	0.441
680.25	0.4386
680.375	0.4378
680.5	0.4347
680.625	0.4339
680.75	0.43
680.875	0.4292
681.0	0.4284
681.125	0.4253
681.25	0.4245
681.375	0.4221
681.5	0.4213
681.625	0.4198
681.75	0.415
681.875	0.415
682.0	0.415
682.125	0.4111
682.25	0.4103
682.375	0.4095
682.5	0.4056
682.625	0.4048
682.75	0.404
682.875	0.4009
683.0	0.4001
683.125	0.397
683.25	0.3946
683.375	0.3962
683.5	0.3915
683.625	0.3915
683.75	0.3867
683.875	0.386
684.0	0.3867
684.125	0.3836
684.25	0.382
684.375	0.3812
684.5	0.3773
684.625	0.3773
684.75	0.3742
684.875	0.3726
685.0	0.3726
685.125	0.3694
685.25	0.3679
685.375	0.3671
685.5	0.3647
685.625	0.3632
685.75	0.3632
685.875	0.3592
686.0	0.3584
686.125	0.3577
686.25	0.3537
686.375	0.3537
686.5	0.3514
686.625	0.3498
686.75	0.3482
686.875	0.3466
687.0	0.3451
687.125	0.3443
687.25	0.3419
687.375	0.3427
687.5	0.3396
687.625	0.3388
687.75	0.3349
687.875	0.3349
688.0	0.3341
688.125	0.3301
688.25	0.3301
688.375	0.3286
688.5	0.3254
688.625	0.3254
688.75	0.3246
688.875	0.3207
689.0	0.3199
689.125	0.3191
689.25	0.3176
689.375	0.3144
689.5	0.3136
689.625	0.3113
689.75	0.3113
689.875	0.3105
690.0	0.3066
690.125	0.3066
690.25	0.3042
690.375	0.3026
690.5	0.3018
690.625	0.3003
690.75	0.3003
690.875	0.2971
691.0	0.2955
691.125	0.294
691.25	0.2924
691.375	0.2924
691.5	0.2908
691.625	0.2908
691.75	0.2877
691.875	0.2869
692.0	0.2861
692.125	0.283
692.25	0.2814
692.375	0.2798
692.5	0.2783
692.625	0.2783
692.75	0.2767
692.875	0.2735
693.0	0.2727
693.125	0.2735
693.25	0.2688
693.375	0.2704
693.5	0.2688
693.625	0.2657
693.75	0.2641
693.875	0.2641
694.0	0.2633
694.125	0.261
694.25	0.2594
694.375	0.2586
694.5	0.2578
694.625	0.2547
694.75	0.2547
694.875	0.2547
695.0	0.2539
695.125	0.25
695.25	0.25
695.375	0.2468
695.5	0.2468
695.625	0.2452
695.75	0.2452
695.875	0.2421
696.0	0.2429
696.125	0.2413
696.25	0.2405
696.375	0.2405
696.5	0.2358
696.625	0.235
696.75	0.235
696.875	0.2334
697.0	0.2327
697.125	0.2311
697.25	0.2295
697.375	0.2279
697.5	0.2264
697.625	0.2264
697.75	0.2248
697.875	0.2248
698.0	0.2224
698.125	0.2216
698.25	0.2216
698.375	0.2193
698.5	0.2169
698.625	0.2169
698.75	0.2169
698.875	0.2169
699.0	0.213
699.125	0.2122
699.25	0.2122
699.375	0.2122
699.5	0.2106
699.625	0.2075
699.75	0.2075
699.875	0.2075
700.0	0.2044
700.125	0.2044
700.25	0.2036
700.375	0.2028
700.5	0.2028
700.625	0.2004
700.75	0.1988
700.875	0.1973
701.0	0.1981
701.125	0.1965
701.25	0.1957
701.375	0.1949
701.5	0.1933
701.625	0.1933
701.75	0.1926
701.875	0.191
702.0	0.191
702.125	0.1902
702.25	0.1886
702.375	0.1871
702.5	0.1871
702.625	0.1855
702.75	0.1839
702.875	0.1839
703.0	0.1823
703.125	0.1792
703.25	0.1792
703.375	0.18
703.5	0.1792
703.625	0.1792
703.75	0.1776
703.875	0.1776
704.0	0.1745
704.125	0.1753
704.25	0.1745
704.375	0.1721
704.5	0.1705
704.625	0.1698
704.75	0.1698
704.875	0.1698
705.0	0.1674
705.125	0.1682
705.25	0.1674
705.375	0.165
705.5	0.165
705.625	0.1643
705.75	0.1627
705.875	0.1611
706.0	0.1603
706.125	0.1603
706.25	0.1603
706.375	0.1595
706.5	0.1556
706.625	0.1556
706.75	0.1556
706.875	0.1556
707.0	0.1556
707.125	0.1556
707.25	0.1533
707.375	0.1517
707.5	0.1517
707.625	0.1509
707.75	0.1509
707.875	0.1509
708.0	0.1501
708.125	0.1485
708.25	0.147
708.375	0.1485
708.5	0.1462
708.625	0.1462
708.75	0.1454
708.875	0.1438
709.0	0.1415
709.125	0.1415
709.25	0.1415
709.375	0.1415
709.5	0.1415
709.625	0.1415
709.75	0.1407
709.875	0.1375
710.0	0.1367
710.125	0.1367
710.25	0.1367
710.375	0.1367
710.5	0.1367
710.625	0.1328
710.75	0.132
710.875	0.132
711.0	0.132
711.125	0.132
711.25	0.132
711.375	0.1305
711.5	0.1289
711.625	0.1305
711.75	0.1297
711.875	0.1273
712.0	0.1281
712.125	0.1273
712.25	0.1265
712.375	0.1257
712.5	0.1265
712.625	0.1226
712.75	0.1234
712.875	0.1226
713.0	0.1226
713.125	0.1226
713.25	0.1202
713.375	0.121
713.5	0.1187
713.625	0.1194
713.75	0.1202
713.875	0.1179
714.0	0.1179
714.125	0.1179
714.25	0.1179
714.375	0.1163
714.5	0.1139
714.625	0.1132
714.75	0.1132
714.875	0.1132
715.0	0.1132
715.125	0.1132
715.25	0.1116
715.375	0.1132
715.5	0.1124
715.625	0.1092
715.75	0.11
715.875	0.1084
716.0	0.1084
716.125	0.1084
716.25	0.1084
716.375	0.1084
716.5	0.1084
716.625	0.1061
716.75	0.1053
716.875	0.1045
717.0	0.1037
717.125	0.1037
717.25	0.1029
717.375	0.1037
717.5	0.1037
717.625	0.1022
717.75	0.1022
717.875	0.1029
718.0	0.1014
718.125	0.099
718.25	0.0998
718.375	0.099
718.5	0.099
718.625	0.099
718.75	0.0974
718.875	0.0943
719.0	0.0951
719.125	0.0966
719.25	0.0959
719.375	0.0943
719.5	0.0943
719.625	0.0943
719.75	0.0943
719.875	0.0943
720.0	0.0943
720.125	0.0935
720.25	0.0911
720.375	0.0904
720.5	0.0911
720.625	0.0896
720.75	0.0896
720.875	0.0896
721.0	0.0896
721.125	0.0896
721.25	0.0896
721.375	0.0872
721.5	0.0872
721.625	0.0856
721.75	0.0849
721.875	0.0849
722.0	0.0849
722.125	0.0864
722.25	0.0849
722.375	0.0849
722.5	0.0849
722.625	0.0833
722.75	0.0833
722.875	0.0809
723.0	0.0833
723.125	0.0801
723.25	0.0801
723.375	0.0801
723.5	0.0801
723.625	0.0801
723.75	0.0778
723.875	0.0801
724.0	0.0786
724.125	0.0786
724.25	0.0778
724.375	0.0754
724.5	0.0754
724.625	0.0754
724.75	0.0754
724.875	0.0754
725.0	0.0754
725.125	0.0723
725.25	0.0731
725.375	0.0723
725.5	0.0723
725.625	0.0707
725.75	0.0731
725.875	0.0707
726.0	0.0707
726.125	0.0707
726.25	0.0707
726.375	0.0699
726.5	0.0707
726.625	0.0668
726.75	0.066
726.875	0.066
727.0	0.066
727.125	0.066
727.25	0.066
727.375	0.066
727.5	0.066
727.625	0.066
727.75	0.0636
727.875	0.0644
728.0	0.0628
728.125	0.0621
728.25	0.0613
728.375	0.0621
728.5	0.0613
728.625	0.0613
728.75	0.0613
728.875	0.0613
729.0	0.0589
729.125	0.0597
729.25	0.0566
729.375	0.0566
729.5	0.0573
729.625	0.0566
729.75	0.0566
729.875	0.0566
730.0	0.0566
730.125	0.0566
730.25	0.0566
730.375	0.055
730.5	0.0566
730.625	0.055
730.75	0.0542
730.875	0.0518
731.0	0.0526
731.125	0.0518
731.25	0.0542
731.375	0.0518
731.5	0.0518
731.625	0.0518
731.75	0.0518
731.875	0.0518
732.0	0.0518
732.125	0.0518
732.25	0.0518
732.375	0.0503
732.5	0.0503
732.625	0.0511
732.75	0.0503
732.875	0.0487
733.0	0.0495
733.125	0.0479
733.25	0.0471
733.375	0.0495
733.5	0.0503
733.625	0.0479
733.75	0.0471
733.875	0.0471
734.0	0.0471
734.125	0.0471
734.25	0.0471
734.375	0.0479
734.5	0.0471
734.625	0.0471
734.75	0.0471
734.875	0.0471
735.0	0.0471
735.125	0.0471
735.25	0.0455
735.375	0.0471
735.5	0.0471
735.625	0.0471
735.75	0.0448
735.875	0.0471
736.0	0.0471
736.125	0.0463
736.25	0.044
736.375	0.044
736.5	0.0448
736.625	0.0463
736.75	0.0432
736.875	0.0455
737.0	0.0455
737.125	0.0448
737.25	0.0455
737.375	0.0448
737.5	0.044
737.625	0.0455
737.75	0.044
737.875	0.0455
738.0	0.0448
738.125	0.044
738.25	0.044
738.375	0.044
738.5	0.044
738.625	0.0448
738.75	0.0424
738.875	0.0432
739.0	0.0424
739.125	0.044
739.25	0.0424
739.375	0.0424
739.5	0.0424
739.625	0.0424
739.75	0.0424
739.875	0.0424
740.0	0.0424
740.125	0.0424
740.25	0.0424
740.375	0.0424
740.5	0.0424
740.625	0.0424
740.75	0.0424
740.875	0.0424
741.0	0.0424
741.125	0.0424
741.25	0.0416
741.375	0.0424
741.5	0.0424
741.625	0.0424
741.75	0.0416
741.875	0.0424
742.0	0.0424
742.125	0.0408
742.25	0.04
742.375	0.0393
742.5	0.0393
742.625	0.0393
742.75	0.0377
742.875	0.0377
743.0	0.0393
743.125	0.0377
743.25	0.0377
743.375	0.0377
743.5	0.0385
743.625	0.0377
743.75	0.0377
743.875	0.0377
744.0	0.0385
744.125	0.0377
744.25	0.0385
744.375	0.0377
744.5	0.0377
744.625	0.0377
744.75	0.0393
744.875	0.0377
745.0	0.0385
745.125	0.0377
745.25	0.0377
745.375	0.0377
745.5	0.0393
745.625	0.0377
745.75	0.0377
745.875	0.0377
746.0	0.0377
746.125	0.0377
746.25	0.0377
746.375	0.0385
746.5	0.0377
746.625	0.0377
746.75	0.0377
746.875	0.0377
747.0	0.0377
747.125	0.0377
747.25	0.0377
747.375	0.0377
747.5	0.0377
747.625	0.0377
747.75	0.0377
747.875	0.0377
748.0	0.0377
748.125	0.0377
748.25	0.0377
748.375	0.0377
748.5	0.0377
748.625	0.0369
748.75	0.0377
748.875	0.0377
749.0	0.0377
749.125	0.0377
749.25	0.0377
749.375	0.0361
749.5	0.0377
749.625	0.0377
749.75	0.0377
749.875	0.0377
750.0	0.0369
750.125	0.0377
750.25	0.0361
750.375	0.0377
750.5	0.0361
750.625	0.0377
750.75	0.0377
750.875	0.0353
751.0	0.0377
751.125	0.0369
751.25	0.0361
751.375	0.0369
751.5	0.0377
751.625	0.0369
751.75	0.0361
751.875	0.0361
752.0	0.0377
752.125	0.0377
752.25	0.0369
752.375	0.0369
752.5	0.0361
752.625	0.0369
752.75	0.0361
752.875	0.0369
753.0	0.0369
753.125	0.0361
753.25	0.0361
753.375	0.0369
753.5	0.0353
753.625	0.0353
753.75	0.0377
753.875	0.0369
754.0	0.0369
754.125	0.0369
754.25	0.0361
754.375	0.0345
754.5	0.0361
754.625	0.0345
754.75	0.0345
754.875	0.0361
755.0	0.0353
755.125	0.0361
755.25	0.0338
755.375	0.0353
755.5	0.0369
755.625	0.0345
755.75	0.0353
755.875	0.0345
756.0	0.0353
756.125	0.0345
756.25	0.033
756.375	0.033
756.5	0.033
756.625	0.033
756.75	0.0338
756.875	0.033
757.0	0.0338
757.125	0.033
757.25	0.0338
757.375	0.033
757.5	0.0338
757.625	0.033
757.75	0.0338
757.875	0.033
758.0	0.033
758.125	0.033
758.25	0.033
758.375	0.033
758.5	0.033
758.625	0.033
758.75	0.033
758.875	0.033
759.0	0.033
759.125	0.033
759.25	0.033
759.375	0.033
759.5	0.033
759.625	0.033
759.75	0.033
759.875	0.033
760.0	0.033
760.125	0.033
760.25	0.033
760.375	0.033
760.5	0.033
760.625	0.033
760.75	0.033
760.875	0.033
761.0	0.033
761.125	0.0338
761.25	0.033
761.375	0.033
761.5	0.033
761.625	0.033
761.75	0.033
761.875	0.033
762.0	0.033
762.125	0.033
762.25	0.033
762.375	0.033
762.5	0.033
762.625	0.033
762.75	0.033
762.875	0.033
763.0	0.0322
763.125	0.033
763.25	0.033
763.375	0.033
763.5	0.033
763.625	0.033
763.75	0.0322
763.875	0.033
764.0	0.033
764.125	0.0314
764.25	0.033
764.375	0.0322
764.5	0.033
764.625	0.0322
764.75	0.033
764.875	0.033
765.0	0.033
765.125	0.033
765.25	0.033
765.375	0.0322
765.5	0.033
765.625	0.033
765.75	0.033
765.875	0.0322
766.0	0.0314
766.125	0.0306
766.25	0.033
766.375	0.0322
766.5	0.033
766.625	0.0314
766.75	0.033
766.875	0.029
767.0	0.033
767.125	0.0298
767.25	0.0314
767.375	0.0314
767.5	0.0298
767.625	0.0314
767.75	0.0314
767.875	0.0298
768.0	0.029
768.125	0.0298
768.25	0.0298
768.375	0.0314
768.5	0.0283
768.625	0.029
768.75	0.0322
768.875	0.0322
769.0	0.0314
769.125	0.0314
769.25	0.0306
769.375	0.0298
769.5	0.0298
769.625	0.0283
769.75	0.029
769.875	0.0283
770.0	0.029
770.125	0.029
770.25	0.0283
770.375	0.0283
770.5	0.0283
770.625	0.0283
770.75	0.0306
770.875	0.0283
771.0	0.0283
771.125	0.0283
771.25	0.029
771.375	0.0298
771.5	0.029
771.625	0.029
771.75	0.0283
771.875	0.029
772.0	0.0283
772.125	0.0283
772.25	0.0298
772.375	0.0283
772.5	0.0283
772.625	0.0298
772.75	0.0283
772.875	0.0283
773.0	0.0298
773.125	0.029
773.25	0.0283
773.375	0.0283
773.5	0.029
773.625	0.0283
773.75	0.029
773.875	0.0283
774.0	0.0283
774.125	0.0283
774.25	0.0283
774.375	0.0283
774.5	0.0283
774.625	0.029
774.75	0.0283
774.875	0.0283
775.0	0.0283
775.125	0.0283
775.25	0.0306
775.375	0.0283
775.5	0.0283
775.625	0.0283
775.75	0.0283
775.875	0.0283
776.0	0.0283
776.125	0.029
776.25	0.0283
776.375	0.0283
776.5	0.0283
776.625	0.0283
776.75	0.0283
776.875	0.0283
777.0	0.0283
777.125	0.0283
777.25	0.0275
777.375	0.029
777.5	0.0283
777.625	0.0283
777.75	0.0283
777.875	0.0283
778.0	0.0283
778.125	0.0283
778.25	0.0283
778.375	0.0283
778.5	0.0283
778.625	0.0259
778.75	0.0283
778.875	0.0283
779.0	0.0283
779.125	0.0283
779.25	0.0275
779.375	0.0283
779.5	0.0267
779.625	0.0283
779.75	0.0267
779.875	0.0283
780.0	0.0283
780.125	0.0275
780.25	0.0283
780.375	0.0267
780.5	0.0283
780.625	0.0267
780.75	0.0283
780.875	0.0283
781.0	0.0283
781.125	0.0283
781.25	0.0283
781.375	0.0259
781.5	0.0275
781.625	0.0283
781.75	0.0259
781.875	0.0283
782.0	0.0283
782.125	0.0283
782.25	0.0283
782.375	0.0283
782.5	0.0283
782.625	0.0275
782.75	0.0283
782.875	0.0275
783.0	0.0283
783.125	0.0267
783.25	0.0275
783.375	0.0275
783.5	0.0267
783.625	0.0283
783.75	0.0267
783.875	0.0259
784.0	0.0275
784.125	0.0283
784.25	0.0267
784.375	0.0283
784.5	0.0267
784.625	0.0275
784.75	0.0275
784.875	0.0259
785.0	0.0259
785.125	0.0259
785.25	0.0243
785.375	0.0283
785.5	0.0275
785.625	0.0259
785.75	0.0275
785.875	0.0275
786.0	0.0267
786.125	0.0283
786.25	0.0267
786.375	0.0267
786.5	0.0267
786.625	0.0275
786.75	0.0283
786.875	0.0283
787.0	0.0283
787.125	0.0259
787.25	0.0275
787.375	0.0259
787.5	0.0259
787.625	0.0259
787.75	0.0283
787.875	0.0283
788.0	0.0251
788.125	0.0283
788.25	0.0267
788.375	0.0283
788.5	0.0283
788.625	0.0283
788.75	0.0275
788.875	0.0283
789.0	0.0283
789.125	0.0267
789.25	0.0259
789.375	0.0267
789.5	0.0283
789.625	0.0283
789.75	0.0259
789.875	0.0275
790.0	0.0275
790.125	0.0267
790.25	0.0283
790.375	0.0283
790.5	0.0251
790.625	0.0275
790.75	0.0267
790.875	0.0259
791.0	0.0283
791.125	0.0251
791.25	0.0267
791.375	0.0267
791.5	0.0259
791.625	0.0267
791.75	0.0251
791.875	0.0251
792.0	0.0259
792.125	0.0275
792.25	0.0259
792.375	0.0283
792.5	0.0275
792.625	0.0283
792.75	0.0267
792.875	0.0259
793.0	0.0283
793.125	0.0251
793.25	0.0283
793.375	0.0275
793.5	0.0283
793.625	0.0259
793.75	0.0251
793.875	0.0259
794.0	0.0275
794.125	0.0267
794.25	0.0251
794.375	0.0251
794.5	0.0251
794.625	0.0267
794.75	0.0275
794.875	0.0259
795.0	0.0267
795.125	0.0275
795.25	0.0283
795.375	0.0267
795.5	0.0251
795.625	0.0283
795.75	0.0267
795.875	0.0251
796.0	0.0283
796.125	0.0267
796.25	0.0267
796.375	0.0275
796.5	0.0283
796.625	0.0251
796.75	0.0267
796.875	0.0275
797.0	0.0275
797.125	0.0243
797.25	0.0259
797.375	0.0267
797.5	0.0267
797.625	0.0283
797.75	0.0259
797.875	0.0251
798.0	0.0267
798.125	0.0251
798.25	0.0259
798.375	0.0259
798.5	0.0283
798.625	0.0283
798.75	0.0267
798.875	0.0267
799.0	0.0251
799.125	0.0251
799.25	0.0251
799.375	0.0275
799.5	0.0243
799.625	0.0283
799.75	0.0259
799.875	0.0267
800.0	0.0275
800.125	0.0251
800.25	0.0259
800.375	0.0251
800.5	0.0259
800.625	0.0243
800.75	0.0283
800.875	0.0267
801.0	0.0275
801.125	0.0267
801.25	0.0267
801.375	0.0243
801.5	0.0267
801.625	0.0259
801.75	0.0267
801.875	0.0243
802.0	0.0275
802.125	0.0259
802.25	0.0275
802.375	0.0275
802.5	0.0251
802.625	0.0243
802.75	0.0259
802.875	0.0235
803.0	0.0283
803.125	0.0259
803.25	0.0259
803.375	0.0267
803.5	0.0275
803.625	0.0283
803.75	0.0259
803.875	0.0267
804.0	0.0267
804.125	0.0251
804.25	0.0243
804.375	0.0267
804.5	0.0251
804.625	0.0267
804.75	0.0283
804.875	0.0275
805.0	0.0283
805.125	0.0259
805.25	0.0267
805.375	0.0267
805.5	0.0251
805.625	0.0267
805.75	0.0275
805.875	0.0259
806.0	0.0267
806.125	0.0243
806.25	0.0259
806.375	0.0275
806.5	0.0251
806.625	0.0251
806.75	0.0275
806.875	0.0267
807.0	0.0243
807.125	0.0243
807.25	0.0235
807.375	0.0267
807.5	0.0251
807.625	0.0235
807.75	0.0283
807.875	0.0259
808.0	0.0283
808.125	0.0259
808.25	0.0251
808.375	0.0283
808.5	0.0251
808.625	0.0267
808.75	0.0283
808.875	0.0275
809.0	0.0251
809.125	0.0275
809.25	0.0259
809.375	0.0275
809.5	0.0251
809.625	0.0267
809.75	0.0283
809.875	0.0251
810.0	0.0283
810.125	0.0267
810.25	0.0267
810.375	0.0275
810.5	0.0275
810.625	0.0251
810.75	0.0251
810.875	0.0267
811.0	0.0275
811.125	0.0283
811.25	0.0267
811.375	0.0275
811.5	0.0275
811.625	0.0275
811.75	0.0275
811.875	0.0251
812.0	0.0283
812.125	0.0283
812.25	0.0275
812.375	0.0283
812.5	0.0259
812.625	0.0283
812.75	0.0275
812.875	0.0283
813.0	0.0275
813.125	0.0267
813.25	0.0275
813.375	0.0275
813.5	0.0283
813.625	0.0275
813.75	0.0283
813.875	0.0283
814.0	0.0275
814.125	0.0283
814.25	0.0275
814.375	0.0283
814.5	0.0283
814.625	0.0275
814.75	0.0267
814.875	0.0275
815.0	0.0275
815.125	0.0275
815.25	0.0267
815.375	0.0283
815.5	0.0283
815.625	0.0283
815.75	0.0267
815.875	0.0275
816.0	0.0267
816.125	0.0283
816.25	0.029
816.375	0.0275
816.5	0.0283
816.625	0.0267
816.75	0.0275
816.875	0.0283
817.0	0.0283
817.125	0.0267
817.25	0.0283
817.375	0.0283
817.5	0.0283
817.625	0.0283
817.75	0.0275
817.875	0.029
818.0	0.029
818.125	0.0283
818.25	0.0275
818.375	0.0283
818.5	0.0283
818.625	0.0283
818.75	0.0283
818.875	0.0283
819.0	0.0283
819.125	0.0283
819.25	0.0283
819.375	0.0283
819.5	0.029
819.625	0.029
819.75	0.029
819.875	0.0283
820.0	0.0283
820.125	0.0283
820.25	0.0283
820.375	0.029
820.5	0.0283
820.625	0.0283
820.75	0.0283
820.875	0.0283
821.0	0.0283
821.125	0.0283
821.25	0.0283
821.375	0.0298
821.5	0.0283
821.625	0.0283
821.75	0.0275
821.875	0.0314
822.0	0.0283
822.125	0.0298
822.25	0.029
822.375	0.0283
822.5	0.0283
822.625	0.029
822.75	0.0283
822.875	0.0283
823.0	0.0298
823.125	0.029
823.25	0.029
823.375	0.0283
823.5	0.029
823.625	0.0306
823.75	0.0283
823.875	0.0283
824.0	0.0298
824.125	0.0314
824.25	0.0298
824.375	0.0298
824.5	0.029
824.625	0.0306
824.75	0.0314
824.875	0.033
825.0	0.0314
825.125	0.0322
825.25	0.0306
825.375	0.033
825.5	0.0322
825.625	0.033
825.75	0.0306
825.875	0.0322
826.0	0.0322
826.125	0.033
826.25	0.033
826.375	0.0314
826.5	0.0322
826.625	0.0314
826.75	0.033
826.875	0.033
827.0	0.033
827.125	0.033
827.25	0.033
827.375	0.033
827.5	0.033
827.625	0.0322
827.75	0.0322
827.875	0.033
828.0	0.033
828.125	0.033
828.25	0.033
828.375	0.033
828.5	0.033
828.625	0.033
828.75	0.0322
828.875	0.033
829.0	0.033
829.125	0.033
829.25	0.033
829.375	0.033
829.5	0.033
829.625	0.033
829.75	0.033
829.875	0.0338
830.0	0.033
830.125	0.033
830.25	0.033
830.375	0.033
830.5	0.033
830.625	0.0338
830.75	0.0338
830.875	0.0345
831.0	0.033
831.125	0.0345
831.25	0.033
831.375	0.033
831.5	0.0345
831.625	0.0353
831.75	0.0338
831.875	0.033
832.0	0.0338
832.125	0.0338
832.25	0.0338
832.375	0.0338
832.5	0.0345
832.625	0.0361
832.75	0.0369
832.875	0.0361
833.0	0.0353
833.125	0.0377
833.25	0.0353
833.375	0.0361
833.5	0.0353
833.625	0.0377
833.75	0.0377
833.875	0.0377
834.0	0.0369
834.125	0.0377
834.25	0.0377
834.375	0.0369
834.5	0.0377
834.625	0.0369
834.75	0.0377
834.875	0.0377
835.0	0.0361
835.125	0.0377
835.25	0.0361
835.375	0.0377
835.5	0.0377
835.625	0.0377
835.75	0.0377
835.875	0.0377
836.0	0.0385
836.125	0.0377
836.25	0.0377
836.375	0.0377
836.5	0.0385
836.625	0.0393
836.75	0.0377
836.875	0.0377
837.0	0.0385
837.125	0.0377
837.25	0.0377
837.375	0.0385
837.5	0.0393
837.625	0.0377
837.75	0.0377
837.875	0.0385
838.0	0.0385
838.125	0.0377
838.25	0.04
838.375	0.0408
838.5	0.0385
838.625	0.04
838.75	0.0416
838.875	0.0416
839.0	0.0424
839.125	0.0424
839.25	0.0408
839.375	0.0424
839.5	0.0424
839.625	0.0416
839.75	0.0416
839.875	0.0424
840.0	0.0424
840.125	0.0424
840.25	0.0424
840.375	0.0424
840.5	0.0424
840.625	0.0424
840.75	0.0408
840.875	0.0424
841.0	0.0424
841.125	0.0424
841.25	0.0424
841.375	0.0424
841.5	0.044
841.625	0.0424
841.75	0.0432
841.875	0.0424
842.0	0.0432
842.125	0.0424
842.25	0.0463
842.375	0.0455
842.5	0.0432
842.625	0.0455
842.75	0.0463
842.875	0.0455
843.0	0.0455
843.125	0.0455
843.25	0.0455
843.375	0.0455
843.5	0.0463
843.625	0.0471
843.75	0.0455
843.875	0.0463
844.0	0.0463
844.125	0.0463
844.25	0.0455
844.375	0.0471
844.5	0.0471
844.625	0.0471
844.75	0.0479
844.875	0.0471
845.0	0.0471
845.125	0.0471
845.25	0.0471
845.375	0.0471
845.5	0.0471
845.625	0.0471
845.75	0.0471
845.875	0.0471
846.0	0.0471
846.125	0.0471
846.25	0.0479
846.375	0.0471
846.5	0.0471
846.625	0.0487
846.75	0.0495
846.875	0.0487
847.0	0.0487
847.125	0.0511
847.25	0.0511
847.375	0.0518
847.5	0.0518
847.625	0.0518
847.75	0.0518
847.875	0.0518
848.0	0.0511
848.125	0.0518
848.25	0.0511
848.375	0.0526
848.5	0.0518
848.625	0.0526
848.75	0.0526
848.875	0.0518
849.0	0.0534
849.125	0.0518
849.25	0.0526
849.375	0.0526
849.5	0.0542
849.625	0.0558
849.75	0.0518
849.875	0.0534
850.0	0.0542
850.125	0.0518
850.25	0.0534
850.375	0.0534
850.5	0.0534
850.625	0.0566
850.75	0.0558
850.875	0.0558
851.0	0.0566
851.125	0.0566
851.25	0.0566
851.375	0.0566
851.5	0.0566
851.625	0.0566
851.75	0.0558
851.875	0.0566
852.0	0.0566
852.125	0.0581
852.25	0.0566
852.375	0.0566
852.5	0.0573
852.625	0.0581
852.75	0.0573
852.875	0.0566
853.0	0.0566
853.125	0.0566
853.25	0.0573
853.375	0.0566
853.5	0.0581
853.625	0.0566
853.75	0.0573
853.875	0.0573
854.0	0.0589
854.125	0.0566
854.25	0.0597
854.375	0.0613
854.5	0.0589
854.625	0.0589
854.75	0.0613
854.875	0.0613
855.0	0.0613
855.125	0.0613
855.25	0.0613
855.375	0.0605
855.5	0.0613
855.625	0.0613
855.75	0.0613
855.875	0.0613
856.0	0.0613
856.125	0.0613
856.25	0.0613
856.375	0.0613
856.5	0.0613
856.625	0.0613
856.75	0.0613
856.875	0.0621
857.0	0.0652
857.125	0.0613
857.25	0.0636
857.375	0.0644
857.5	0.0628
857.625	0.0636
857.75	0.0636
857.875	0.066
858.0	0.066
858.125	0.066
858.25	0.066
858.375	0.0652
858.5	0.066
858.625	0.066
858.75	0.066
858.875	0.0668
859.0	0.0668
859.125	0.0668
859.25	0.0668
859.375	0.0683
859.5	0.0668
859.625	0.0683
859.75	0.0683
859.875	0.0676
860.0	0.0699
860.125	0.0707
860.25	0.0707
860.375	0.0707
860.5	0.0707
860.625	0.0707
860.75	0.0707
860.875	0.0707
861.0	0.0723
861.125	0.0715
861.25	0.0707
861.375	0.0707
861.5	0.0738
861.625	0.0731
861.75	0.0731
861.875	0.0731
862.0	0.0715
862.125	0.0723
862.25	0.0738
862.375	0.0738
862.5	0.0754
862.625	0.0754
862.75	0.0754
862.875	0.0762
863.0	0.0754
863.125	0.0754
863.25	0.0754
863.375	0.0754
863.5	0.077
863.625	0.0786
863.75	0.0754
863.875	0.0794
864.0	0.077
864.125	0.0794
864.25	0.0801
864.375	0.0801
864.5	0.0801
864.625	0.0801
864.75	0.0801
864.875	0.0801
865.0	0.0801
865.125	0.0801
865.25	0.0825
865.375	0.0809
865.5	0.0849
865.625	0.0833
865.75	0.0841
865.875	0.0849
866.0	0.0833
866.125	0.0841
866.25	0.0833
866.375	0.0849
866.5	0.0849
866.625	0.0849
866.75	0.0849
866.875	0.0849
867.0	0.0849
867.125	0.0849
867.25	0.0856
867.375	0.0856
867.5	0.0864
867.625	0.0896
867.75	0.0856
867.875	0.0896
868.0	0.0896
868.125	0.0896
868.25	0.0896
868.375	0.0896
868.5	0.0896
868.625	0.0896
868.75	0.0911
868.875	0.0896
869.0	0.0896
869.125	0.0904
869.25	0.0919
869.375	0.0911
869.5	0.0943
869.625	0.0943
869.75	0.0943
869.875	0.0943
870.0	0.0943
870.125	0.0943
870.25	0.0951
870.375	0.0943
870.5	0.0943
870.625	0.0951
870.75	0.0966
870.875	0.099
871.0	0.099
871.125	0.099
871.25	0.099
871.375	0.099
871.5	0.099
871.625	0.099
871.75	0.099
871.875	0.099
872.0	0.099
872.125	0.1022
872.25	0.1037
872.375	0.1022
872.5	0.1037
872.625	0.1037
872.75	0.1022
872.875	0.1037
873.0	0.1037
873.125	0.1045
873.25	0.1037
873.375	0.1037
873.5	0.1061
873.625	0.1077
873.75	0.1077
873.875	0.1069
874.0	0.1084
874.125	0.1084
874.25	0.1084
874.375	0.1092
874.5	0.1084
874.625	0.1116
874.75	0.1124
874.875	0.1124
875.0	0.1132
875.125	0.1132
875.25	0.1132
875.375	0.1124
875.5	0.1132
875.625	0.1132
875.75	0.1139
875.875	0.1163
876.0	0.1155
876.125	0.1171
876.25	0.1179
876.375	0.1179
876.5	0.1179
876.625	0.1187
876.75	0.1194
876.875	0.1194
877.0	0.1202
877.125	0.1202
877.25	0.1226
877.375	0.1234
877.5	0.1226
877.625	0.1234
877.75	0.1234
877.875	0.1226
878.0	0.1242
878.125	0.1273
878.25	0.1273
878.375	0.1273
878.5	0.1273
878.625	0.1273
878.75	0.1273
878.875	0.1289
879.0	0.1305
879.125	0.132
879.25	0.132
879.375	0.132
879.5	0.132
879.625	0.132
879.75	0.132
879.875	0.1367
880.0	0.136
880.125	0.1367
880.25	0.1367
880.375	0.1367
880.5	0.1375
880.625	0.1407
880.75	0.1415
880.875	0.1415
881.0	0.1415
881.125	0.1415
881.25	0.1422
881.375	0.143
881.5	0.1415
881.625	0.1462
881.75	0.1454
881.875	0.1462
882.0	0.1462
882.125	0.147
882.25	0.1509
882.375	0.1509
882.5	0.1509
882.625	0.1517
882.75	0.1509
882.875	0.1525
883.0	0.1509
883.125	0.1533
883.25	0.154
883.375	0.1556
883.5	0.1556
883.625	0.1572
883.75	0.1588
883.875	0.1588
884.0	0.1595
884.125	0.1603
884.25	0.1603
884.375	0.1603
884.5	0.1619
884.625	0.165
884.75	0.165
884.875	0.165
885.0	0.165
885.125	0.165
885.25	0.165
885.375	0.1666
885.5	0.1682
885.625	0.1698
885.75	0.1698
885.875	0.1705
886.0	0.1705
886.125	0.1745
886.25	0.1737
886.375	0.1729
886.5	0.1745
886.625	0.1745
886.75	0.1745
886.875	0.1761
887.0	0.1753
887.125	0.1792
887.25	0.1792
887.375	0.1792
887.5	0.1792
887.625	0.1808
887.75	0.1792
887.875	0.1808
888.0	0.1839
888.125	0.1839
888.25	0.1839
888.375	0.1839
888.5	0.1839
888.625	0.1863
888.75	0.1871
888.875	0.1878
889.0	0.1886
889.125	0.1886
889.25	0.1886
889.375	0.1902
889.5	0.1918
889.625	0.1902
889.75	0.1918
889.875	0.1902
890.0	0.1926
890.125	0.1933
890.25	0.1933
890.375	0.1941
890.5	0.1933
890.625	0.1933
890.75	0.1933
890.875	0.1933
891.0	0.1949
891.125	0.1973
891.25	0.1949
891.375	0.1965
891.5	0.1973
891.625	0.1981
891.75	0.1981
891.875	0.1957
892.0	0.1981
892.125	0.1981
892.25	0.1988
892.375	0.1981
892.5	0.1981
892.625	0.1988
892.75	0.1981
892.875	0.2004
893.0	0.1996
893.125	0.1996
893.25	0.1996
893.375	0.2012
893.5	0.1981
893.625	0.1996
893.75	0.2012
893.875	0.2004
894.0	0.2012
894.125	0.1996
894.25	0.1981
894.375	0.202
894.5	0.2004
894.625	0.202
894.75	0.2012
894.875	0.2012
895.0	0.1996
895.125	0.1996
895.25	0.1988
895.375	0.2012
895.5	0.1981
895.625	0.2004
895.75	0.1988
895.875	0.1981
896.0	0.1996
896.125	0.1981
896.25	0.1988
896.375	0.1981
896.5	0.1981
896.625	0.1981
896.75	0.1981
896.875	0.1981
897.0	0.1981
897.125	0.1981
897.25	0.1957
897.375	0.1973
897.5	0.1981
897.625	0.1973
897.75	0.1957
897.875	0.1941
898.0	0.1933
898.125	0.1933
898.25	0.1933
898.375	0.1933
898.5	0.1926
898.625	0.1933
898.75	0.1918
898.875	0.191
899.0	0.1918
899.125	0.1894
899.25	0.1886
899.375	0.1894
899.5	0.1886
899.625	0.1886
899.75	0.1871
899.875	0.1863
