300.0	0.0943
300.125	0.0982
300.25	0.0943
300.375	0.0943
300.5	0.0943
300.625	0.0927
300.75	0.0943
300.875	0.0943
301.0	0.0943
301.125	0.0951
301.25	0.0959
301.375	0.0943
301.5	0.0943
301.625	0.0943
301.75	0.0943
301.875	0.0943
302.0	0.0951
302.125	0.0951
302.25	0.0951
302.375	0.0959
302.5	0.0959
302.625	0.0966
302.75	0.0959
302.875	0.0943
303.0	0.0959
303.125	0.0943
303.25	0.0943
303.375	0.0959
303.5	0.0951
303.625	0.0951
303.75	0.0943
303.875	0.0943
304.0	0.0959
304.125	0.0943
304.25	0.0943
304.375	0.0959
304.5	0.0943
304.625	0.0951
304.75	0.0959
304.875	0.0951
305.0	0.0951
305.125	0.0943
305.25	0.0974
305.375	0.0959
305.5	0.0951
305.625	0.0966
305.75	0.0943
305.875	0.0966
306.0	0.0974
306.125	0.0959
306.25	0.0966
306.375	0.0982
306.5	0.0966
306.625	0.0982
306.75	0.0959
306.875	0.0974
307.0	0.099
307.125	0.0943
307.25	0.0951
307.375	0.099
307.5	0.0951
307.625	0.099
307.75	0.0974
307.875	0.099
308.0	0.0982
308.125	0.0951
308.25	0.0982
308.375	0.0943
308.5	0.0982
308.625	0.0966
308.75	0.099
308.875	0.0943
309.0	0.0974
309.125	0.099
309.25	0.0959
309.375	0.0966
309.5	0.099
309.625	0.0974
309.75	0.099
309.875	0.0966
310.0	0.099
310.125	0.0982
310.25	0.0982
310.375	0.099
310.5	0.099
310.625	0.0982
310.75	0.099
310.875	0.0974
311.0	0.0966
311.125	0.099
311.25	0.099
311.375	0.099
311.5	0.099
311.625	0.0974
311.75	0.099
311.875	0.099
312.0	0.099
312.125	0.099
312.25	0.099
312.375	0.099
312.5	0.0974
312.625	0.099
312.75	0.099
312.875	0.099
313.0	0.099
313.125	0.1022
313.25	0.099
313.375	0.099
313.5	0.0974
313.625	0.1022
313.75	0.1022
313.875	0.1014
314.0	0.1014
314.125	0.0998
314.25	0.1014
314.375	0.099
314.5	0.099
314.625	0.0998
314.75	0.1014
314.875	0.1022
315.0	0.1029
315.125	0.1006
315.25	0.099
315.375	0.1037
315.5	0.1037
315.625	0.1022
315.75	0.099
315.875	0.1022
316.0	0.1006
316.125	0.1037
316.25	0.1022
316.375	0.1014
316.5	0.1014
316.625	0.1029
316.75	0.1037
316.875	0.1022
317.0	0.1029
317.125	0.1029
317.25	0.1037
317.375	0.1029
317.5	0.1022
317.625	0.1037
317.75	0.1037
317.875	0.1037
318.0	0.1037
318.125	0.1029
318.25	0.1037
318.375	0.1037
318.5	0.1037
318.625	0.1029
318.75	0.1037
318.875	0.1061
319.0	0.1045
319.125	0.1053
319.25	0.1037
319.375	0.1037
319.5	0.1045
319.625	0.1069
319.75	0.1037
319.875	0.1084
320.0	0.1061
320.125	0.1045
320.25	0.1053
320.375	0.1069
320.5	0.1053
320.625	0.1037
320.75	0.1077
320.875	0.1084
321.0	0.1069
321.125	0.1084
321.25	0.1077
321.375	0.1084
321.5	0.1084
321.625	0.1084
321.75	0.1084
321.875	0.1077
322.0	0.1084
322.125	0.1084
322.25	0.1084
322.375	0.1084
322.5	0.1084
322.625	0.1092
322.75	0.1092
322.875	0.1092
323.0	0.1084
323.125	0.1084
323.25	0.1084
323.375	0.1092
323.5	0.1092
323.625	0.11
323.75	0.1092
323.875	0.1084
324.0	0.1116
324.125	0.1084
324.25	0.1084
324.375	0.1084
324.5	0.1084
324.625	0.1084
324.75	0.1092
324.875	0.1108
325.0	0.1092
325.125	0.1092
325.25	0.1092
325.375	0.1108
325.5	0.1084
325.625	0.1084
325.75	0.1084
325.875	0.1084
326.0	0.1092
326.125	0.1084
326.25	0.1084
326.375	0.1084
326.5	0.1084
326.625	0.1084
326.75	0.1084
326.875	0.1084
327.0	0.1084
327.125	0.1084
327.25	0.1084
327.375	0.1084
327.5	0.1084
327.625	0.1077
327.75	0.1077
327.875	0.1061
328.0	0.1084
328.125	0.1077
328.25	0.1084
328.375	0.1084
328.5	0.1061
328.625	0.1077
328.75	0.1069
328.875	0.1061
329.0	0.1077
329.125	0.1045
329.25	0.1069
329.375	0.1045
329.5	0.1084
329.625	0.1069
329.75	0.1037
329.875	0.1069
330.0	0.1077
330.125	0.1084
330.25	0.1053
330.375	0.1037
330.5	0.1053
330.625	0.1077
330.75	0.1037
330.875	0.1045
331.0	0.1045
331.125	0.1077
331.25	0.1053
331.375	0.1037
331.5	0.1045
331.625	0.1037
331.75	0.1077
331.875	0.1045
332.0	0.1069
332.125	0.1061
332.25	0.1045
332.375	0.1053
332.5	0.1069
332.625	0.1061
332.75	0.1037
332.875	0.1053
333.0	0.1069
333.125	0.1037
333.25	0.1061
333.375	0.1053
333.5	0.1069
333.625	0.1053
333.75	0.1077
333.875	0.1077
334.0	0.1053
334.125	0.1045
334.25	0.1045
334.375	0.1045
334.5	0.1053
334.625	0.1084
334.75	0.1084
334.875	0.1069
335.0	0.1084
335.125	0.1069
335.25	0.1061
335.375	0.1077
335.5	0.1069
335.625	0.1077
335.75	0.1077
335.875	0.1053
336.0	0.1053
336.125	0.1084
336.25	0.1084
336.375	0.1069
336.5	0.1069
336.625	0.1061
336.75	0.1053
336.875	0.1077
337.0	0.1053
337.125	0.1053
337.25	0.1045
337.375	0.1053
337.5	0.1061
337.625	0.1053
337.75	0.1084
337.875	0.1084
338.0	0.1077
338.125	0.1077
338.25	0.1084
338.375	0.1069
338.5	0.1053
338.625	0.1061
338.75	0.1061
338.875	0.1069
339.0	0.1084
339.125	0.1084
339.25	0.1053
339.375	0.1077
339.5	0.1077
339.625	0.1084
339.75	0.1061
339.875	0.1084
340.0	0.1084
340.125	0.1077
340.25	0.1084
340.375	0.1069
340.5	0.1084
340.625	0.1084
340.75	0.1084
340.875	0.1084
341.0	0.1084
341.125	0.1077
341.25	0.1084
341.375	0.1084
341.5	0.1084
341.625	0.1084
341.75	0.1084
341.875	0.1084
342.0	0.1084
342.125	0.1077
342.25	0.1084
342.375	0.1084
342.5	0.1092
342.625	0.1084
342.75	0.1084
342.875	0.1084
343.0	0.1084
343.125	0.1084
343.25	0.1077
343.375	0.1084
343.5	0.1084
343.625	0.1092
343.75	0.1092
343.875	0.1084
344.0	0.1084
344.125	0.1084
344.25	0.1108
344.375	0.1084
344.5	0.1108
344.625	0.1084
344.75	0.11
344.875	0.1092
345.0	0.1084
345.125	0.1084
345.25	0.1084
345.375	0.1084
345.5	0.1108
345.625	0.1092
345.75	0.1084
345.875	0.1092
346.0	0.1092
346.125	0.1092
346.25	0.11
346.375	0.1108
346.5	0.1108
346.625	0.1084
346.75	0.1124
346.875	0.11
347.0	0.1116
347.125	0.1116
347.25	0.1108
347.375	0.1132
347.5	0.1116
347.625	0.11
347.75	0.11
347.875	0.1116
348.0	0.1116
348.125	0.1132
348.25	0.1132
348.375	0.1116
348.5	0.1132
348.625	0.1116
348.75	0.1124
348.875	0.1132
349.0	0.1124
349.125	0.1132
349.25	0.1132
349.375	0.1132
349.5	0.1132
349.625	0.1124
349.75	0.1132
349.875	0.1132
350.0	0.1132
350.125	0.1132
350.25	0.1124
350.375	0.1132
350.5	0.1132
350.625	0.1139
350.75	0.1139
350.875	0.1132
351.0	0.1139
351.125	0.1139
351.25	0.1179
351.375	0.1132
351.5	0.1132
351.625	0.1139
351.75	0.1132
351.875	0.1147
352.0	0.1147
352.125	0.1139
352.25	0.1171
352.375	0.1163
352.5	0.1163
352.625	0.1171
352.75	0.1139
352.875	0.1171
353.0	0.1163
353.125	0.1147
353.25	0.1179
353.375	0.1179
353.5	0.1163
353.625	0.1163
353.75	0.1147
353.875	0.1179
354.0	0.1179
354.125	0.1147
354.25	0.1163
354.375	0.1155
354.5	0.1171
354.625	0.1179
354.75	0.1179
354.875	0.1179
355.0	0.1171
355.125	0.1179
355.25	0.1179
355.375	0.1179
355.5	0.1194
355.625	0.1179
355.75	0.1187
355.875	0.1171
356.0	0.1171
356.125	0.1179
356.25	0.1179
356.375	0.1179
356.5	0.1179
356.625	0.1187
356.75	0.121
356.875	0.1194
357.0	0.1194
357.125	0.1179
357.25	0.121
357.375	0.1226
357.5	0.1226
357.625	0.1202
357.75	0.1187
357.875	0.1187
358.0	0.1226
358.125	0.1202
358.25	0.1218
358.375	0.1194
358.5	0.121
358.625	0.1218
358.75	0.1218
358.875	0.1194
359.0	0.121
359.125	0.1202
359.25	0.121
359.375	0.1226
359.5	0.1226
359.625	0.1218
359.75	0.1242
359.875	0.1218
360.0	0.1226
360.125	0.1226
360.25	0.121
360.375	0.1218
360.5	0.1226
360.625	0.1226
360.75	0.1226
360.875	0.1226
361.0	0.1226
361.125	0.1242
361.25	0.1234
361.375	0.1234
361.5	0.1242
361.625	0.1234
361.75	0.1242
361.875	0.1257
362.0	0.1242
362.125	0.1257
362.25	0.1265
362.375	0.1265
362.5	0.1265
362.625	0.1242
362.75	0.1265
362.875	0.1265
363.0	0.1273
363.125	0.125
363.25	0.1257
363.375	0.1257
363.5	0.1265
363.625	0.1257
363.75	0.1273
363.875	0.1273
364.0	0.125
364.125	0.1273
364.25	0.1257
364.375	0.1273
364.5	0.125
364.625	0.1297
364.75	0.1281
364.875	0.1273
365.0	0.1273
365.125	0.1281
365.25	0.1273
365.375	0.1289
365.5	0.1281
365.625	0.1289
365.75	0.1281
365.875	0.1281
366.0	0.1273
366.125	0.1281
366.25	0.1281
366.375	0.1273
366.5	0.1273
366.625	0.1273
366.75	0.1297
366.875	0.1289
367.0	0.1281
367.125	0.1281
367.25	0.132
367.375	0.1289
367.5	0.1289
367.625	0.1305
367.75	0.132
367.875	0.1297
368.0	0.1297
368.125	0.1273
368.25	0.132
368.375	0.1273
368.5	0.1305
368.625	0.1312
368.75	0.132
368.875	0.132
369.0	0.132
369.125	0.132
369.25	0.132
369.375	0.132
369.5	0.132
369.625	0.132
369.75	0.132
369.875	0.132
370.0	0.132
370.125	0.132
370.25	0.132
370.375	0.132
370.5	0.132
370.625	0.1336
370.75	0.1328
370.875	0.1344
371.0	0.132
371.125	0.132
371.25	0.1367
371.375	0.132
371.5	0.1336
371.625	0.1336
371.75	0.1367
371.875	0.1367
372.0	0.1367
372.125	0.1367
372.25	0.1375
372.375	0.1367
372.5	0.1328
372.625	0.136
372.75	0.1375
372.875	0.1367
373.0	0.1367
373.125	0.1367
373.25	0.1367
373.375	0.1367
373.5	0.1367
373.625	0.1367
373.75	0.1375
373.875	0.1375
374.0	0.1399
374.125	0.1367
374.25	0.1367
374.375	0.1383
374.5	0.1391
374.625	0.1415
374.75	0.1383
374.875	0.1391
375.0	0.1399
375.125	0.1383
375.25	0.1407
375.375	0.1399
375.5	0.1399
375.625	0.1415
375.75	0.1407
375.875	0.1415
376.0	0.1415
376.125	0.1415
376.25	0.1415
376.375	0.1422
376.5	0.1415
376.625	0.1415
376.75	0.1415
376.875	0.1446
377.0	0.1446
377.125	0.1415
377.25	0.1446
377.375	0.1438
377.5	0.1415
377.625	0.1446
377.75	0.1438
377.875	0.1438
378.0	0.1438
378.125	0.1438
378.25	0.1462
378.375	0.1462
378.5	0.1454
378.625	0.1454
378.75	0.1415
378.875	0.1462
379.0	0.1454
379.125	0.1438
379.25	0.1415
379.375	0.1438
379.5	0.1446
379.625	0.1438
379.75	0.143
379.875	0.1454
380.0	0.1454
380.125	0.1446
380.25	0.1454
380.375	0.1462
380.5	0.1477
380.625	0.1462
380.75	0.1454
380.875	0.1462
381.0	0.1454
381.125	0.1462
381.25	0.1462
381.375	0.1477
381.5	0.1454
381.625	0.1454
381.75	0.1462
381.875	0.1462
382.0	0.1493
382.125	0.1462
382.25	0.1462
382.375	0.1462
382.5	0.1462
382.625	0.147
382.75	0.147
382.875	0.1462
383.0	0.147
383.125	0.1462
383.25	0.1462
383.375	0.1462
383.5	0.147
383.625	0.1462
383.75	0.1493
383.875	0.1477
384.0	0.1485
384.125	0.1485
384.25	0.1501
384.375	0.1462
384.5	0.1485
384.625	0.1485
384.75	0.1509
384.875	0.147
385.0	0.1477
385.125	0.1477
385.25	0.147
385.375	0.1509
385.5	0.1485
385.625	0.1485
385.75	0.1509
385.875	0.1493
386.0	0.1509
386.125	0.1485
386.25	0.1485
386.375	0.1501
386.5	0.1501
386.625	0.1509
386.75	0.1501
386.875	0.1509
387.0	0.1509
387.125	0.1509
387.25	0.1509
387.375	0.1509
387.5	0.1509
387.625	0.1493
387.75	0.1509
387.875	0.1509
388.0	0.1509
388.125	0.1509
388.25	0.1533
388.375	0.1525
388.5	0.1509
388.625	0.1509
388.75	0.1525
388.875	0.1517
389.0	0.1509
389.125	0.1509
389.25	0.1509
389.375	0.1548
389.5	0.154
389.625	0.1556
389.75	0.1509
389.875	0.154
390.0	0.1517
390.125	0.1548
390.25	0.1533
390.375	0.1556
390.5	0.1564
390.625	0.1556
390.75	0.1564
390.875	0.1564
391.0	0.158
391.125	0.1572
391.25	0.1572
391.375	0.1603
391.5	0.1619
391.625	0.1619
391.75	0.1611
391.875	0.1643
392.0	0.165
392.125	0.1643
392.25	0.165
392.375	0.165
392.5	0.1658
392.625	0.1666
392.75	0.1666
392.875	0.1682
393.0	0.169
393.125	0.1698
393.25	0.1698
393.375	0.1698
393.5	0.1698
393.625	0.1705
393.75	0.1729
393.875	0.1737
394.0	0.1745
394.125	0.1753
394.25	0.1745
394.375	0.1761
394.5	0.1784
394.625	0.1784
394.75	0.1792
394.875	0.1792
395.0	0.1816
395.125	0.1839
395.25	0.1839
395.375	0.1839
395.5	0.1839
395.625	0.1855
395.75	0.1855
395.875	0.1886
396.0	0.1894
396.125	0.1902
396.25	0.1933
396.375	0.1926
396.5	0.1933
396.625	0.1957
396.75	0.1981
396.875	0.1988
397.0	0.2012
397.125	0.1996
397.25	0.2028
397.375	0.2059
397.5	0.2083
397.625	0.2075
397.75	0.2075
397.875	0.2114
398.0	0.2122
398.125	0.2146
398.25	0.2161
398.375	0.2193
398.5	0.2216
398.625	0.224
398.75	0.2264
398.875	0.2287
399.0	0.2327
399.125	0.2358
399.25	0.2358
399.375	0.2397
399.5	0.2437
399.625	0.2421
399.75	0.2476
399.875	0.2476
400.0	0.25
400.125	0.2547
400.25	0.2578
400.375	0.261
400.5	0.2657
400.625	0.2672
400.75	0.2704
400.875	0.2735
401.0	0.2783
401.125	0.2814
401.25	0.2869
401.375	0.2908
401.5	0.294
401.625	0.2987
401.75	0.3018
401.875	0.3034
402.0	0.3128
402.125	0.3136
402.25	0.3191
402.375	0.3238
402.5	0.3317
402.625	0.3341
402.75	0.338
402.875	0.3466
403.0	0.3506
403.125	0.3569
403.25	0.3608
403.375	0.3655
403.5	0.3742
403.625	0.382
403.75	0.3867
403.875	0.393
404.0	0.4001
404.125	0.4056
404.25	0.4135
404.375	0.4229
404.5	0.4253
404.625	0.4355
404.75	0.4426
404.875	0.4481
405.0	0.4599
405.125	0.4622
405.25	0.474
405.375	0.4819
405.5	0.4921
405.625	0.5023
405.75	0.5086
405.875	0.5188
406.0	0.5283
406.125	0.5393
406.25	0.5487
406.375	0.5573
406.5	0.5723
406.625	0.5825
406.75	0.5927
406.875	0.6014
407.0	0.6132
407.125	0.6234
407.25	0.6383
407.375	0.6501
407.5	0.6635
407.625	0.6761
407.75	0.691
407.875	0.7004
408.0	0.7138
408.125	0.724
408.25	0.7437
408.375	0.7531
408.5	0.7665
408.625	0.7861
408.75	0.7987
408.875	0.816
409.0	0.827
409.125	0.8435
409.25	0.8592
409.375	0.8734
409.5	0.8907
409.625	0.9017
409.75	0.9261
409.875	0.9433
410.0	0.9599
410.125	0.9803
410.25	0.9929
410.375	1.0157
410.5	1.0338
410.625	1.0566
410.75	1.0676
410.875	1.088
411.0	1.1092
411.125	1.1336
411.25	1.1477
411.375	1.1721
411.5	1.1933
411.625	1.2122
411.75	1.2397
411.875	1.2562
412.0	1.2775
412.125	1.305
412.25	1.3294
412.375	1.3537
412.5	1.3757
412.625	1.4001
412.75	1.4292
412.875	1.4512
413.0	1.4811
413.125	1.5023
413.25	1.5377
413.375	1.5668
413.5	1.5801
413.625	1.6124
413.75	1.6462
413.875	1.6721
414.0	1.7067
414.125	1.7287
414.25	1.7665
414.375	1.8003
414.5	1.8349
414.625	1.8561
414.75	1.8907
414.875	1.9205
415.0	1.9504
415.125	1.9882
415.25	2.0235
415.375	2.0526
415.5	2.0833
415.625	2.1226
415.75	2.1556
415.875	2.1933
416.0	2.2327
416.125	2.2665
416.25	2.3018
416.375	2.3451
416.5	2.3899
416.625	2.4229
416.75	2.452
416.875	2.4984
417.0	2.5385
417.125	2.5738
417.25	2.6218
417.375	2.6603
417.5	2.7083
417.625	2.7547
417.75	2.7916
417.875	2.8341
418.0	2.8836
418.125	2.9276
418.25	2.974
418.375	3.022
418.5	3.0778
418.625	3.1124
418.75	3.1603
418.875	3.2193
419.0	3.2586
419.125	3.3424
419.25	3.3911
419.375	3.4351
419.5	3.4965
419.625	3.5491
419.75	3.6112
419.875	3.6568
420.0	3.7237
420.125	3.7779
420.25	3.8322
420.375	3.8895
420.5	3.9517
420.625	4.0114
420.75	4.0688
420.875	4.1293
421.0	4.1985
421.125	4.224
421.25	4.3219
421.375	4.3715
421.5	4.4414
421.625	4.4917
421.75	4.5633
421.875	4.6262
422.0	4.6977
422.125	4.7347
422.25	4.7402
422.375	4.7394
422.5	4.7394
422.625	4.7394
422.75	4.7386
422.875	4.7394
423.0	4.7394
423.125	4.7402
423.25	4.7378
423.375	4.7402
423.5	4.7394
423.625	4.7394
423.75	4.7378
423.875	4.7386
424.0	4.7425
424.125	4.741
424.25	4.7378
424.375	4.7402
424.5	4.7386
424.625	4.741
424.75	4.7394
424.875	4.7402
425.0	4.7402
425.125	4.7386
425.25	4.7386
425.375	4.7378
425.5	4.7378
425.625	4.7394
425.75	4.7402
425.875	4.7386
426.0	4.7386
426.125	4.7386
426.25	4.7378
426.375	4.7386
426.5	4.7425
426.625	4.7386
426.75	4.7378
426.875	4.7394
427.0	4.7386
427.125	4.7378
427.25	4.7394
427.375	4.7386
427.5	4.7386
427.625	4.7394
427.75	4.741
427.875	4.7378
428.0	4.7394
428.125	4.7394
428.25	4.7378
428.375	4.7378
428.5	4.7378
428.625	4.7386
428.75	4.7386
428.875	4.7386
429.0	4.7378
429.125	4.7386
429.25	4.7402
429.375	4.741
429.5	4.7386
429.625	4.7386
429.75	4.7378
429.875	4.7402
430.0	4.741
430.125	4.7378
430.25	4.7378
430.375	4.7394
430.5	4.7402
430.625	4.7378
430.75	4.7386
430.875	4.7402
431.0	4.7386
431.125	4.7386
431.25	4.7378
431.375	4.7386
431.5	4.7394
431.625	4.7386
431.75	4.741
431.875	4.7402
432.0	4.7394
432.125	4.7394
432.25	4.7394
432.375	4.7378
432.5	4.7386
432.625	4.7378
432.75	4.7394
432.875	4.7378
433.0	4.7386
433.125	4.7378
433.25	4.7386
433.375	4.7378
433.5	4.7378
433.625	4.7386
433.75	4.7378
433.875	4.7386
434.0	4.7394
434.125	4.7378
434.25	4.7394
434.375	4.7386
434.5	4.7386
434.625	4.7386
434.75	4.7386
434.875	4.7386
435.0	4.7378
435.125	4.7394
435.25	4.7386
435.375	4.7386
435.5	4.7394
435.625	4.7386
435.75	4.7394
435.875	4.7378
436.0	4.7386
436.125	4.7386
436.25	4.7386
436.375	4.7402
436.5	4.7378
436.625	4.7378
436.75	4.7378
436.875	4.7386
437.0	4.7378
437.125	4.7386
437.25	4.7394
437.375	4.7386
437.5	4.7378
437.625	4.7378
437.75	4.7378
437.875	4.7378
438.0	4.7378
438.125	4.7378
438.25	4.7378
438.375	4.7386
438.5	4.7378
438.625	4.7378
438.75	4.7378
438.875	4.7386
439.0	4.7378
439.125	4.7394
439.25	4.7378
439.375	4.7378
439.5	4.7386
439.625	4.7378
439.75	4.7394
439.875	4.7378
440.0	4.7378
440.125	4.7378
440.25	4.7386
440.375	4.7378
440.5	4.7386
440.625	4.7378
440.75	4.7394
440.875	4.7386
441.0	4.7386
441.125	4.7386
441.25	4.7378
441.375	4.7378
441.5	4.7378
441.625	4.7378
441.75	4.7378
441.875	4.7386
442.0	4.7394
442.125	4.7378
442.25	4.7394
442.375	4.7378
442.5	4.7386
442.625	4.7386
442.75	4.7378
442.875	4.7378
443.0	4.7386
443.125	4.7386
443.25	4.7378
443.375	4.7378
443.5	4.7378
443.625	4.7378
443.75	4.7378
443.875	4.7386
444.0	4.7378
444.125	4.7378
444.25	4.7386
444.375	4.7378
444.5	4.7378
444.625	4.7386
444.75	4.7386
444.875	4.7378
445.0	4.7386
445.125	4.7394
445.25	4.7378
445.375	4.7378
445.5	4.7378
445.625	4.7378
445.75	4.7378
445.875	4.7378
446.0	4.7386
446.125	4.7378
446.25	4.7378
446.375	4.7378
446.5	4.7394
446.625	4.7394
446.75	4.7378
446.875	4.7378
447.0	4.7394
447.125	4.7378
447.25	4.7378
447.375	4.7386
447.5	4.7386
447.625	4.7378
447.75	4.7378
447.875	4.7378
448.0	4.7386
448.125	4.7378
448.25	4.7394
448.375	4.7386
448.5	4.7378
448.625	4.7394
448.75	4.7378
448.875	4.7386
449.0	4.7378
449.125	4.7402
449.25	4.7394
449.375	4.7394
449.5	4.7394
449.625	4.7378
449.75	4.7378
449.875	4.7386
450.0	4.7394
450.125	4.7378
450.25	4.7386
450.375	4.7378
450.5	4.7378
450.625	4.7378
450.75	4.7378
450.875	4.7386
451.0	4.7386
451.125	4.7378
451.25	4.7378
451.375	4.7378
451.5	4.7378
451.625	4.7386
451.75	4.7378
451.875	4.7378
452.0	4.7386
452.125	4.7378
452.25	4.7378
452.375	4.7386
452.5	4.7402
452.625	4.7378
452.75	4.7394
452.875	4.741
453.0	4.7394
453.125	4.7394
453.25	4.7378
453.375	4.7386
453.5	4.7378
453.625	4.7394
453.75	4.7378
453.875	4.7378
454.0	4.7386
454.125	4.7378
454.25	4.7402
454.375	4.7378
454.5	4.7378
454.625	4.7378
454.75	4.7378
454.875	4.7378
455.0	4.7378
455.125	4.7386
455.25	4.7378
455.375	4.7386
455.5	4.7386
455.625	4.7378
455.75	4.7378
455.875	4.7378
456.0	4.7378
456.125	4.7378
456.25	4.7394
456.375	4.7394
456.5	4.7378
456.625	4.7378
456.75	4.7378
456.875	4.7378
457.0	4.7386
457.125	4.7386
457.25	4.7378
457.375	4.7394
457.5	4.7378
457.625	4.7386
457.75	4.7386
457.875	4.7378
458.0	4.7378
458.125	4.7378
458.25	4.7378
458.375	4.7378
458.5	4.7378
458.625	4.7378
458.75	4.7386
458.875	4.7378
459.0	4.7378
459.125	4.7378
459.25	4.7378
459.375	4.7378
459.5	4.7378
459.625	4.7386
459.75	4.7378
459.875	4.7378
460.0	4.7378
460.125	4.7378
460.25	4.7378
460.375	4.7378
460.5	4.7378
460.625	4.7378
460.75	4.7378
460.875	4.7378
461.0	4.7378
461.125	4.7378
461.25	4.7394
461.375	4.7378
461.5	4.7378
461.625	4.7378
461.75	4.7386
461.875	4.7394
462.0	4.7378
462.125	4.7378
462.25	4.7378
462.375	4.7378
462.5	4.7378
462.625	4.7386
462.75	4.7378
462.875	4.7378
463.0	4.7378
463.125	4.7378
463.25	4.7378
463.375	4.7378
463.5	4.7378
463.625	4.7378
463.75	4.7394
463.875	4.7378
464.0	4.7378
464.125	4.7378
464.25	4.7378
464.375	4.7378
464.5	4.7378
464.625	4.7378
464.75	4.7378
464.875	4.737
465.0	4.7378
465.125	4.7386
465.25	4.7378
465.375	4.7386
465.5	4.7378
465.625	4.7378
465.75	4.7386
465.875	4.7378
466.0	4.7378
466.125	4.7386
466.25	4.7378
466.375	4.7394
466.5	4.7378
466.625	4.7394
466.75	4.7378
466.875	4.7386
467.0	4.7378
467.125	4.737
467.25	4.7378
467.375	4.7378
467.5	4.7386
467.625	4.7378
467.75	4.7378
467.875	4.7378
468.0	4.7386
468.125	4.7378
468.25	4.7378
468.375	4.7378
468.5	4.7378
468.625	4.7378
468.75	4.7378
468.875	4.7378
469.0	4.737
469.125	4.7386
469.25	4.7402
469.375	4.7394
469.5	4.7394
469.625	4.7378
469.75	4.7378
469.875	4.7378
470.0	4.7394
470.125	4.7378
470.25	4.7378
470.375	4.7378
470.5	4.7386
470.625	4.7394
470.75	4.7378
470.875	4.7378
471.0	4.7386
471.125	4.7378
471.25	4.7378
471.375	4.7378
471.5	4.7378
471.625	4.7378
471.75	4.7378
471.875	4.7378
472.0	4.7378
472.125	4.7378
472.25	4.7378
472.375	4.7378
472.5	4.7378
472.625	4.7378
472.75	4.7394
472.875	4.7378
473.0	4.7386
473.125	4.7378
473.25	4.7378
473.375	4.7378
473.5	4.7378
473.625	4.7394
473.75	4.7378
473.875	4.7378
474.0	4.7378
474.125	4.7378
474.25	4.7386
474.375	4.7378
474.5	4.7386
474.625	4.7378
474.75	4.7378
474.875	4.7386
475.0	4.7378
475.125	4.7394
475.25	4.7378
475.375	4.7378
475.5	4.7386
475.625	4.7378
475.75	4.7378
475.875	4.7378
476.0	4.737
476.125	4.737
476.25	4.7378
476.375	4.7378
476.5	4.7378
476.625	4.7378
476.75	4.7378
476.875	4.7378
477.0	4.7378
477.125	4.7378
477.25	4.7378
477.375	4.7378
477.5	4.7378
477.625	4.7378
477.75	4.7378
477.875	4.7378
478.0	4.7378
478.125	4.7378
478.25	4.7378
478.375	4.7378
478.5	4.7378
478.625	4.7378
478.75	4.7378
478.875	4.7378
479.0	4.7378
479.125	4.7378
479.25	4.7378
479.375	4.7378
479.5	4.7378
479.625	4.7378
479.75	4.7378
479.875	4.7386
480.0	4.7378
480.125	4.7378
480.25	4.737
480.375	4.7378
480.5	4.7378
480.625	4.7386
480.75	4.7386
480.875	4.7378
481.0	4.7378
481.125	4.7378
481.25	4.7378
481.375	4.7378
481.5	4.7378
481.625	4.7378
481.75	4.7378
481.875	4.7386
482.0	4.7378
482.125	4.7378
482.25	4.7378
482.375	4.7386
482.5	4.7378
482.625	4.7378
482.75	4.7378
482.875	4.7378
483.0	4.7378
483.125	4.7378
483.25	4.7378
483.375	4.7378
483.5	4.7378
483.625	4.7386
483.75	4.7378
483.875	4.7378
484.0	4.7378
484.125	4.7378
484.25	4.7378
484.375	4.7378
484.5	4.7378
484.625	4.7378
484.75	4.7378
484.875	4.7378
485.0	4.7378
485.125	4.7378
485.25	4.7378
485.375	4.7362
485.5	4.7378
485.625	4.7378
485.75	4.7378
485.875	4.7378
486.0	4.7378
486.125	4.7378
486.25	4.7378
486.375	4.7378
486.5	4.7378
486.625	4.7378
486.75	4.737
486.875	4.7378
487.0	4.737
487.125	4.7378
487.25	4.7378
487.375	4.7378
487.5	4.7378
487.625	4.737
487.75	4.7378
487.875	4.7378
488.0	4.7378
488.125	4.7378
488.25	4.7378
488.375	4.7378
488.5	4.7378
488.625	4.737
488.75	4.7378
488.875	4.7378
489.0	4.7378
489.125	4.7378
489.25	4.7386
489.375	4.7378
489.5	4.7378
489.625	4.7378
489.75	4.737
489.875	4.737
490.0	4.7378
490.125	4.7378
490.25	4.7378
490.375	4.7378
490.5	4.7378
490.625	4.7394
490.75	4.7378
490.875	4.7378
491.0	4.7378
491.125	4.7378
491.25	4.7378
491.375	4.7378
491.5	4.7378
491.625	4.7378
491.75	4.7378
491.875	4.7378
492.0	4.7378
492.125	4.7378
492.25	4.7378
492.375	4.737
492.5	4.7378
492.625	4.737
492.75	4.7378
492.875	4.7378
493.0	4.7378
493.125	4.7378
493.25	4.7378
493.375	4.7386
493.5	4.7378
493.625	4.7378
493.75	4.7378
493.875	4.7378
494.0	4.7378
494.125	4.7378
494.25	4.7378
494.375	4.737
494.5	4.7378
494.625	4.7347
494.75	4.7378
494.875	4.7378
495.0	4.7378
495.125	4.7378
495.25	4.7378
495.375	4.737
495.5	4.7378
495.625	4.7378
495.75	4.7386
495.875	4.7378
496.0	4.737
496.125	4.737
496.25	4.7378
496.375	4.7378
496.5	4.7378
496.625	4.7378
496.75	4.7378
496.875	4.7378
497.0	4.7394
497.125	4.7378
497.25	4.737
497.375	4.7378
497.5	4.7378
497.625	4.7378
497.75	4.7378
497.875	4.7362
498.0	4.7378
498.125	4.7378
498.25	4.7378
498.375	4.7378
498.5	4.7378
498.625	4.7362
498.75	4.7378
498.875	4.7378
499.0	4.737
499.125	4.7378
499.25	4.7378
499.375	4.7378
499.5	4.7378
499.625	4.7378
499.75	4.7378
499.875	4.7378
500.0	4.7378
500.125	4.7378
500.25	4.7378
500.375	4.7378
500.5	4.7378
500.625	4.7378
500.75	4.7362
500.875	4.7378
501.0	4.7378
501.125	4.7378
501.25	4.7378
501.375	4.7378
501.5	4.737
501.625	4.7378
501.75	4.7378
501.875	4.7378
502.0	4.7355
502.125	4.7378
502.25	4.7378
502.375	4.7386
502.5	4.7378
502.625	4.7378
502.75	4.7362
502.875	4.7378
503.0	4.7378
503.125	4.7378
503.25	4.7378
503.375	4.7378
503.5	4.7378
503.625	4.7378
503.75	4.737
503.875	4.7378
504.0	4.7378
504.125	4.7378
504.25	4.7378
504.375	4.7378
504.5	4.7378
504.625	4.7378
504.75	4.7378
504.875	4.7378
505.0	4.7386
505.125	4.7378
505.25	4.7378
505.375	4.737
505.5	4.7386
505.625	4.737
505.75	4.7378
505.875	4.737
506.0	4.7378
506.125	4.737
506.25	4.7378
506.375	4.7378
506.5	4.7378
506.625	4.7386
506.75	4.737
506.875	4.7378
507.0	4.737
507.125	4.7378
507.25	4.7378
507.375	4.7378
507.5	4.7378
507.625	4.7378
507.75	4.7378
507.875	4.7378
508.0	4.7378
508.125	4.7386
508.25	4.7378
508.375	4.7378
508.5	4.7378
508.625	4.7378
508.75	4.7378
508.875	4.7378
509.0	4.7378
509.125	4.7378
509.25	4.7378
509.375	4.7378
509.5	4.7378
509.625	4.737
509.75	4.7378
509.875	4.7378
510.0	4.7378
510.125	4.7378
510.25	4.7378
510.375	4.737
510.5	4.7378
510.625	4.7378
510.75	4.7386
510.875	4.7378
511.0	4.7386
511.125	4.7378
511.25	4.7378
511.375	4.6749
511.5	2.6666
511.625	2.691
511.75	2.7091
511.875	2.7201
512.0	2.7279
512.125	2.7342
512.25	2.7405
512.375	2.746
512.5	2.757
512.625	2.7594
512.75	2.7688
512.875	2.7751
513.0	2.7814
513.125	2.6941
513.25	2.4583
513.375	2.4504
513.5	2.5235
513.625	2.518
513.75	2.4929
513.875	2.5062
514.0	2.5275
514.125	2.5306
514.25	2.555
514.375	2.5668
514.5	2.7515
514.625	2.8616
514.75	2.8121
514.875	2.79
515.0	2.8136
515.125	2.8183
515.25	2.8081
515.375	2.8034
515.5	2.7995
515.625	2.7963
515.75	2.783
515.875	2.7751
516.0	2.7688
516.125	2.7649
516.25	2.7547
516.375	2.7421
516.5	2.735
516.625	2.7224
516.75	2.7099
516.875	2.7004
517.0	2.6941
517.125	2.6831
517.25	2.6674
517.375	2.6588
517.5	2.6501
517.625	2.6391
517.75	2.6328
517.875	2.6242
518.0	2.6179
518.125	2.61
518.25	2.6022
518.375	2.5943
518.5	2.5911
518.625	2.5817
518.75	2.5778
518.875	2.5754
519.0	2.5707
519.125	2.566
519.25	2.566
519.375	2.5621
519.5	2.5613
519.625	2.555
519.75	2.5566
519.875	2.5566
520.0	2.5495
520.125	2.5432
520.25	2.5455
520.375	2.5471
520.5	2.5424
520.625	2.5408
520.75	2.5377
520.875	2.5385
521.0	2.5345
521.125	2.5322
521.25	2.5298
521.375	2.529
521.5	2.5267
521.625	2.5212
521.75	2.5235
521.875	2.5172
522.0	2.5141
522.125	2.5125
522.25	2.5141
522.375	2.5094
522.5	2.5094
522.625	2.5141
522.75	2.5094
522.875	2.5133
523.0	2.5141
523.125	2.5125
523.25	2.5094
523.375	2.5141
523.5	2.5157
523.625	2.5188
523.75	2.522
523.875	2.5251
524.0	2.5283
524.125	2.5322
524.25	2.5361
524.375	2.5385
524.5	2.5448
524.625	2.5471
524.75	2.5503
524.875	2.5597
525.0	2.5613
525.125	2.5636
525.25	2.5683
525.375	2.5715
525.5	2.5754
525.625	2.5825
525.75	2.5872
525.875	2.5927
526.0	2.5998
526.125	2.6014
526.25	2.6116
526.375	2.6139
526.5	2.6226
526.625	2.632
526.75	2.6391
526.875	2.6485
527.0	2.6556
527.125	2.6674
527.25	2.6776
527.375	2.6839
527.5	2.6957
527.625	2.7044
527.75	2.7177
527.875	2.7224
528.0	2.7358
528.125	2.7484
528.25	2.7602
528.375	2.7712
528.5	2.7822
528.625	2.7908
528.75	2.8042
528.875	2.8183
529.0	2.8309
529.125	2.8411
529.25	2.8569
529.375	2.8671
529.5	2.8812
529.625	2.893
529.75	2.9088
529.875	2.9119
530.0	2.9261
530.125	2.9402
530.25	2.9536
530.375	2.9654
530.5	2.9701
530.625	2.9827
530.75	2.9944
530.875	3.0062
531.0	3.018
531.125	3.0267
531.25	3.0345
531.375	3.0503
531.5	3.0558
531.625	3.066
531.75	3.0762
531.875	3.0833
532.0	3.0959
532.125	3.1053
532.25	3.1171
532.375	3.1242
532.5	3.1305
532.625	3.1375
532.75	3.1454
532.875	3.1533
533.0	3.1643
533.125	3.1698
533.25	3.1761
533.375	3.1808
533.5	3.1926
533.625	3.2012
533.75	3.2075
533.875	3.2146
534.0	3.2216
534.125	3.2295
534.25	3.2374
534.375	3.2444
534.5	3.2507
534.625	3.2531
534.75	3.2641
534.875	3.2712
535.0	3.272
535.125	3.3062
535.25	3.3133
535.375	3.3211
535.5	3.3274
535.625	3.329
535.75	3.3345
535.875	3.3408
536.0	3.3463
536.125	3.351
536.25	3.3565
536.375	3.3628
536.5	3.3699
536.625	3.3691
536.75	3.373
536.875	3.3793
537.0	3.3833
537.125	3.3888
537.25	3.3935
537.375	3.3982
537.5	3.3935
537.625	3.3935
537.75	3.4021
537.875	3.41
538.0	3.4171
538.125	3.4194
538.25	3.4249
538.375	3.4249
538.5	3.4281
538.625	3.4344
538.75	3.4375
538.875	3.4383
539.0	3.4438
539.125	3.4485
539.25	3.4501
539.375	3.4485
539.5	3.4524
539.625	3.4572
539.75	3.4627
539.875	3.4642
540.0	3.4689
540.125	3.4729
540.25	3.4744
540.375	3.4807
540.5	3.4831
540.625	3.4878
540.75	3.4878
540.875	3.4894
541.0	3.4902
541.125	3.4878
541.25	3.4949
541.375	3.4949
541.5	3.4957
541.625	3.5012
541.75	3.502
541.875	3.5067
542.0	3.5051
542.125	3.5114
542.25	3.5153
542.375	3.5114
542.5	3.5193
542.625	3.5216
542.75	3.5224
542.875	3.5256
543.0	3.5208
543.125	3.524
543.25	3.5256
543.375	3.5279
543.5	3.5287
543.625	3.5326
543.75	3.5342
543.875	3.5366
544.0	3.5342
544.125	3.5366
544.25	3.5444
544.375	3.5444
544.5	3.5444
544.625	3.5468
544.75	3.5491
544.875	3.5523
545.0	3.5499
545.125	3.5539
545.25	3.5546
545.375	3.5554
545.5	3.5601
545.625	3.5601
545.75	3.5609
545.875	3.5633
546.0	3.5617
546.125	3.5664
546.25	3.5672
546.375	3.5711
546.5	3.5704
546.625	3.5743
546.75	3.5727
546.875	3.5751
547.0	3.579
547.125	3.5814
547.25	3.579
547.375	3.5829
547.5	3.5837
547.625	3.5845
547.75	3.5916
547.875	3.59
548.0	3.5916
548.125	3.5963
548.25	3.6002
548.375	3.5963
548.5	3.5971
548.625	3.5979
548.75	3.6002
548.875	3.5979
549.0	3.5987
549.125	3.6026
549.25	3.6057
549.375	3.6097
549.5	3.6105
549.625	3.6152
549.75	3.6175
549.875	3.6199
550.0	3.623
550.125	3.6238
550.25	3.6254
550.375	3.6238
550.5	3.6246
550.625	3.6278
550.75	3.6333
550.875	3.634
551.0	3.638
551.125	3.634
551.25	3.638
551.375	3.638
551.5	3.6427
551.625	3.6419
551.75	3.6427
551.875	3.6474
552.0	3.6458
552.125	3.6443
552.25	3.6482
552.375	3.6521
552.5	3.649
552.625	3.6529
552.75	3.6537
552.875	3.6576
553.0	3.66
553.125	3.6561
553.25	3.6352
553.375	3.6592
553.5	3.66
553.625	3.6631
553.75	3.6694
553.875	3.6718
554.0	3.6686
554.125	3.6678
554.25	3.6678
554.375	3.6702
554.5	3.6718
554.625	3.6749
554.75	3.6757
554.875	3.6741
555.0	3.6765
555.125	3.6757
555.25	3.6796
555.375	3.6773
555.5	3.6789
555.625	3.6796
555.75	3.6812
555.875	3.6781
556.0	3.6836
556.125	3.6781
556.25	3.6757
556.375	3.6765
556.5	3.6796
556.625	3.6765
556.75	3.6733
556.875	3.6765
557.0	3.6686
557.125	3.6702
557.25	3.6694
557.375	3.6663
557.5	3.6352
557.625	3.6576
557.75	3.6576
557.875	3.6568
558.0	3.6529
558.125	3.6482
558.25	3.6466
558.375	3.6395
558.5	3.638
558.625	3.6372
558.75	3.6293
558.875	3.6215
559.0	3.6152
559.125	3.6105
559.25	3.6002
559.375	3.5947
559.5	3.5861
559.625	3.5767
559.75	3.5617
559.875	3.5507
560.0	3.5381
560.125	3.5271
560.25	3.5153
560.375	3.4949
560.5	3.4792
560.625	3.4627
560.75	3.4438
560.875	3.4226
561.0	3.4029
561.125	3.3793
561.25	3.351
561.375	3.3243
561.5	3.2672
561.625	3.2389
561.75	3.2091
561.875	3.1745
562.0	3.1407
562.125	3.1029
562.25	3.0636
562.375	3.0227
562.5	2.9819
562.625	2.9394
562.75	2.8938
562.875	2.8522
563.0	2.8026
563.125	2.7555
563.25	2.7044
563.375	2.6588
563.5	2.6092
563.625	2.5621
563.75	2.5149
563.875	2.4677
564.0	2.419
564.125	2.3718
564.25	2.3278
564.375	2.2838
564.5	2.2437
564.625	2.2012
564.75	2.1627
564.875	2.1265
565.0	2.0943
565.125	2.0628
565.25	2.0306
565.375	2.0031
565.5	1.9772
565.625	1.9528
565.75	1.9323
565.875	1.9127
566.0	1.8946
566.125	1.8812
566.25	1.8757
566.375	1.8632
566.5	1.8537
566.625	1.8466
566.75	1.8435
566.875	1.8396
567.0	1.8396
567.125	1.8356
567.25	1.8396
567.375	1.8396
567.5	1.8396
567.625	1.8451
567.75	1.8474
567.875	1.8537
568.0	1.8584
568.125	1.8639
568.25	1.8679
568.375	1.8734
568.5	1.8781
568.625	1.882
568.75	1.8867
568.875	1.8938
569.0	1.8962
569.125	1.9009
569.25	1.9088
569.375	1.9103
569.5	1.915
569.625	1.9198
569.75	1.9237
569.875	1.9276
570.0	1.9316
570.125	1.9386
570.25	1.9433
570.375	1.9504
570.5	1.9536
570.625	1.9606
570.75	1.9654
570.875	1.9724
571.0	1.9795
571.125	1.9866
571.25	1.9921
571.375	2.0023
571.5	2.0078
571.625	2.0165
571.75	2.0227
571.875	2.0322
572.0	2.0408
572.125	2.0487
572.25	2.0558
572.375	2.0628
572.5	2.0731
572.625	2.0754
572.75	2.0841
572.875	2.0911
573.0	2.0943
573.125	2.1037
573.25	2.1069
573.375	2.1116
573.5	2.1147
573.625	2.1179
573.75	2.1194
573.875	2.1226
574.0	2.1218
574.125	2.1179
574.25	2.1179
574.375	2.1139
574.5	2.11
574.625	2.1029
574.75	2.0927
574.875	2.0825
575.0	2.0731
575.125	2.0597
575.25	2.0463
575.375	2.0306
575.5	2.0149
575.625	1.9968
575.75	1.9779
575.875	1.9591
576.0	1.9426
576.125	1.9221
576.25	1.904
576.375	1.882
576.5	1.8616
576.625	1.8411
576.75	1.8223
576.875	1.8011
577.0	1.7767
577.125	1.7617
577.25	1.7421
577.375	1.7256
577.5	1.7099
577.625	1.691
577.75	1.6776
577.875	1.6619
578.0	1.6509
578.125	1.6367
578.25	1.6289
578.375	1.6179
578.5	1.6084
578.625	1.6014
578.75	1.5943
578.875	1.5919
579.0	1.5896
579.125	1.5911
579.25	1.5896
579.375	1.5896
579.5	1.5919
579.625	1.5935
579.75	1.6022
579.875	1.6092
580.0	1.6179
580.125	1.6257
580.25	1.6344
580.375	1.643
580.5	1.6548
580.625	1.6666
580.75	1.68
580.875	1.6894
581.0	1.702
581.125	1.7161
581.25	1.7319
581.375	1.7476
581.5	1.7625
581.625	1.7767
581.75	1.7908
581.875	1.8089
582.0	1.8238
582.125	1.8396
582.25	1.8553
582.375	1.8679
582.5	1.8836
582.625	1.9056
582.75	1.9198
582.875	1.9363
583.0	1.952
583.125	1.9669
583.25	1.9803
583.375	1.996
583.5	2.0102
583.625	2.0259
583.75	2.0369
583.875	2.0503
584.0	2.0621
584.125	2.0731
584.25	2.0825
584.375	2.0943
584.5	2.1108
584.625	2.1234
584.75	2.1305
584.875	2.1422
585.0	2.1548
585.125	2.1627
585.25	2.1721
585.375	2.1847
585.5	2.1949
585.625	2.2075
585.75	2.2209
585.875	2.2327
586.0	2.2484
586.125	2.2586
586.25	2.2735
586.375	2.29
586.5	2.3042
586.625	2.3215
586.75	2.3372
586.875	2.3514
587.0	2.3726
587.125	2.3891
587.25	2.4103
587.375	2.4292
587.5	2.4504
587.625	2.4685
587.75	2.4897
587.875	2.511
588.0	2.529
588.125	2.5534
588.25	2.5723
588.375	2.5959
588.5	2.6155
588.625	2.6375
588.75	2.6619
588.875	2.6823
589.0	2.7012
589.125	2.7248
589.25	2.7468
589.375	2.7688
589.5	2.7877
589.625	2.8105
589.75	2.8301
589.875	2.8529
590.0	2.8726
590.125	2.8922
590.25	2.9111
590.375	2.9308
590.5	2.9488
590.625	2.9622
590.75	2.9803
590.875	2.9984
591.0	3.0117
591.125	3.029
591.25	3.0424
591.375	3.0573
591.5	3.0778
591.625	3.0872
591.75	3.0998
591.875	3.1124
592.0	3.1242
592.125	3.1367
592.25	3.1509
592.375	3.1588
592.5	3.1721
592.625	3.1855
592.75	3.1949
592.875	3.2036
593.0	3.213
593.125	3.2295
593.25	3.2413
593.375	3.2515
593.5	3.261
593.625	3.2759
593.75	3.3117
593.875	3.3219
594.0	3.3337
594.125	3.3439
594.25	3.3557
594.375	3.3691
594.5	3.3785
594.625	3.3911
594.75	3.4037
594.875	3.4123
595.0	3.4233
595.125	3.4336
595.25	3.4446
595.375	3.4532
595.5	3.465
595.625	3.4784
595.75	3.4855
595.875	3.4988
596.0	3.5067
596.125	3.5193
596.25	3.5279
596.375	3.5358
596.5	3.5413
596.625	3.5507
596.75	3.5609
596.875	3.5711
597.0	3.5798
597.125	3.5845
597.25	3.5955
597.375	3.6026
597.5	3.6034
597.625	3.612
597.75	3.6199
597.875	3.6285
598.0	3.6348
598.125	3.6403
598.25	3.645
598.375	3.6458
598.5	3.6529
598.625	3.6576
598.75	3.6631
598.875	3.6678
599.0	3.6718
599.125	3.6765
599.25	3.6765
599.375	3.6789
599.5	3.6844
599.625	3.6851
599.75	3.6899
599.875	3.693
600.0	3.6954
600.125	3.6954
600.25	3.6961
600.375	3.6977
600.5	3.7024
600.625	3.704
600.75	3.704
600.875	3.7064
601.0	3.7087
601.125	3.7072
601.25	3.7103
601.375	3.7087
601.5	3.7095
601.625	3.7134
601.75	3.7142
601.875	3.7158
602.0	3.7142
602.125	3.7127
602.25	3.7142
602.375	3.7158
602.5	3.715
602.625	3.7142
602.75	3.7182
602.875	3.7174
603.0	3.7142
603.125	3.7197
603.25	3.7197
603.375	3.7197
603.5	3.7213
603.625	3.7237
603.75	3.7237
603.875	3.726
604.0	3.7237
604.125	3.7284
604.25	3.7284
604.375	3.7331
604.5	3.7292
604.625	3.7331
604.75	3.7347
604.875	3.7339
605.0	3.7362
605.125	3.7378
605.25	3.7402
605.375	3.7425
605.5	3.7457
605.625	3.7449
605.75	3.7472
605.875	3.748
606.0	3.7496
606.125	3.7551
606.25	3.7567
606.375	3.7583
606.5	3.7567
606.625	3.759
606.75	3.7567
606.875	3.7598
607.0	3.7653
607.125	3.7638
607.25	3.7653
607.375	3.7677
607.5	3.7653
607.625	3.7645
607.75	3.7653
607.875	3.763
608.0	3.7661
608.125	3.7669
608.25	3.7661
608.375	3.7653
608.5	3.7614
608.625	3.7661
608.75	3.763
608.875	3.7551
609.0	3.7567
609.125	3.7543
609.25	3.7528
609.375	3.752
609.5	3.7457
609.625	3.7472
609.75	3.741
609.875	3.7378
610.0	3.7331
610.125	3.7331
610.25	3.7276
610.375	3.7237
610.5	3.7221
610.625	3.7158
610.75	3.7079
610.875	3.7048
611.0	3.6985
611.125	3.6977
611.25	3.6938
611.375	3.682
611.5	3.6733
611.625	3.6718
611.75	3.6671
611.875	3.6352
612.0	3.6561
612.125	3.6482
612.25	3.6411
612.375	3.6356
612.5	3.6262
612.625	3.623
612.75	3.6167
612.875	3.6097
613.0	3.6018
613.125	3.5963
613.25	3.5869
613.375	3.5822
613.5	3.5743
613.625	3.5672
613.75	3.5601
613.875	3.5523
614.0	3.546
614.125	3.5342
614.25	3.5271
614.375	3.5208
614.5	3.5106
614.625	3.5075
614.75	3.4972
614.875	3.4894
615.0	3.4776
615.125	3.4658
615.25	3.4634
615.375	3.454
615.5	3.4438
615.625	3.4336
615.75	3.4289
615.875	3.421
616.0	3.4084
616.125	3.4037
616.25	3.3982
616.375	3.3864
616.5	3.3793
616.625	3.3683
616.75	3.3636
616.875	3.3534
617.0	3.3471
617.125	3.3416
617.25	3.329
617.375	3.3227
617.5	3.3133
617.625	3.3062
617.75	3.2751
617.875	3.2696
618.0	3.2633
618.125	3.2539
618.25	3.2484
618.375	3.2429
618.5	3.235
618.625	3.2224
618.75	3.2177
618.875	3.2122
619.0	3.2083
619.125	3.1988
619.25	3.191
619.375	3.1823
619.5	3.1761
619.625	3.169
619.75	3.1556
619.875	3.1556
620.0	3.1422
620.125	3.1344
620.25	3.1257
620.375	3.1155
620.5	3.1077
620.625	3.1006
620.75	3.0927
620.875	3.0872
621.0	3.0809
621.125	3.0738
621.25	3.0683
621.375	3.0581
621.5	3.0511
621.625	3.0448
621.75	3.0369
621.875	3.0283
622.0	3.0196
622.125	3.0125
622.25	3.0031
622.375	2.9976
622.5	2.9882
622.625	2.9779
622.75	2.9756
622.875	2.9654
623.0	2.9567
623.125	2.9504
623.25	2.9418
623.375	2.9371
623.5	2.9261
623.625	2.919
623.75	2.9103
623.875	2.9025
624.0	2.8954
624.125	2.8899
624.25	2.8836
624.375	2.8726
624.5	2.8647
624.625	2.86
624.75	2.8506
624.875	2.8443
625.0	2.8364
625.125	2.8301
625.25	2.8231
625.375	2.816
625.5	2.8081
625.625	2.8042
625.75	2.7955
625.875	2.7885
626.0	2.7822
626.125	2.7712
626.25	2.768
626.375	2.7594
626.5	2.7523
626.625	2.7429
626.75	2.7366
626.875	2.7303
627.0	2.7216
627.125	2.7161
627.25	2.7114
627.375	2.7028
627.5	2.6926
627.625	2.6847
627.75	2.68
627.875	2.6737
628.0	2.6635
628.125	2.6595
628.25	2.6501
628.375	2.6422
628.5	2.6344
628.625	2.6273
628.75	2.6202
628.875	2.61
629.0	2.6069
629.125	2.5998
629.25	2.5927
629.375	2.5849
629.5	2.5778
629.625	2.5683
629.75	2.5628
629.875	2.5542
630.0	2.5455
630.125	2.5393
630.25	2.5298
630.375	2.5243
630.5	2.5196
630.625	2.5078
630.75	2.5015
630.875	2.4952
631.0	2.4866
631.125	2.4811
631.25	2.4716
631.375	2.4638
631.5	2.4559
631.625	2.4496
631.75	2.4426
631.875	2.4355
632.0	2.4284
632.125	2.4166
632.25	2.4111
632.375	2.4072
632.5	2.4001
632.625	2.3915
632.75	2.3805
632.875	2.3742
633.0	2.3679
633.125	2.3608
633.25	2.3514
633.375	2.3411
633.5	2.3349
633.625	2.3286
633.75	2.3231
633.875	2.3128
634.0	2.3073
634.125	2.2995
634.25	2.2908
634.375	2.283
634.5	2.2775
634.625	2.2696
634.75	2.261
634.875	2.2515
635.0	2.246
635.125	2.2374
635.25	2.2311
635.375	2.2201
635.5	2.2154
635.625	2.2075
635.75	2.202
635.875	2.1933
636.0	2.1839
636.125	2.1792
636.25	2.1721
636.375	2.1666
636.5	2.1572
636.625	2.1477
636.75	2.143
636.875	2.1344
637.0	2.1273
637.125	2.1202
637.25	2.1163
637.375	2.1084
637.5	2.099
637.625	2.0943
637.75	2.0825
637.875	2.0762
638.0	2.0691
638.125	2.0613
638.25	2.055
638.375	2.0455
638.5	2.0393
638.625	2.0353
638.75	2.0283
638.875	2.0196
639.0	2.0133
639.125	2.0086
639.25	1.9984
639.375	1.9921
639.5	1.9827
639.625	1.9764
639.75	1.9693
639.875	1.963
640.0	1.9575
640.125	1.9481
640.25	1.9426
640.375	1.9347
640.5	1.9261
640.625	1.9213
640.75	1.9127
640.875	1.9072
641.0	1.8993
641.125	1.8907
641.25	1.8836
641.375	1.8773
641.5	1.8726
641.625	1.8632
641.75	1.8577
641.875	1.8514
642.0	1.8427
642.125	1.8396
642.25	1.8301
642.375	1.8199
642.5	1.8144
642.625	1.8089
642.75	1.8011
642.875	1.7924
643.0	1.7893
643.125	1.7798
643.25	1.7735
643.375	1.7688
643.5	1.761
643.625	1.7523
643.75	1.7484
643.875	1.7405
644.0	1.7342
644.125	1.7279
644.25	1.7177
644.375	1.7138
644.5	1.7067
644.625	1.7004
644.75	1.6902
644.875	1.6886
645.0	1.6823
645.125	1.6753
645.25	1.6666
645.375	1.6627
645.5	1.658
645.625	1.6454
645.75	1.6391
645.875	1.6375
646.0	1.6289
646.125	1.621
646.25	1.6163
646.375	1.6092
646.5	1.6014
646.625	1.5966
646.75	1.5904
646.875	1.5833
647.0	1.5762
647.125	1.5691
647.25	1.5621
647.375	1.5566
647.5	1.5479
647.625	1.5448
647.75	1.5377
647.875	1.5298
648.0	1.5259
648.125	1.5204
648.25	1.5125
648.375	1.507
648.5	1.5015
648.625	1.4952
648.75	1.4882
648.875	1.4834
649.0	1.4756
649.125	1.4677
649.25	1.4614
649.375	1.4583
649.5	1.4551
649.625	1.4481
649.75	1.4402
649.875	1.4355
650.0	1.43
650.125	1.4261
650.25	1.4198
650.375	1.4135
650.5	1.4056
650.625	1.4009
650.75	1.393
650.875	1.3883
651.0	1.3844
651.125	1.3773
651.25	1.3718
651.375	1.3671
651.5	1.3608
651.625	1.3553
651.75	1.3482
651.875	1.3411
652.0	1.3372
652.125	1.3301
652.25	1.3254
652.375	1.3199
652.5	1.3128
652.625	1.3097
652.75	1.3058
652.875	1.2995
653.0	1.294
653.125	1.2893
653.25	1.2822
653.375	1.2775
653.5	1.2727
653.625	1.2657
653.75	1.2625
653.875	1.2586
654.0	1.2507
654.125	1.2444
654.25	1.2405
654.375	1.235
654.5	1.2303
654.625	1.224
654.75	1.2193
654.875	1.2146
655.0	1.2083
655.125	1.2036
655.25	1.1965
655.375	1.191
655.5	1.1871
655.625	1.1792
655.75	1.1768
655.875	1.1698
656.0	1.165
656.125	1.1588
656.25	1.1564
656.375	1.1493
656.5	1.1438
656.625	1.1399
656.75	1.1344
656.875	1.1289
657.0	1.1242
657.125	1.121
657.25	1.1132
657.375	1.1084
657.5	1.1037
657.625	1.0974
657.75	1.0943
657.875	1.088
658.0	1.0849
658.125	1.077
658.25	1.0738
658.375	1.0691
658.5	1.0652
658.625	1.0613
658.75	1.0542
658.875	1.0503
659.0	1.0448
659.125	1.0408
659.25	1.0345
659.375	1.0306
659.5	1.0251
659.625	1.0212
659.75	1.0165
659.875	1.0117
660.0	1.0086
660.125	1.0
660.25	0.9984
660.375	0.9905
660.5	0.9882
660.625	0.985
660.75	0.9779
660.875	0.9732
661.0	0.9693
661.125	0.9646
661.25	0.9622
661.375	0.9551
661.5	0.9528
661.625	0.9481
661.75	0.9418
661.875	0.9386
662.0	0.9339
662.125	0.9292
662.25	0.9245
662.375	0.919
662.5	0.9182
662.625	0.9119
662.75	0.908
662.875	0.9025
663.0	0.9009
663.125	0.8946
663.25	0.8883
663.375	0.886
663.5	0.882
663.625	0.8773
663.75	0.8734
663.875	0.871
664.0	0.8639
664.125	0.8608
664.25	0.8561
664.375	0.8522
664.5	0.8466
664.625	0.8443
664.75	0.8404
664.875	0.8364
665.0	0.8301
665.125	0.8262
665.25	0.8223
665.375	0.8207
665.5	0.816
665.625	0.8128
665.75	0.8089
665.875	0.8042
666.0	0.8018
666.125	0.7979
666.25	0.7924
666.375	0.7885
666.5	0.7845
666.625	0.7822
666.75	0.7767
666.875	0.7743
667.0	0.7712
667.125	0.7657
667.25	0.7641
667.375	0.7594
667.5	0.7547
667.625	0.7547
667.75	0.7492
667.875	0.7476
668.0	0.7437
668.125	0.7389
668.25	0.7358
668.375	0.7311
668.5	0.7287
668.625	0.724
668.75	0.7209
668.875	0.7169
669.0	0.7146
669.125	0.7122
669.25	0.7075
669.375	0.7044
669.5	0.7004
669.625	0.6973
669.75	0.6933
669.875	0.6902
670.0	0.6871
670.125	0.6847
670.25	0.6823
670.375	0.6768
670.5	0.6753
670.625	0.6713
670.75	0.669
670.875	0.665
671.0	0.6627
671.125	0.6588
671.25	0.6564
671.375	0.6509
671.5	0.6501
671.625	0.6462
671.75	0.643
671.875	0.6415
672.0	0.6375
672.125	0.6344
672.25	0.632
672.375	0.6273
672.5	0.6265
672.625	0.6226
672.75	0.6194
672.875	0.6171
673.0	0.6147
673.125	0.6124
673.25	0.6077
673.375	0.6069
673.5	0.6029
673.625	0.599
673.75	0.599
673.875	0.5943
674.0	0.5919
674.125	0.5888
674.25	0.5864
674.375	0.5817
674.5	0.5786
674.625	0.5754
674.75	0.5746
674.875	0.5699
675.0	0.5676
675.125	0.566
675.25	0.5621
675.375	0.5573
675.5	0.5558
675.625	0.5542
675.75	0.5471
675.875	0.5471
676.0	0.5455
676.125	0.5416
676.25	0.5377
676.375	0.5345
676.5	0.533
676.625	0.5322
676.75	0.5283
676.875	0.5267
677.0	0.5212
677.125	0.5212
677.25	0.5157
677.375	0.5141
677.5	0.5094
677.625	0.5086
677.75	0.5062
677.875	0.5023
678.0	0.5
678.125	0.4968
678.25	0.4944
678.375	0.4929
678.5	0.4905
678.625	0.4889
678.75	0.4858
678.875	0.4834
679.0	0.4811
679.125	0.4811
679.25	0.4764
679.375	0.4764
679.5	0.4732
679.625	0.4716
679.75	0.4685
679.875	0.4669
680.0	0.4669
680.125	0.4622
680.25	0.4622
680.375	0.4599
680.5	0.4575
680.625	0.4575
680.75	0.4536
680.875	0.4528
681.0	0.4504
681.125	0.4481
681.25	0.4465
681.375	0.4449
681.5	0.4426
681.625	0.4433
681.75	0.4386
681.875	0.4347
682.0	0.4355
682.125	0.4339
682.25	0.4292
682.375	0.4292
682.5	0.4261
682.625	0.4245
682.75	0.4237
682.875	0.4205
683.0	0.4198
683.125	0.419
683.25	0.4166
683.375	0.4135
683.5	0.4111
683.625	0.4103
683.75	0.4064
683.875	0.4064
684.0	0.4056
684.125	0.4009
684.25	0.4009
684.375	0.397
684.5	0.3954
684.625	0.3954
684.75	0.3915
684.875	0.3915
685.0	0.3907
685.125	0.3867
685.25	0.3867
685.375	0.3852
685.5	0.382
685.625	0.382
685.75	0.3773
685.875	0.3773
686.0	0.3773
686.125	0.3734
686.25	0.3718
686.375	0.3718
686.5	0.3687
686.625	0.3679
686.75	0.3647
686.875	0.3632
687.0	0.3632
687.125	0.3592
687.25	0.3569
687.375	0.3584
687.5	0.3561
687.625	0.3537
687.75	0.3522
687.875	0.3506
688.0	0.3466
688.125	0.3482
688.25	0.3443
688.375	0.3411
688.5	0.3435
688.625	0.3404
688.75	0.3372
688.875	0.3356
689.0	0.3349
689.125	0.3317
689.25	0.3301
689.375	0.3301
689.5	0.3294
689.625	0.3254
689.75	0.3231
689.875	0.3231
690.0	0.3207
690.125	0.3191
690.25	0.3183
690.375	0.316
690.5	0.3136
690.625	0.3113
690.75	0.3113
690.875	0.3105
691.0	0.3073
691.125	0.3066
691.25	0.3034
691.375	0.3018
691.5	0.3018
691.625	0.2995
691.75	0.2979
691.875	0.2971
692.0	0.294
692.125	0.2924
692.25	0.2924
692.375	0.2916
692.5	0.2885
692.625	0.2877
692.75	0.2853
692.875	0.2869
693.0	0.283
693.125	0.2822
693.25	0.2814
693.375	0.2783
693.5	0.2775
693.625	0.2767
693.75	0.2743
693.875	0.2735
694.0	0.2727
694.125	0.2688
694.25	0.2696
694.375	0.268
694.5	0.2649
694.625	0.2641
694.75	0.2641
694.875	0.2617
695.0	0.261
695.125	0.2594
695.25	0.2586
695.375	0.2578
695.5	0.2547
695.625	0.2539
695.75	0.2523
695.875	0.2507
696.0	0.25
696.125	0.2468
696.25	0.2468
696.375	0.2452
696.5	0.2452
696.625	0.2413
696.75	0.2405
696.875	0.2405
697.0	0.2405
697.125	0.2374
697.25	0.2366
697.375	0.2358
697.5	0.2358
697.625	0.2327
697.75	0.2311
697.875	0.2311
698.0	0.2303
698.125	0.2272
698.25	0.2264
698.375	0.2264
698.5	0.2256
698.625	0.2232
698.75	0.2224
698.875	0.2216
699.0	0.2216
699.125	0.2201
699.25	0.2177
699.375	0.2169
699.5	0.2169
699.625	0.2138
699.75	0.2138
699.875	0.2122
700.0	0.2122
700.125	0.2122
700.25	0.2083
700.375	0.2075
700.5	0.2075
700.625	0.2059
700.75	0.2051
700.875	0.2028
701.0	0.2028
701.125	0.2028
701.25	0.1996
701.375	0.2004
701.5	0.1981
701.625	0.1981
701.75	0.1981
701.875	0.1949
702.0	0.1933
702.125	0.1933
702.25	0.1933
702.375	0.1918
702.5	0.1886
702.625	0.1886
702.75	0.1878
702.875	0.1878
703.0	0.1878
703.125	0.1839
703.25	0.1839
703.375	0.1839
703.5	0.1792
703.625	0.1823
703.75	0.1792
703.875	0.1792
704.0	0.1776
704.125	0.1792
704.25	0.1753
704.375	0.1768
704.5	0.1745
704.625	0.1745
704.75	0.1745
704.875	0.1729
705.0	0.1705
705.125	0.1698
705.25	0.1698
705.375	0.1698
705.5	0.169
705.625	0.165
705.75	0.165
705.875	0.165
706.0	0.165
706.125	0.165
706.25	0.1619
706.375	0.1619
706.5	0.1603
706.625	0.1603
706.75	0.1603
706.875	0.158
707.0	0.1588
707.125	0.1556
707.25	0.1556
707.375	0.1556
707.5	0.154
707.625	0.1517
707.75	0.1509
707.875	0.1509
708.0	0.1509
708.125	0.1509
708.25	0.1509
708.375	0.1485
708.5	0.1462
708.625	0.1462
708.75	0.1462
708.875	0.1462
709.0	0.1462
709.125	0.1438
709.25	0.143
709.375	0.1415
709.5	0.1415
709.625	0.1407
709.75	0.1415
709.875	0.1415
710.0	0.1375
710.125	0.1367
710.25	0.1367
710.375	0.1367
710.5	0.1367
710.625	0.136
710.75	0.1328
710.875	0.1336
711.0	0.1336
711.125	0.132
711.25	0.132
711.375	0.132
711.5	0.132
711.625	0.1297
711.75	0.1297
711.875	0.1273
712.0	0.1289
712.125	0.1273
712.25	0.1273
712.375	0.1242
712.5	0.125
712.625	0.1242
712.75	0.1226
712.875	0.1226
713.0	0.1226
713.125	0.1226
713.25	0.1218
713.375	0.1226
713.5	0.1194
713.625	0.1194
713.75	0.1179
713.875	0.1179
714.0	0.1179
714.125	0.1179
714.25	0.1163
714.375	0.1139
714.5	0.1132
714.625	0.1132
714.75	0.1132
714.875	0.1132
715.0	0.1116
715.125	0.1124
715.25	0.1132
715.375	0.1124
715.5	0.1092
715.625	0.1084
715.75	0.1092
715.875	0.1084
716.0	0.1061
716.125	0.1061
716.25	0.1084
716.375	0.1053
716.5	0.1045
716.625	0.1037
716.75	0.1037
716.875	0.1037
717.0	0.1037
717.125	0.1014
717.25	0.1037
717.375	0.1006
717.5	0.1006
717.625	0.099
717.75	0.099
717.875	0.099
718.0	0.099
718.125	0.099
718.25	0.099
718.375	0.0982
718.5	0.0959
718.625	0.0951
718.75	0.0974
718.875	0.0951
719.0	0.0943
719.125	0.0951
719.25	0.0943
719.375	0.0935
719.5	0.0911
719.625	0.0896
719.75	0.0911
719.875	0.0904
720.0	0.0896
720.125	0.0896
720.25	0.0896
720.375	0.0896
720.5	0.0888
720.625	0.088
720.75	0.0872
720.875	0.0864
721.0	0.0856
721.125	0.0849
721.25	0.0849
721.375	0.0849
721.5	0.0849
721.625	0.0849
721.75	0.0849
721.875	0.0833
722.0	0.0849
722.125	0.0833
722.25	0.0809
722.375	0.0801
722.5	0.0801
722.625	0.0801
722.75	0.0801
722.875	0.0801
723.0	0.0786
723.125	0.0801
723.25	0.0794
723.375	0.077
723.5	0.0762
723.625	0.0754
723.75	0.0754
723.875	0.0754
724.0	0.0754
724.125	0.0754
724.25	0.0738
724.375	0.0746
724.5	0.0738
724.625	0.0731
724.75	0.0707
724.875	0.0715
725.0	0.0707
725.125	0.0707
725.25	0.0707
725.375	0.0707
725.5	0.0707
725.625	0.0691
725.75	0.0668
725.875	0.0683
726.0	0.066
726.125	0.0668
726.25	0.066
726.375	0.066
726.5	0.0652
726.625	0.066
726.75	0.0636
726.875	0.0644
727.0	0.0628
727.125	0.0621
727.25	0.0613
727.375	0.0613
727.5	0.0613
727.625	0.0613
727.75	0.0613
727.875	0.0605
728.0	0.0581
728.125	0.0566
728.25	0.0573
728.375	0.0566
728.5	0.0566
728.625	0.0581
728.75	0.0566
728.875	0.0566
729.0	0.0566
729.125	0.055
729.25	0.0518
729.375	0.0542
729.5	0.0526
729.625	0.0518
729.75	0.0518
729.875	0.0518
730.0	0.0518
730.125	0.0503
730.25	0.0511
730.375	0.0495
730.5	0.0487
730.625	0.0471
730.75	0.0479
730.875	0.0479
731.0	0.0479
731.125	0.0471
731.25	0.0471
731.375	0.0471
731.5	0.0463
731.625	0.0455
731.75	0.0463
731.875	0.0463
732.0	0.0455
732.125	0.044
732.25	0.0455
732.375	0.044
732.5	0.044
732.625	0.0448
732.75	0.0463
732.875	0.0424
733.0	0.044
733.125	0.0448
733.25	0.0455
733.375	0.0424
733.5	0.0432
733.625	0.0424
733.75	0.0424
733.875	0.0424
734.0	0.0424
734.125	0.0424
734.25	0.0424
734.375	0.0424
734.5	0.0416
734.625	0.0424
734.75	0.0424
734.875	0.0416
735.0	0.0424
735.125	0.0424
735.25	0.0424
735.375	0.0424
735.5	0.0424
735.625	0.0408
735.75	0.0416
735.875	0.04
736.0	0.0393
736.125	0.0416
736.25	0.0393
736.375	0.0385
736.5	0.04
736.625	0.0408
736.75	0.0393
736.875	0.0377
737.0	0.0393
737.125	0.0385
737.25	0.0393
737.375	0.0393
737.5	0.0385
737.625	0.0385
737.75	0.0377
737.875	0.0393
738.0	0.0385
738.125	0.0377
738.25	0.0377
738.375	0.0385
738.5	0.0377
738.625	0.0385
738.75	0.0377
738.875	0.0377
739.0	0.0377
739.125	0.0377
739.25	0.0361
739.375	0.0377
739.5	0.0377
739.625	0.0377
739.75	0.0369
739.875	0.0377
740.0	0.0369
740.125	0.0369
740.25	0.0377
740.375	0.0377
740.5	0.0369
740.625	0.0361
740.75	0.0377
740.875	0.0369
741.0	0.0361
741.125	0.0377
741.25	0.0345
741.375	0.0361
741.5	0.0361
741.625	0.0369
741.75	0.0338
741.875	0.0345
742.0	0.033
742.125	0.0353
742.25	0.0345
742.375	0.033
742.5	0.033
742.625	0.033
742.75	0.033
742.875	0.033
743.0	0.033
743.125	0.033
743.25	0.033
743.375	0.033
743.5	0.033
743.625	0.033
743.75	0.033
743.875	0.033
744.0	0.033
744.125	0.033
744.25	0.033
744.375	0.033
744.5	0.033
744.625	0.033
744.75	0.033
744.875	0.033
745.0	0.033
745.125	0.033
745.25	0.033
745.375	0.033
745.5	0.033
745.625	0.033
745.75	0.033
745.875	0.033
746.0	0.033
746.125	0.033
746.25	0.033
746.375	0.033
746.5	0.0306
746.625	0.033
746.75	0.033
746.875	0.033
747.0	0.033
747.125	0.033
747.25	0.0306
747.375	0.033
747.5	0.0306
747.625	0.033
747.75	0.033
747.875	0.033
748.0	0.033
748.125	0.033
748.25	0.0322
748.375	0.033
748.5	0.0322
748.625	0.0322
748.75	0.0314
748.875	0.0314
749.0	0.0314
749.125	0.0306
749.25	0.0322
749.375	0.0298
749.5	0.033
749.625	0.0314
749.75	0.0314
749.875	0.0283
750.0	0.0314
750.125	0.0306
750.25	0.0298
750.375	0.0298
750.5	0.0283
750.625	0.0314
750.75	0.0306
750.875	0.029
751.0	0.0298
751.125	0.029
751.25	0.0306
751.375	0.0306
751.5	0.029
751.625	0.029
751.75	0.0283
751.875	0.0306
752.0	0.0298
752.125	0.0283
752.25	0.0306
752.375	0.029
752.5	0.0298
752.625	0.0298
752.75	0.0283
752.875	0.029
753.0	0.0283
753.125	0.029
753.25	0.029
753.375	0.029
753.5	0.0283
753.625	0.0283
753.75	0.0283
753.875	0.0283
754.0	0.0283
754.125	0.0283
754.25	0.0283
754.375	0.029
754.5	0.029
754.625	0.0298
754.75	0.0283
754.875	0.0283
755.0	0.0298
755.125	0.0283
755.25	0.0283
755.375	0.0283
755.5	0.0283
755.625	0.0298
755.75	0.0283
755.875	0.0283
756.0	0.0283
756.125	0.0283
756.25	0.0283
756.375	0.0283
756.5	0.0283
756.625	0.0283
756.75	0.0275
756.875	0.0283
757.0	0.0283
757.125	0.0283
757.25	0.0283
757.375	0.0283
757.5	0.0283
757.625	0.0283
757.75	0.0283
757.875	0.0275
758.0	0.0283
758.125	0.0283
758.25	0.0283
758.375	0.0283
758.5	0.0283
758.625	0.0283
758.75	0.0283
758.875	0.0283
759.0	0.0283
759.125	0.0267
759.25	0.0283
759.375	0.0283
759.5	0.0283
759.625	0.0275
759.75	0.0267
759.875	0.0283
760.0	0.0275
760.125	0.0267
760.25	0.0259
760.375	0.0259
760.5	0.0267
760.625	0.0275
760.75	0.0267
760.875	0.0251
761.0	0.0267
761.125	0.0283
761.25	0.0259
761.375	0.0267
761.5	0.0283
761.625	0.0283
761.75	0.0235
761.875	0.0275
762.0	0.0251
762.125	0.0259
762.25	0.0259
762.375	0.0275
762.5	0.0259
762.625	0.0235
762.75	0.0267
762.875	0.0251
763.0	0.0275
763.125	0.0267
763.25	0.0267
763.375	0.0259
763.5	0.0259
763.625	0.0243
763.75	0.0259
763.875	0.0251
764.0	0.0259
764.125	0.0267
764.25	0.0267
764.375	0.0267
764.5	0.0259
764.625	0.0259
764.75	0.0259
764.875	0.0251
765.0	0.0235
765.125	0.0275
765.25	0.0267
765.375	0.0267
765.5	0.0259
765.625	0.0243
765.75	0.0243
765.875	0.0243
766.0	0.0235
766.125	0.0235
766.25	0.0235
766.375	0.0235
766.5	0.0251
766.625	0.0235
766.75	0.0243
766.875	0.0235
767.0	0.0251
767.125	0.0235
767.25	0.0235
767.375	0.0235
767.5	0.0243
767.625	0.0235
767.75	0.0259
767.875	0.0235
768.0	0.0235
768.125	0.0235
768.25	0.0235
768.375	0.0235
768.5	0.0235
768.625	0.0243
768.75	0.0235
768.875	0.0235
769.0	0.0235
769.125	0.0243
769.25	0.0235
769.375	0.0235
769.5	0.0243
769.625	0.0243
769.75	0.0235
769.875	0.0235
770.0	0.0235
770.125	0.0235
770.25	0.0235
770.375	0.0235
770.5	0.0235
770.625	0.0235
770.75	0.0235
770.875	0.0235
771.0	0.0235
771.125	0.0235
771.25	0.0235
771.375	0.0235
771.5	0.0235
771.625	0.0235
771.75	0.0235
771.875	0.0235
772.0	0.0235
772.125	0.0235
772.25	0.0235
772.375	0.0235
772.5	0.0235
772.625	0.0235
772.75	0.0235
772.875	0.0235
773.0	0.0227
773.125	0.0235
773.25	0.0235
773.375	0.0235
773.5	0.0235
773.625	0.0227
773.75	0.0235
773.875	0.0235
774.0	0.0235
774.125	0.0235
774.25	0.0235
774.375	0.0235
774.5	0.0235
774.625	0.0227
774.75	0.022
774.875	0.022
775.0	0.022
775.125	0.0235
775.25	0.0227
775.375	0.0227
775.5	0.0235
775.625	0.0227
775.75	0.0235
775.875	0.0235
776.0	0.0235
776.125	0.0235
776.25	0.0235
776.375	0.0235
776.5	0.022
776.625	0.0227
776.75	0.0196
776.875	0.0227
777.0	0.0235
777.125	0.0235
777.25	0.022
777.375	0.0227
777.5	0.0212
777.625	0.022
777.75	0.0227
777.875	0.0235
778.0	0.0212
778.125	0.022
778.25	0.022
778.375	0.0212
778.5	0.022
778.625	0.0204
778.75	0.0188
778.875	0.0227
779.0	0.0196
779.125	0.022
779.25	0.0204
779.375	0.0204
779.5	0.0227
779.625	0.0212
779.75	0.0204
779.875	0.0204
780.0	0.022
780.125	0.0212
780.25	0.0212
780.375	0.0204
780.5	0.0212
780.625	0.0196
780.75	0.0212
780.875	0.0188
781.0	0.0196
781.125	0.0188
781.25	0.0188
781.375	0.0188
781.5	0.0204
781.625	0.0196
781.75	0.0204
781.875	0.0188
782.0	0.022
782.125	0.0196
782.25	0.0204
782.375	0.0196
782.5	0.0204
782.625	0.0188
782.75	0.0196
782.875	0.0204
783.0	0.0196
783.125	0.0188
783.25	0.0188
783.375	0.0188
783.5	0.0188
783.625	0.0188
783.75	0.0188
783.875	0.0188
784.0	0.0188
784.125	0.0188
784.25	0.0212
784.375	0.0204
784.5	0.0188
784.625	0.0188
784.75	0.0188
784.875	0.0188
785.0	0.0196
785.125	0.0196
785.25	0.0188
785.375	0.0188
785.5	0.0188
785.625	0.0188
785.75	0.0188
785.875	0.0196
786.0	0.0188
786.125	0.0188
786.25	0.0196
786.375	0.0188
786.5	0.0212
786.625	0.0196
786.75	0.0196
786.875	0.0196
787.0	0.0188
787.125	0.0188
787.25	0.0188
787.375	0.0188
787.5	0.0188
787.625	0.0188
787.75	0.0196
787.875	0.0188
788.0	0.0188
788.125	0.0188
788.25	0.0188
788.375	0.0188
788.5	0.0196
788.625	0.0188
788.75	0.0188
788.875	0.0188
789.0	0.0188
789.125	0.0188
789.25	0.0188
789.375	0.0188
789.5	0.0188
789.625	0.0204
789.75	0.0196
789.875	0.0188
790.0	0.0196
790.125	0.0188
790.25	0.0188
790.375	0.0196
790.5	0.0196
790.625	0.0204
790.75	0.0188
790.875	0.0212
791.0	0.0188
791.125	0.0188
791.25	0.0188
791.375	0.0196
791.5	0.0188
791.625	0.0188
791.75	0.0188
791.875	0.0188
792.0	0.0188
792.125	0.0188
792.25	0.0188
792.375	0.0188
792.5	0.0188
792.625	0.0188
792.75	0.0188
792.875	0.0196
793.0	0.0196
793.125	0.0188
793.25	0.0188
793.375	0.0188
793.5	0.0188
793.625	0.0188
793.75	0.0188
793.875	0.0196
794.0	0.0188
794.125	0.0188
794.25	0.0188
794.375	0.0196
794.5	0.0188
794.625	0.0188
794.75	0.0188
794.875	0.0188
795.0	0.0212
795.125	0.0188
795.25	0.0188
795.375	0.0204
795.5	0.0188
795.625	0.0196
795.75	0.0188
795.875	0.0188
796.0	0.0188
796.125	0.0188
796.25	0.0196
796.375	0.0188
796.5	0.0188
796.625	0.0188
796.75	0.0188
796.875	0.0188
797.0	0.0188
797.125	0.0196
797.25	0.0188
797.375	0.0188
797.5	0.0188
797.625	0.0188
797.75	0.0188
797.875	0.0188
798.0	0.0188
798.125	0.0188
798.25	0.0188
798.375	0.0188
798.5	0.0188
798.625	0.0188
798.75	0.0188
798.875	0.0188
799.0	0.0188
799.125	0.0188
799.25	0.0188
799.375	0.0188
799.5	0.0196
799.625	0.0188
799.75	0.0188
799.875	0.018
800.0	0.0188
800.125	0.0188
800.25	0.0188
800.375	0.0188
800.5	0.0188
800.625	0.0204
800.75	0.0188
800.875	0.0196
801.0	0.0188
801.125	0.0188
801.25	0.0188
801.375	0.0188
801.5	0.0188
801.625	0.0188
801.75	0.0188
801.875	0.0196
802.0	0.0188
802.125	0.0188
802.25	0.0196
802.375	0.0188
802.5	0.0204
802.625	0.0188
802.75	0.0188
802.875	0.0188
803.0	0.0204
803.125	0.0196
803.25	0.0188
803.375	0.0188
803.5	0.0188
803.625	0.0188
803.75	0.0188
803.875	0.0188
804.0	0.0188
804.125	0.0188
804.25	0.0188
804.375	0.0196
804.5	0.0188
804.625	0.0188
804.75	0.0196
804.875	0.0188
805.0	0.0188
805.125	0.0188
805.25	0.0188
805.375	0.0188
805.5	0.0188
805.625	0.0188
805.75	0.0188
805.875	0.0188
806.0	0.0212
806.125	0.0188
806.25	0.0188
806.375	0.0188
806.5	0.0188
806.625	0.0188
806.75	0.0188
806.875	0.0188
807.0	0.0188
807.125	0.0188
807.25	0.0188
807.375	0.0188
807.5	0.0188
807.625	0.0188
807.75	0.0188
807.875	0.0188
808.0	0.0188
808.125	0.0188
808.25	0.0188
808.375	0.0196
808.5	0.0188
808.625	0.0188
808.75	0.0196
808.875	0.0188
809.0	0.0188
809.125	0.0196
809.25	0.0188
809.375	0.0204
809.5	0.0188
809.625	0.0188
809.75	0.0188
809.875	0.0204
810.0	0.0196
810.125	0.0188
810.25	0.0188
810.375	0.0188
810.5	0.0188
810.625	0.0188
810.75	0.0204
810.875	0.0188
811.0	0.0204
811.125	0.0188
811.25	0.0188
811.375	0.0188
811.5	0.0196
811.625	0.0188
811.75	0.0188
811.875	0.0204
812.0	0.0204
812.125	0.0196
812.25	0.0188
812.375	0.0204
812.5	0.0212
812.625	0.0204
812.75	0.0196
812.875	0.0204
813.0	0.0204
813.125	0.0204
813.25	0.0196
813.375	0.0212
813.5	0.0196
813.625	0.0188
813.75	0.022
813.875	0.0188
814.0	0.0196
814.125	0.0196
814.25	0.0188
814.375	0.0227
814.5	0.0204
814.625	0.0204
814.75	0.0212
814.875	0.022
815.0	0.022
815.125	0.022
815.25	0.0212
815.375	0.0212
815.5	0.0212
815.625	0.0204
815.75	0.0212
815.875	0.0212
816.0	0.022
816.125	0.022
816.25	0.0212
816.375	0.0227
816.5	0.0227
816.625	0.0235
816.75	0.0227
816.875	0.022
817.0	0.0227
817.125	0.0227
817.25	0.022
817.375	0.0227
817.5	0.0235
817.625	0.0235
817.75	0.0227
817.875	0.0235
818.0	0.0235
818.125	0.0227
818.25	0.0235
818.375	0.0227
818.5	0.0227
818.625	0.0235
818.75	0.0235
818.875	0.0235
819.0	0.0227
819.125	0.0227
819.25	0.0235
819.375	0.0235
819.5	0.0235
819.625	0.0227
819.75	0.0235
819.875	0.0235
820.0	0.0235
820.125	0.0235
820.25	0.0235
820.375	0.0235
820.5	0.0235
820.625	0.0235
820.75	0.0235
820.875	0.0235
821.0	0.0235
821.125	0.0235
821.25	0.0235
821.375	0.0235
821.5	0.0235
821.625	0.0235
821.75	0.0235
821.875	0.0235
822.0	0.0235
822.125	0.0243
822.25	0.0235
822.375	0.0235
822.5	0.0235
822.625	0.0235
822.75	0.0235
822.875	0.0235
823.0	0.0235
823.125	0.0235
823.25	0.0235
823.375	0.0251
823.5	0.0235
823.625	0.0235
823.75	0.0243
823.875	0.0235
824.0	0.0251
824.125	0.0235
824.25	0.0235
824.375	0.0235
824.5	0.0243
824.625	0.0243
824.75	0.0235
824.875	0.0243
825.0	0.0235
825.125	0.0259
825.25	0.0251
825.375	0.0267
825.5	0.0251
825.625	0.0275
825.75	0.0259
825.875	0.0243
826.0	0.0259
826.125	0.0243
826.25	0.0259
826.375	0.0259
826.5	0.0283
826.625	0.0251
826.75	0.0259
826.875	0.0283
827.0	0.0251
827.125	0.0283
827.25	0.0275
827.375	0.0275
827.5	0.0267
827.625	0.0267
827.75	0.0267
827.875	0.0283
828.0	0.0283
828.125	0.0275
828.25	0.0267
828.375	0.0283
828.5	0.0267
828.625	0.0259
828.75	0.0283
828.875	0.0283
829.0	0.0275
829.125	0.0283
829.25	0.0275
829.375	0.0283
829.5	0.0283
829.625	0.0283
829.75	0.0283
829.875	0.0283
830.0	0.0283
830.125	0.0283
830.25	0.0283
830.375	0.0275
830.5	0.0283
830.625	0.0283
830.75	0.0283
830.875	0.0283
831.0	0.029
831.125	0.0283
831.25	0.0283
831.375	0.0275
831.5	0.0283
831.625	0.0283
831.75	0.0283
831.875	0.0298
832.0	0.0283
832.125	0.0283
832.25	0.0283
832.375	0.0283
832.5	0.0283
832.625	0.0283
832.75	0.029
832.875	0.0306
833.0	0.0314
833.125	0.0306
833.25	0.0298
833.375	0.0283
833.5	0.029
833.625	0.0298
833.75	0.033
833.875	0.0306
834.0	0.0314
834.125	0.0322
834.25	0.033
834.375	0.0322
834.5	0.0314
834.625	0.0322
834.75	0.0322
834.875	0.033
835.0	0.033
835.125	0.033
835.25	0.033
835.375	0.0322
835.5	0.033
835.625	0.033
835.75	0.033
835.875	0.0322
836.0	0.033
836.125	0.033
836.25	0.033
836.375	0.0338
836.5	0.033
836.625	0.033
836.75	0.033
836.875	0.033
837.0	0.033
837.125	0.033
837.25	0.033
837.375	0.0338
837.5	0.033
837.625	0.033
837.75	0.0338
837.875	0.0345
838.0	0.0353
838.125	0.033
838.25	0.0338
838.375	0.0345
838.5	0.0369
838.625	0.0361
838.75	0.0345
838.875	0.0353
839.0	0.0338
839.125	0.0345
839.25	0.0353
839.375	0.0361
839.5	0.0377
839.625	0.0369
839.75	0.0369
839.875	0.0369
840.0	0.0377
840.125	0.0361
840.25	0.0353
840.375	0.0377
840.5	0.0377
840.625	0.0377
840.75	0.0377
840.875	0.0377
841.0	0.0377
841.125	0.0385
841.25	0.0377
841.375	0.0377
841.5	0.0377
841.625	0.0377
841.75	0.0393
841.875	0.0385
842.0	0.0377
842.125	0.04
842.25	0.0393
842.375	0.0393
842.5	0.0377
842.625	0.0385
842.75	0.04
842.875	0.0408
843.0	0.0385
843.125	0.0393
843.25	0.0424
843.375	0.04
843.5	0.0416
843.625	0.0424
843.75	0.0424
843.875	0.0416
844.0	0.0424
844.125	0.0424
844.25	0.0424
844.375	0.0424
844.5	0.0424
844.625	0.0424
844.75	0.0424
844.875	0.0424
845.0	0.0424
845.125	0.0424
845.25	0.0424
845.375	0.0432
845.5	0.0432
845.625	0.0448
845.75	0.0463
845.875	0.0455
846.0	0.0455
846.125	0.044
846.25	0.044
846.375	0.0463
846.5	0.0432
846.625	0.0455
846.75	0.0471
846.875	0.0463
847.0	0.0455
847.125	0.0471
847.25	0.0463
847.375	0.0463
847.5	0.0471
847.625	0.0471
847.75	0.0471
847.875	0.0479
848.0	0.0471
848.125	0.0471
848.25	0.0471
848.375	0.0487
848.5	0.0471
848.625	0.0479
848.75	0.0471
848.875	0.0471
849.0	0.0487
849.125	0.0495
849.25	0.0495
849.375	0.0479
849.5	0.0487
849.625	0.0503
849.75	0.0511
849.875	0.0503
850.0	0.0518
850.125	0.0503
850.25	0.0518
850.375	0.0518
850.5	0.0518
850.625	0.0511
850.75	0.0518
850.875	0.0518
851.0	0.0518
851.125	0.0518
851.25	0.0518
851.375	0.0518
851.5	0.0534
851.625	0.0518
851.75	0.0518
851.875	0.0534
852.0	0.0518
852.125	0.0526
852.25	0.0542
852.375	0.0518
852.5	0.0558
852.625	0.0542
852.75	0.0542
852.875	0.0566
853.0	0.0558
853.125	0.0558
853.25	0.055
853.375	0.055
853.5	0.0566
853.625	0.055
853.75	0.0566
853.875	0.0558
854.0	0.0566
854.125	0.0566
854.25	0.0566
854.375	0.0566
854.5	0.0566
854.625	0.0566
854.75	0.0566
854.875	0.0566
855.0	0.0566
855.125	0.0566
855.25	0.0566
855.375	0.0566
855.5	0.0566
855.625	0.0566
855.75	0.0566
855.875	0.0566
856.0	0.0573
856.125	0.0597
856.25	0.0573
856.375	0.0613
856.5	0.0597
856.625	0.0605
856.75	0.0613
856.875	0.0613
857.0	0.0613
857.125	0.0613
857.25	0.0613
857.375	0.0613
857.5	0.0613
857.625	0.0613
857.75	0.0621
857.875	0.0613
858.0	0.0613
858.125	0.0628
858.25	0.0636
858.375	0.0644
858.5	0.0636
858.625	0.066
858.75	0.0613
858.875	0.0652
859.0	0.066
859.125	0.0652
859.25	0.0644
859.375	0.066
859.5	0.066
859.625	0.066
859.75	0.066
859.875	0.0683
860.0	0.066
860.125	0.0668
860.25	0.0676
860.375	0.0691
860.5	0.0699
860.625	0.0699
860.75	0.0676
860.875	0.0707
861.0	0.0707
861.125	0.0707
861.25	0.0707
861.375	0.0707
861.5	0.0715
861.625	0.0707
861.75	0.0715
861.875	0.0723
862.0	0.0746
862.125	0.0723
862.25	0.0731
862.375	0.0731
862.5	0.0715
862.625	0.0731
862.75	0.0754
862.875	0.0754
863.0	0.0754
863.125	0.0754
863.25	0.077
863.375	0.0754
863.5	0.0754
863.625	0.0754
863.75	0.077
863.875	0.0762
864.0	0.0778
864.125	0.0786
864.25	0.0794
864.375	0.0801
864.5	0.0801
864.625	0.0801
864.75	0.0801
864.875	0.0801
865.0	0.0801
865.125	0.0809
865.25	0.0801
865.375	0.0801
865.5	0.0849
865.625	0.0849
865.75	0.0849
865.875	0.0849
866.0	0.0833
866.125	0.0849
866.25	0.0825
866.375	0.0849
866.5	0.0849
866.625	0.0849
866.75	0.0849
866.875	0.0849
867.0	0.0864
867.125	0.0849
867.25	0.0864
867.375	0.0864
867.5	0.088
867.625	0.0896
867.75	0.0888
867.875	0.0896
868.0	0.0896
868.125	0.0896
868.25	0.0896
868.375	0.0896
868.5	0.0911
868.625	0.0911
868.75	0.0911
868.875	0.0919
869.0	0.0919
869.125	0.0935
869.25	0.0943
869.375	0.0943
869.5	0.0935
869.625	0.0943
869.75	0.0943
869.875	0.0943
870.0	0.0943
870.125	0.0951
870.25	0.0951
870.375	0.0974
870.5	0.0959
870.625	0.0974
870.75	0.099
870.875	0.099
871.0	0.099
871.125	0.099
871.25	0.099
871.375	0.1006
871.5	0.1014
871.625	0.1022
871.75	0.1037
871.875	0.1037
872.0	0.1029
872.125	0.1037
872.25	0.1037
872.375	0.1037
872.5	0.1037
872.625	0.1045
872.75	0.1061
872.875	0.1061
873.0	0.1045
873.125	0.1069
873.25	0.1077
873.375	0.1084
873.5	0.1084
873.625	0.1084
873.75	0.1084
873.875	0.1084
874.0	0.1124
874.125	0.1124
874.25	0.1132
874.375	0.1108
874.5	0.1124
874.625	0.1132
874.75	0.1132
874.875	0.1147
875.0	0.1139
875.125	0.1139
875.25	0.1171
875.375	0.1179
875.5	0.1179
875.625	0.1179
875.75	0.1179
875.875	0.1194
876.0	0.1179
876.125	0.1218
876.25	0.121
876.375	0.1226
876.5	0.121
876.625	0.1218
876.75	0.1226
876.875	0.1226
877.0	0.1226
877.125	0.1273
877.25	0.1257
877.375	0.1273
877.5	0.1273
877.625	0.1273
877.75	0.1281
877.875	0.1289
878.0	0.132
878.125	0.132
878.25	0.132
878.375	0.132
878.5	0.132
878.625	0.132
878.75	0.132
878.875	0.1328
879.0	0.1367
879.125	0.136
879.25	0.1367
879.375	0.1375
879.5	0.1383
879.625	0.1407
879.75	0.1391
879.875	0.1407
880.0	0.1415
880.125	0.1415
880.25	0.1415
880.375	0.1438
880.5	0.1438
880.625	0.1462
880.75	0.1462
880.875	0.1462
881.0	0.1477
881.125	0.1509
881.25	0.1493
881.375	0.1509
881.5	0.1509
881.625	0.1509
881.75	0.1525
881.875	0.1509
882.0	0.1556
882.125	0.1556
882.25	0.1556
882.375	0.1564
882.5	0.1595
882.625	0.1603
882.75	0.1603
882.875	0.1611
883.0	0.1603
883.125	0.1611
883.25	0.1643
883.375	0.165
883.5	0.165
883.625	0.165
883.75	0.165
883.875	0.169
884.0	0.169
884.125	0.1698
884.25	0.1698
884.375	0.1698
884.5	0.1713
884.625	0.1721
884.75	0.1745
884.875	0.1745
885.0	0.1745
885.125	0.1761
885.25	0.1776
885.375	0.1784
885.5	0.1776
885.625	0.1792
885.75	0.1792
885.875	0.1792
886.0	0.1831
886.125	0.1831
886.25	0.1823
886.375	0.1839
886.5	0.1839
886.625	0.1871
886.75	0.1878
886.875	0.1871
887.0	0.1886
887.125	0.1886
887.25	0.1886
887.375	0.1886
887.5	0.1918
887.625	0.1926
887.75	0.1933
887.875	0.1941
888.0	0.1933
888.125	0.1949
888.25	0.1973
888.375	0.1973
888.5	0.1981
888.625	0.1973
888.75	0.1981
888.875	0.1981
889.0	0.1981
889.125	0.1988
889.25	0.202
889.375	0.2028
889.5	0.2036
889.625	0.2028
889.75	0.2044
889.875	0.2036
890.0	0.2028
890.125	0.2075
890.25	0.2051
890.375	0.2075
890.5	0.2075
890.625	0.2075
890.75	0.2075
890.875	0.2075
891.0	0.2091
891.125	0.2106
891.25	0.2091
891.375	0.2106
891.5	0.2114
891.625	0.2122
891.75	0.2122
891.875	0.2122
892.0	0.2122
892.125	0.2122
892.25	0.2122
892.375	0.2122
892.5	0.2122
892.625	0.2122
892.75	0.2122
892.875	0.213
893.0	0.2122
893.125	0.2146
893.25	0.2146
893.375	0.2146
893.5	0.2154
893.625	0.2138
893.75	0.2154
893.875	0.2154
894.0	0.2138
894.125	0.2169
894.25	0.2122
894.375	0.2161
894.5	0.2146
894.625	0.213
894.75	0.2146
894.875	0.2161
895.0	0.2154
895.125	0.2138
895.25	0.2138
895.375	0.213
895.5	0.2146
895.625	0.213
895.75	0.213
895.875	0.2122
896.0	0.2122
896.125	0.2122
896.25	0.2122
896.375	0.2122
896.5	0.2122
896.625	0.2122
896.75	0.2106
896.875	0.2099
897.0	0.2083
897.125	0.2083
897.25	0.2083
897.375	0.2083
897.5	0.2075
897.625	0.2075
897.75	0.2075
897.875	0.2075
898.0	0.2075
898.125	0.2051
898.25	0.2036
898.375	0.2036
898.5	0.2028
898.625	0.2028
898.75	0.2028
898.875	0.2028
899.0	0.2004
899.125	0.2004
899.25	0.2004
899.375	0.1981
899.5	0.1988
899.625	0.1981
899.75	0.1981
899.875	0.1973
