300.0	0.0031
300.125	0.0031
300.25	0.0023
300.375	0.0
300.5	0.0
300.625	0.0015
300.75	7.0E-4
300.875	0.0031
301.0	0.0023
301.125	0.0
301.25	0.0
301.375	7.0E-4
301.5	0.0039
301.625	0.0015
301.75	0.0
301.875	7.0E-4
302.0	7.0E-4
302.125	0.0015
302.25	0.0
302.375	7.0E-4
302.5	0.0023
302.625	0.0039
302.75	7.0E-4
302.875	0.0
303.0	0.0015
303.125	0.0039
303.25	0.0023
303.375	7.0E-4
303.5	0.0023
303.625	7.0E-4
303.75	7.0E-4
303.875	0.0015
304.0	0.0015
304.125	0.0015
304.25	0.0031
304.375	0.0015
304.5	0.0015
304.625	0.0023
304.75	0.0031
304.875	0.0
305.0	0.0023
305.125	0.0
305.25	7.0E-4
305.375	0.0
305.5	0.0
305.625	0.0047
305.75	7.0E-4
305.875	0.0
306.0	7.0E-4
306.125	0.0047
306.25	0.0023
306.375	0.0
306.5	0.0039
306.625	0.0031
306.75	0.0
306.875	0.0023
307.0	0.0015
307.125	7.0E-4
307.25	0.0015
307.375	0.0047
307.5	0.0015
307.625	7.0E-4
307.75	7.0E-4
307.875	7.0E-4
308.0	0.0023
308.125	0.0031
308.25	7.0E-4
308.375	0.0
308.5	0.0039
308.625	7.0E-4
308.75	0.0
308.875	7.0E-4
309.0	0.0015
309.125	7.0E-4
309.25	0.0
309.375	0.0023
309.5	0.0
309.625	0.0015
309.75	7.0E-4
309.875	0.0023
310.0	0.0
310.125	0.0015
310.25	0.0015
310.375	0.0015
310.5	0.0
310.625	0.0023
310.75	7.0E-4
310.875	7.0E-4
311.0	7.0E-4
311.125	0.0039
311.25	0.0023
311.375	0.0015
311.5	7.0E-4
311.625	0.0023
311.75	7.0E-4
311.875	0.0031
312.0	7.0E-4
312.125	0.0031
312.25	0.0015
312.375	0.0
312.5	0.0031
312.625	0.0023
312.75	7.0E-4
312.875	0.0047
313.0	0.0
313.125	7.0E-4
313.25	0.0
313.375	0.0
313.5	7.0E-4
313.625	0.0047
313.75	0.0031
313.875	0.0023
314.0	0.0023
314.125	0.0
314.25	0.0031
314.375	7.0E-4
314.5	7.0E-4
314.625	0.0015
314.75	7.0E-4
314.875	0.0015
315.0	0.0039
315.125	0.0031
315.25	0.0031
315.375	7.0E-4
315.5	0.0023
315.625	0.0015
315.75	0.0015
315.875	0.0015
316.0	0.0023
316.125	0.0023
316.25	0.0039
316.375	0.0031
316.5	0.0015
316.625	0.0031
316.75	0.0023
316.875	0.0039
317.0	0.0015
317.125	0.0023
317.25	0.0015
317.375	0.0015
317.5	0.0023
317.625	0.0015
317.75	0.0031
317.875	0.0031
318.0	0.0023
318.125	0.0039
318.25	0.0023
318.375	7.0E-4
318.5	0.0015
318.625	0.0023
318.75	0.0039
318.875	0.0023
319.0	7.0E-4
319.125	0.0047
319.25	0.0023
319.375	7.0E-4
319.5	0.0015
319.625	0.0039
319.75	7.0E-4
319.875	0.0039
320.0	0.0047
320.125	0.0039
320.25	0.0031
320.375	7.0E-4
320.5	0.0039
320.625	0.0031
320.75	0.0015
320.875	0.0023
321.0	0.0023
321.125	0.0
321.25	0.0031
321.375	0.0023
321.5	0.0023
321.625	0.0031
321.75	0.0031
321.875	7.0E-4
322.0	0.0023
322.125	0.0031
322.25	0.0023
322.375	0.0023
322.5	0.0015
322.625	0.0015
322.75	0.0039
322.875	0.0
323.0	0.0031
323.125	0.0031
323.25	0.0015
323.375	0.0031
323.5	0.0023
323.625	0.0039
323.75	0.0023
323.875	0.0039
324.0	0.0031
324.125	0.0015
324.25	0.0039
324.375	0.0047
324.5	0.0031
324.625	0.0015
324.75	0.0047
324.875	0.0031
325.0	0.0031
325.125	0.0023
325.25	0.0015
325.375	0.0015
325.5	0.0039
325.625	0.0023
325.75	0.0031
325.875	0.0023
326.0	0.0047
326.125	0.0047
326.25	0.0047
326.375	0.0031
326.5	0.0015
326.625	0.0023
326.75	0.0015
326.875	0.0023
327.0	0.0023
327.125	0.0039
327.25	0.0015
327.375	0.0039
327.5	0.0039
327.625	0.0023
327.75	0.0047
327.875	0.0039
328.0	0.0031
328.125	0.0023
328.25	0.0031
328.375	0.0039
328.5	0.0039
328.625	0.0047
328.75	0.0015
328.875	0.0047
329.0	0.0031
329.125	0.0039
329.25	0.0023
329.375	0.0047
329.5	0.0015
329.625	0.0047
329.75	0.0023
329.875	0.0047
330.0	0.0031
330.125	0.0023
330.25	0.0023
330.375	7.0E-4
330.5	0.0023
330.625	0.0031
330.75	0.0023
330.875	0.0023
331.0	0.0047
331.125	0.0039
331.25	0.0015
331.375	0.0031
331.5	0.0039
331.625	0.0023
331.75	0.0023
331.875	0.0031
332.0	0.0047
332.125	0.0031
332.25	0.0031
332.375	0.0047
332.5	0.0023
332.625	0.0047
332.75	0.0039
332.875	0.0039
333.0	0.0031
333.125	0.0031
333.25	0.0031
333.375	0.0047
333.5	0.0047
333.625	0.0031
333.75	0.0023
333.875	0.0023
334.0	0.0031
334.125	0.0023
334.25	0.0023
334.375	0.0015
334.5	0.0039
334.625	0.0047
334.75	0.0039
334.875	0.0031
335.0	0.0015
335.125	0.0039
335.25	0.0039
335.375	0.0047
335.5	0.0023
335.625	0.0023
335.75	0.0031
335.875	0.0031
336.0	0.0023
336.125	0.0031
336.25	0.0039
336.375	0.0047
336.5	0.0039
336.625	0.0039
336.75	0.0031
336.875	0.0047
337.0	0.0047
337.125	0.0031
337.25	0.0047
337.375	0.0015
337.5	0.0039
337.625	0.0039
337.75	0.0039
337.875	0.0039
338.0	0.0047
338.125	0.0023
338.25	0.0047
338.375	0.0023
338.5	0.0039
338.625	0.0039
338.75	0.0031
338.875	0.0039
339.0	0.0015
339.125	0.0023
339.25	0.0039
339.375	0.0047
339.5	0.0039
339.625	0.0031
339.75	0.0039
339.875	0.0039
340.0	0.0023
340.125	0.0039
340.25	0.0023
340.375	0.0023
340.5	0.0031
340.625	0.0047
340.75	0.0039
340.875	0.0023
341.0	0.0023
341.125	0.0023
341.25	0.0047
341.375	0.0039
341.5	0.0039
341.625	0.0031
341.75	0.0047
341.875	0.0031
342.0	0.0039
342.125	0.0047
342.25	0.0047
342.375	0.0039
342.5	0.0039
342.625	0.0039
342.75	0.0031
342.875	0.0031
343.0	0.0031
343.125	0.0031
343.25	0.0039
343.375	0.0047
343.5	0.0047
343.625	0.0031
343.75	0.0039
343.875	0.0031
344.0	0.0031
344.125	0.0031
344.25	0.0023
344.375	0.0031
344.5	0.0039
344.625	0.0023
344.75	0.0047
344.875	0.0039
345.0	0.0039
345.125	0.0047
345.25	0.0031
345.375	0.0023
345.5	0.0047
345.625	0.0039
345.75	0.0047
345.875	0.0039
346.0	0.0047
346.125	0.0047
346.25	0.0023
346.375	0.0047
346.5	0.0047
346.625	0.0047
346.75	0.0047
346.875	0.0039
347.0	0.0039
347.125	0.0047
347.25	0.0031
347.375	0.0047
347.5	0.0047
347.625	0.0047
347.75	0.0047
347.875	0.0047
348.0	0.0047
348.125	0.0031
348.25	0.0047
348.375	0.0047
348.5	0.0047
348.625	0.0047
348.75	0.0031
348.875	0.0031
349.0	0.0047
349.125	0.0031
349.25	0.0047
349.375	0.0047
349.5	0.0047
349.625	0.0047
349.75	0.0047
349.875	0.0047
350.0	0.0047
350.125	0.0023
350.25	0.0031
350.375	0.0039
350.5	0.0047
350.625	0.0047
350.75	0.0047
350.875	0.0047
351.0	0.0047
351.125	0.0047
351.25	0.0047
351.375	0.0039
351.5	0.0047
351.625	0.0047
351.75	0.0047
351.875	0.0039
352.0	0.0039
352.125	0.0039
352.25	0.0047
352.375	0.0031
352.5	0.0023
352.625	0.0047
352.75	0.0023
352.875	0.0047
353.0	0.0047
353.125	0.0031
353.25	0.0039
353.375	0.0039
353.5	0.0047
353.625	0.0047
353.75	0.0047
353.875	0.0047
354.0	0.0047
354.125	0.0039
354.25	0.0039
354.375	0.0047
354.5	0.0047
354.625	0.0031
354.75	0.0039
354.875	0.0047
355.0	0.0047
355.125	0.0039
355.25	0.0047
355.375	0.0039
355.5	0.0047
355.625	0.0047
355.75	0.0047
355.875	0.0047
356.0	0.0047
356.125	0.0047
356.25	0.0047
356.375	0.0047
356.5	0.0047
356.625	0.0047
356.75	0.0047
356.875	0.0047
357.0	0.0047
357.125	0.0031
357.25	0.0031
357.375	0.0047
357.5	0.0047
357.625	0.0039
357.75	0.0047
357.875	0.0039
358.0	0.0039
358.125	0.0047
358.25	0.0047
358.375	0.0047
358.5	0.0047
358.625	0.0047
358.75	0.0047
358.875	0.0047
359.0	0.0039
359.125	0.0047
359.25	0.0047
359.375	0.0039
359.5	0.0031
359.625	0.0047
359.75	0.0047
359.875	0.0039
360.0	0.0039
360.125	0.0047
360.25	0.0047
360.375	0.0047
360.5	0.0047
360.625	0.0047
360.75	0.0047
360.875	0.0047
361.0	0.0047
361.125	0.0047
361.25	0.0047
361.375	0.0047
361.5	0.0047
361.625	0.0047
361.75	0.0055
361.875	0.0047
362.0	0.0047
362.125	0.0031
362.25	0.0047
362.375	0.0047
362.5	0.0047
362.625	0.0047
362.75	0.0039
362.875	0.0047
363.0	0.0047
363.125	0.0047
363.25	0.0047
363.375	0.0047
363.5	0.0039
363.625	0.0062
363.75	0.0031
363.875	0.0031
364.0	0.0047
364.125	0.0047
364.25	0.0047
364.375	0.0047
364.5	0.0047
364.625	0.0047
364.75	0.0039
364.875	0.0047
365.0	0.0047
365.125	0.0047
365.25	0.0039
365.375	0.0047
365.5	0.0047
365.625	0.0039
365.75	0.0047
365.875	0.0047
366.0	0.0047
366.125	0.0047
366.25	0.0047
366.375	0.0047
366.5	0.0047
366.625	0.0047
366.75	0.0047
366.875	0.0047
367.0	0.0047
367.125	0.0047
367.25	0.0047
367.375	0.0039
367.5	0.0047
367.625	0.0047
367.75	0.0047
367.875	0.0047
368.0	0.0047
368.125	0.0047
368.25	0.0047
368.375	0.0062
368.5	0.0039
368.625	0.0047
368.75	0.0047
368.875	0.0031
369.0	0.0047
369.125	0.0047
369.25	0.0047
369.375	0.0047
369.5	0.0047
369.625	0.0055
369.75	0.0031
369.875	0.0047
370.0	0.0047
370.125	0.0047
370.25	0.0039
370.375	0.0047
370.5	0.0047
370.625	0.0047
370.75	0.0047
370.875	0.0039
371.0	0.0047
371.125	0.0055
371.25	0.0047
371.375	0.0047
371.5	0.0039
371.625	0.0047
371.75	0.0047
371.875	0.0047
372.0	0.0047
372.125	0.0047
372.25	0.0055
372.375	0.0047
372.5	0.0039
372.625	0.0047
372.75	0.0047
372.875	0.0047
373.0	0.0031
373.125	0.0047
373.25	0.0055
373.375	0.0047
373.5	0.0047
373.625	0.0047
373.75	0.0047
373.875	0.0047
374.0	0.0062
374.125	0.0047
374.25	0.0047
374.375	0.0047
374.5	0.0047
374.625	0.0047
374.75	0.0047
374.875	0.0039
375.0	0.0047
375.125	0.0047
375.25	0.0047
375.375	0.0047
375.5	0.0047
375.625	0.0047
375.75	0.0039
375.875	0.007
376.0	0.0047
376.125	0.0047
376.25	0.0047
376.375	0.0047
376.5	0.0047
376.625	0.0047
376.75	0.0055
376.875	0.0047
377.0	0.0047
377.125	0.0047
377.25	0.0047
377.375	0.0047
377.5	0.0047
377.625	0.0062
377.75	0.0062
377.875	0.0055
378.0	0.0055
378.125	0.0047
378.25	0.0062
378.375	0.0047
378.5	0.0062
378.625	0.0055
378.75	0.0047
378.875	0.0047
379.0	0.0062
379.125	0.0055
379.25	0.0062
379.375	0.0062
379.5	0.0047
379.625	0.0055
379.75	0.0047
379.875	0.007
380.0	0.0055
380.125	0.007
380.25	0.0055
380.375	0.0086
380.5	0.0086
380.625	0.0086
380.75	0.0062
380.875	0.0094
381.0	0.0094
381.125	0.0055
381.25	0.0086
381.375	0.0078
381.5	0.007
381.625	0.007
381.75	0.0094
381.875	0.0094
382.0	0.007
382.125	0.0094
382.25	0.0086
382.375	0.0094
382.5	0.0094
382.625	0.0094
382.75	0.0094
382.875	0.0094
383.0	0.0094
383.125	0.0094
383.25	0.0094
383.375	0.0094
383.5	0.0094
383.625	0.0094
383.75	0.0094
383.875	0.0094
384.0	0.0094
384.125	0.0094
384.25	0.0094
384.375	0.0094
384.5	0.0094
384.625	0.0094
384.75	0.0102
384.875	0.0125
385.0	0.0125
385.125	0.0102
385.25	0.0133
385.375	0.0102
385.5	0.011
385.625	0.0117
385.75	0.0117
385.875	0.0125
386.0	0.011
386.125	0.0117
386.25	0.0125
386.375	0.0133
386.5	0.0094
386.625	0.0094
386.75	0.0125
386.875	0.011
387.0	0.0133
387.125	0.0125
387.25	0.0141
387.375	0.0141
387.5	0.0141
387.625	0.0133
387.75	0.0141
387.875	0.0141
388.0	0.0141
388.125	0.0141
388.25	0.0141
388.375	0.0141
388.5	0.0141
388.625	0.0149
388.75	0.0149
388.875	0.0165
389.0	0.0188
389.125	0.0157
389.25	0.0172
389.375	0.0157
389.5	0.0157
389.625	0.0172
389.75	0.0172
389.875	0.0172
390.0	0.018
390.125	0.0172
390.25	0.018
390.375	0.0172
390.5	0.018
390.625	0.018
390.75	0.0188
390.875	0.0172
391.0	0.018
391.125	0.0188
391.25	0.018
391.375	0.0188
391.5	0.0204
391.625	0.0188
391.75	0.0196
391.875	0.0196
392.0	0.0188
392.125	0.0188
392.25	0.0212
392.375	0.0204
392.5	0.0212
392.625	0.0196
392.75	0.0212
392.875	0.0196
393.0	0.0212
393.125	0.0235
393.25	0.0227
393.375	0.0235
393.5	0.0235
393.625	0.0235
393.75	0.0235
393.875	0.0235
394.0	0.0235
394.125	0.0235
394.25	0.0235
394.375	0.0235
394.5	0.0243
394.625	0.0235
394.75	0.0243
394.875	0.0251
395.0	0.0243
395.125	0.0251
395.25	0.0267
395.375	0.0267
395.5	0.0259
395.625	0.0275
395.75	0.0267
395.875	0.0283
396.0	0.029
396.125	0.0283
396.25	0.0283
396.375	0.0298
396.5	0.0283
396.625	0.0283
396.75	0.0275
396.875	0.0314
397.0	0.0306
397.125	0.0283
397.25	0.029
397.375	0.029
397.5	0.0314
397.625	0.0306
397.75	0.0306
397.875	0.033
398.0	0.0322
398.125	0.0314
398.25	0.0322
398.375	0.0322
398.5	0.0322
398.625	0.033
398.75	0.0322
398.875	0.033
399.0	0.033
399.125	0.033
399.25	0.0361
399.375	0.0345
399.5	0.0345
399.625	0.033
399.75	0.033
399.875	0.0345
400.0	0.0345
400.125	0.0338
400.25	0.0345
400.375	0.0369
400.5	0.0377
400.625	0.0377
400.75	0.0369
400.875	0.0377
401.0	0.0377
401.125	0.0369
401.25	0.0377
401.375	0.0385
401.5	0.04
401.625	0.0377
401.75	0.0377
401.875	0.0393
402.0	0.04
402.125	0.0424
402.25	0.0393
402.375	0.0408
402.5	0.0424
402.625	0.0408
402.75	0.0408
402.875	0.0424
403.0	0.0424
403.125	0.0424
403.25	0.0424
403.375	0.0424
403.5	0.0424
403.625	0.0408
403.75	0.0424
403.875	0.0424
404.0	0.0432
404.125	0.0424
404.25	0.0432
404.375	0.0424
404.5	0.0455
404.625	0.0455
404.75	0.0448
404.875	0.0471
405.0	0.0455
405.125	0.0471
405.25	0.0471
405.375	0.0479
405.5	0.0487
405.625	0.0479
405.75	0.0471
405.875	0.0495
406.0	0.0479
406.125	0.0479
406.25	0.0495
406.375	0.0471
406.5	0.0479
406.625	0.0487
406.75	0.0471
406.875	0.0518
407.0	0.0511
407.125	0.0495
407.25	0.0518
407.375	0.0511
407.5	0.0518
407.625	0.0511
407.75	0.0518
407.875	0.0526
408.0	0.0534
408.125	0.0534
408.25	0.0518
408.375	0.0558
408.5	0.055
408.625	0.0526
408.75	0.0542
408.875	0.0566
409.0	0.055
409.125	0.0558
409.25	0.0526
409.375	0.0558
409.5	0.055
409.625	0.0558
409.75	0.0566
409.875	0.0566
410.0	0.0573
410.125	0.0566
410.25	0.0573
410.375	0.0573
410.5	0.0566
410.625	0.0566
410.75	0.0589
410.875	0.0573
411.0	0.0589
411.125	0.0589
411.25	0.0581
411.375	0.0589
411.5	0.0597
411.625	0.0613
411.75	0.0605
411.875	0.0589
412.0	0.0613
412.125	0.0597
412.25	0.0613
412.375	0.0613
412.5	0.0628
412.625	0.0652
412.75	0.0628
412.875	0.0613
413.0	0.0636
413.125	0.0644
413.25	0.0621
413.375	0.0644
413.5	0.066
413.625	0.066
413.75	0.066
413.875	0.0668
414.0	0.0636
414.125	0.0668
414.25	0.066
414.375	0.0652
414.5	0.066
414.625	0.066
414.75	0.0668
414.875	0.066
415.0	0.0676
415.125	0.0668
415.25	0.066
415.375	0.0668
415.5	0.0676
415.625	0.0691
415.75	0.0676
415.875	0.0691
416.0	0.0683
416.125	0.0691
416.25	0.0691
416.375	0.0691
416.5	0.0707
416.625	0.0707
416.75	0.0707
416.875	0.0707
417.0	0.0707
417.125	0.0707
417.25	0.0707
417.375	0.0707
417.5	0.0723
417.625	0.0754
417.75	0.0731
417.875	0.0723
418.0	0.0738
418.125	0.0754
418.25	0.0754
418.375	0.0754
418.5	0.0738
418.625	0.0746
418.75	0.0754
418.875	0.0754
419.0	0.0778
419.125	0.0754
419.25	0.0754
419.375	0.0754
419.5	0.077
419.625	0.0762
419.75	0.0762
419.875	0.077
420.0	0.0778
420.125	0.0762
420.25	0.0762
420.375	0.077
420.5	0.077
420.625	0.0786
420.75	0.0786
420.875	0.0786
421.0	0.0786
421.125	0.0794
421.25	0.0801
421.375	0.0801
421.5	0.0786
421.625	0.0801
421.75	0.0801
421.875	0.077
422.0	0.0794
422.125	0.0786
422.25	0.0817
422.375	0.0801
422.5	0.0801
422.625	0.0809
422.75	0.0817
422.875	0.0833
423.0	0.0801
423.125	0.0825
423.25	0.0849
423.375	0.0801
423.5	0.0825
423.625	0.0825
423.75	0.0849
423.875	0.0833
424.0	0.0841
424.125	0.0849
424.25	0.0849
424.375	0.0849
424.5	0.0849
424.625	0.0849
424.75	0.0849
424.875	0.0849
425.0	0.0856
425.125	0.0849
425.25	0.0849
425.375	0.0849
425.5	0.0849
425.625	0.0856
425.75	0.0849
425.875	0.0872
426.0	0.0864
426.125	0.0888
426.25	0.0872
426.375	0.088
426.5	0.0856
426.625	0.0872
426.75	0.0872
426.875	0.088
427.0	0.0872
427.125	0.0888
427.25	0.0856
427.375	0.0896
427.5	0.0896
427.625	0.088
427.75	0.088
427.875	0.0864
428.0	0.0896
428.125	0.0896
428.25	0.0904
428.375	0.0872
428.5	0.0904
428.625	0.0872
428.75	0.0896
428.875	0.0896
429.0	0.0927
429.125	0.0904
429.25	0.0896
429.375	0.0943
429.5	0.0904
429.625	0.0896
429.75	0.0927
429.875	0.0904
430.0	0.0919
430.125	0.0911
430.25	0.0919
430.375	0.0904
430.5	0.0904
430.625	0.0904
430.75	0.0911
430.875	0.0911
431.0	0.0919
431.125	0.0911
431.25	0.0943
431.375	0.0919
431.5	0.0911
431.625	0.0896
431.75	0.0904
431.875	0.0943
432.0	0.0943
432.125	0.0927
432.25	0.0904
432.375	0.0935
432.5	0.0943
432.625	0.0943
432.75	0.0935
432.875	0.0935
433.0	0.0935
433.125	0.0927
433.25	0.0935
433.375	0.0943
433.5	0.0927
433.625	0.0951
433.75	0.0943
433.875	0.0935
434.0	0.0927
434.125	0.0935
434.25	0.0943
434.375	0.0927
434.5	0.0943
434.625	0.0935
434.75	0.0951
434.875	0.0943
435.0	0.0919
435.125	0.0943
435.25	0.0943
435.375	0.0943
435.5	0.0927
435.625	0.0943
435.75	0.0935
435.875	0.0935
436.0	0.0943
436.125	0.0943
436.25	0.0951
436.375	0.0943
436.5	0.0943
436.625	0.0935
436.75	0.0943
436.875	0.0943
437.0	0.0943
437.125	0.0943
437.25	0.0927
437.375	0.0943
437.5	0.0935
437.625	0.0935
437.75	0.0951
437.875	0.0919
438.0	0.0943
438.125	0.0935
438.25	0.0943
438.375	0.0943
438.5	0.0935
438.625	0.0943
438.75	0.0943
438.875	0.0951
439.0	0.0919
439.125	0.0919
439.25	0.0904
439.375	0.0919
439.5	0.0927
439.625	0.0919
439.75	0.0911
439.875	0.0927
440.0	0.0904
440.125	0.0911
440.25	0.0943
440.375	0.0927
440.5	0.0927
440.625	0.0927
440.75	0.0927
440.875	0.0896
441.0	0.0896
441.125	0.0904
441.25	0.0911
441.375	0.0896
441.5	0.0911
441.625	0.0896
441.75	0.0904
441.875	0.0911
442.0	0.0896
442.125	0.0896
442.25	0.0896
442.375	0.0896
442.5	0.088
442.625	0.088
442.75	0.0896
442.875	0.0872
443.0	0.0896
443.125	0.0888
443.25	0.0856
443.375	0.0896
443.5	0.0896
443.625	0.0872
443.75	0.0896
443.875	0.0856
444.0	0.0872
444.125	0.0849
444.25	0.0864
444.375	0.0888
444.5	0.0849
444.625	0.0896
444.75	0.088
444.875	0.0864
445.0	0.0849
445.125	0.0849
445.25	0.0872
445.375	0.0864
445.5	0.0864
445.625	0.0849
445.75	0.0856
445.875	0.0849
446.0	0.0849
446.125	0.0833
446.25	0.0841
446.375	0.0856
446.5	0.0849
446.625	0.0817
446.75	0.0849
446.875	0.0849
447.0	0.0849
447.125	0.0833
447.25	0.0841
447.375	0.0825
447.5	0.0825
447.625	0.0849
447.75	0.0833
447.875	0.0833
448.0	0.0801
448.125	0.0809
448.25	0.0825
448.375	0.0801
448.5	0.0825
448.625	0.0801
448.75	0.0801
448.875	0.0801
449.0	0.0809
449.125	0.0801
449.25	0.0778
449.375	0.0801
449.5	0.0762
449.625	0.0801
449.75	0.0801
449.875	0.0786
450.0	0.0801
450.125	0.0762
450.25	0.077
450.375	0.0778
450.5	0.0786
450.625	0.0762
450.75	0.0762
450.875	0.077
451.0	0.0778
451.125	0.0778
451.25	0.0762
451.375	0.0778
451.5	0.0762
451.625	0.0754
451.75	0.0754
451.875	0.0754
452.0	0.0754
452.125	0.0754
452.25	0.0754
452.375	0.0754
452.5	0.0754
452.625	0.0754
452.75	0.0762
452.875	0.0762
453.0	0.0754
453.125	0.0746
453.25	0.0746
453.375	0.0715
453.5	0.0746
453.625	0.0707
453.75	0.0707
453.875	0.0746
454.0	0.0723
454.125	0.0738
454.25	0.0707
454.375	0.0715
454.5	0.0707
454.625	0.0707
454.75	0.0707
454.875	0.0707
455.0	0.0707
455.125	0.0707
455.25	0.0707
455.375	0.0707
455.5	0.0707
455.625	0.0699
455.75	0.0707
455.875	0.0707
456.0	0.0699
456.125	0.0668
456.25	0.0691
456.375	0.0668
456.5	0.0699
456.625	0.0668
456.75	0.0691
456.875	0.0683
457.0	0.0683
457.125	0.0691
457.25	0.0668
457.375	0.066
457.5	0.0668
457.625	0.066
457.75	0.066
457.875	0.066
458.0	0.066
458.125	0.066
458.25	0.066
458.375	0.066
458.5	0.066
458.625	0.066
458.75	0.0652
458.875	0.0668
459.0	0.066
459.125	0.0652
459.25	0.0636
459.375	0.0652
459.5	0.0644
459.625	0.0644
459.75	0.0652
459.875	0.0652
460.0	0.0644
460.125	0.0613
460.25	0.0628
460.375	0.0652
460.5	0.0621
460.625	0.0636
460.75	0.0621
460.875	0.0621
461.0	0.0636
461.125	0.0613
461.25	0.0613
461.375	0.0613
461.5	0.0613
461.625	0.0621
461.75	0.0613
461.875	0.0621
462.0	0.0613
462.125	0.0613
462.25	0.0613
462.375	0.0613
462.5	0.0621
462.625	0.0613
462.75	0.0613
462.875	0.0597
463.0	0.0605
463.125	0.0613
463.25	0.0581
463.375	0.0589
463.5	0.0597
463.625	0.0573
463.75	0.0605
463.875	0.0573
464.0	0.0566
464.125	0.0581
464.25	0.0566
464.375	0.0566
464.5	0.0566
464.625	0.0566
464.75	0.0566
464.875	0.0566
465.0	0.0573
465.125	0.0566
465.25	0.0573
465.375	0.0566
465.5	0.0566
465.625	0.0566
465.75	0.0566
465.875	0.0566
466.0	0.0566
466.125	0.0566
466.25	0.0558
466.375	0.0566
466.5	0.055
466.625	0.055
466.75	0.0542
466.875	0.0542
467.0	0.0542
467.125	0.0534
467.25	0.0542
467.375	0.0558
467.5	0.0542
467.625	0.0518
467.75	0.0518
467.875	0.055
468.0	0.0534
468.125	0.0542
468.25	0.0518
468.375	0.0526
468.5	0.0542
468.625	0.0518
468.75	0.0518
468.875	0.0518
469.0	0.0518
469.125	0.0518
469.25	0.0518
469.375	0.0518
469.5	0.0518
469.625	0.0511
469.75	0.0495
469.875	0.0495
470.0	0.0518
470.125	0.0518
470.25	0.0518
470.375	0.0503
470.5	0.0495
470.625	0.0487
470.75	0.0479
470.875	0.0518
471.0	0.0487
471.125	0.0487
471.25	0.0487
471.375	0.0471
471.5	0.0479
471.625	0.0471
471.75	0.0471
471.875	0.0471
472.0	0.0463
472.125	0.0479
472.25	0.0479
472.375	0.0471
472.5	0.0471
472.625	0.0455
472.75	0.0455
472.875	0.0448
473.0	0.0448
473.125	0.0471
473.25	0.0463
473.375	0.0471
473.5	0.0471
473.625	0.0471
473.75	0.0455
473.875	0.044
474.0	0.0463
474.125	0.0471
474.25	0.0463
474.375	0.044
474.5	0.0432
474.625	0.0448
474.75	0.044
474.875	0.0432
475.0	0.0432
475.125	0.0432
475.25	0.044
475.375	0.0424
475.5	0.0432
475.625	0.044
475.75	0.0424
475.875	0.0424
476.0	0.0424
476.125	0.0424
476.25	0.0424
476.375	0.04
476.5	0.0424
476.625	0.0424
476.75	0.0424
476.875	0.0424
477.0	0.0393
477.125	0.0416
477.25	0.04
477.375	0.0424
477.5	0.0408
477.625	0.04
477.75	0.0377
477.875	0.0377
478.0	0.0393
478.125	0.04
478.25	0.0393
478.375	0.0385
478.5	0.0377
478.625	0.0385
478.75	0.0377
478.875	0.0377
479.0	0.0385
479.125	0.0377
479.25	0.0377
479.375	0.0385
479.5	0.0377
479.625	0.0377
479.75	0.0377
479.875	0.0377
480.0	0.0369
480.125	0.0377
480.25	0.0361
480.375	0.0369
480.5	0.0369
480.625	0.0369
480.75	0.0338
480.875	0.0361
481.0	0.0345
481.125	0.0361
481.25	0.0353
481.375	0.0345
481.5	0.0369
481.625	0.0345
481.75	0.033
481.875	0.0338
482.0	0.033
482.125	0.033
482.25	0.0345
482.375	0.033
482.5	0.0345
482.625	0.033
482.75	0.033
482.875	0.0338
483.0	0.033
483.125	0.033
483.25	0.033
483.375	0.033
483.5	0.033
483.625	0.033
483.75	0.033
483.875	0.033
484.0	0.033
484.125	0.0322
484.25	0.033
484.375	0.033
484.5	0.0322
484.625	0.033
484.75	0.0314
484.875	0.0314
485.0	0.0283
485.125	0.0314
485.25	0.0314
485.375	0.0298
485.5	0.0314
485.625	0.0298
485.75	0.0298
485.875	0.0283
486.0	0.0298
486.125	0.0298
486.25	0.0298
486.375	0.029
486.5	0.0283
486.625	0.0283
486.75	0.0283
486.875	0.0283
487.0	0.029
487.125	0.0283
487.25	0.0283
487.375	0.0283
487.5	0.0283
487.625	0.0283
487.75	0.0283
487.875	0.0283
488.0	0.0283
488.125	0.0259
488.25	0.0283
488.375	0.0267
488.5	0.0275
488.625	0.0283
488.75	0.0275
488.875	0.0283
489.0	0.0283
489.125	0.0283
489.25	0.0235
489.375	0.0283
489.5	0.0275
489.625	0.0275
489.75	0.0259
489.875	0.0243
490.0	0.0267
490.125	0.0283
490.25	0.0251
490.375	0.0259
490.5	0.0275
490.625	0.0275
490.75	0.0275
490.875	0.0267
491.0	0.0267
491.125	0.0259
491.25	0.0267
491.375	0.0259
491.5	0.0259
491.625	0.0267
491.75	0.0259
491.875	0.0267
492.0	0.0243
492.125	0.0243
492.25	0.0235
492.375	0.0275
492.5	0.0235
492.625	0.0243
492.75	0.0235
492.875	0.0243
493.0	0.0243
493.125	0.0235
493.25	0.0235
493.375	0.0235
493.5	0.0235
493.625	0.0227
493.75	0.0235
493.875	0.0243
494.0	0.0227
494.125	0.0235
494.25	0.0235
494.375	0.0235
494.5	0.0227
494.625	0.0235
494.75	0.0235
494.875	0.022
495.0	0.0227
495.125	0.022
495.25	0.0227
495.375	0.0227
495.5	0.0227
495.625	0.0235
495.75	0.0235
495.875	0.0227
496.0	0.0235
496.125	0.0204
496.25	0.0235
496.375	0.022
496.5	0.0204
496.625	0.022
496.75	0.0235
496.875	0.022
497.0	0.022
497.125	0.022
497.25	0.0212
497.375	0.0196
497.5	0.0188
497.625	0.0188
497.75	0.022
497.875	0.0188
498.0	0.0204
498.125	0.0188
498.25	0.0212
498.375	0.0188
498.5	0.0188
498.625	0.0188
498.75	0.0196
498.875	0.0196
499.0	0.0188
499.125	0.0188
499.25	0.0188
499.375	0.0188
499.5	0.0196
499.625	0.0196
499.75	0.0188
499.875	0.0188
500.0	0.0188
500.125	0.0188
500.25	0.0188
500.375	0.0196
500.5	0.0188
500.625	0.0188
500.75	0.0188
500.875	0.0188
501.0	0.018
501.125	0.0188
501.25	0.018
501.375	0.0188
501.5	0.0188
501.625	0.0188
501.75	0.0188
501.875	0.0188
502.0	0.018
502.125	0.0188
502.25	0.0188
502.375	0.0172
502.5	0.0188
502.625	0.018
502.75	0.0165
502.875	0.0165
503.0	0.0165
503.125	0.0165
503.25	0.0165
503.375	0.0188
503.5	0.018
503.625	0.0172
503.75	0.018
503.875	0.018
504.0	0.0149
504.125	0.018
504.25	0.0188
504.375	0.0157
504.5	0.0149
504.625	0.0165
504.75	0.0157
504.875	0.018
505.0	0.0188
505.125	0.0165
505.25	0.0149
505.375	0.0165
505.5	0.0165
505.625	0.0157
505.75	0.0141
505.875	0.0141
506.0	0.0157
506.125	0.0157
506.25	0.0141
506.375	0.0165
506.5	0.0157
506.625	0.0165
506.75	0.0141
506.875	0.0165
507.0	0.0141
507.125	0.0149
507.25	0.0149
507.375	0.0141
507.5	0.0141
507.625	0.0149
507.75	0.0141
507.875	0.0141
508.0	0.0141
508.125	0.0141
508.25	0.0149
508.375	0.0133
508.5	0.0149
508.625	0.0141
508.75	0.0149
508.875	0.0133
509.0	0.0141
509.125	0.0141
509.25	0.0141
509.375	0.0141
509.5	0.0141
509.625	0.0141
509.75	0.0141
509.875	0.0141
510.0	0.0149
510.125	0.0141
510.25	0.0141
510.375	0.0133
510.5	0.0133
510.625	0.0141
510.75	0.0141
510.875	0.0141
511.0	0.0141
511.125	0.0117
511.25	0.0141
511.375	0.0133
511.5	0.0141
511.625	0.0141
511.75	0.0133
511.875	0.0125
512.0	0.0141
512.125	0.0133
512.25	0.0141
512.375	0.0141
512.5	0.0141
512.625	0.011
512.75	0.0125
512.875	0.0117
513.0	0.0117
513.125	0.0141
513.25	0.011
513.375	0.0141
513.5	0.0117
513.625	0.0141
513.75	0.0133
513.875	0.0133
514.0	0.0102
514.125	0.0141
514.25	0.0125
514.375	0.011
514.5	0.0133
514.625	0.0102
514.75	0.0117
514.875	0.0117
515.0	0.0102
515.125	0.0133
515.25	0.0117
515.375	0.0094
515.5	0.0117
515.625	0.0094
515.75	0.011
515.875	0.0102
516.0	0.0094
516.125	0.0102
516.25	0.0102
516.375	0.0117
516.5	0.0094
516.625	0.0094
516.75	0.0102
516.875	0.011
517.0	0.0102
517.125	0.0102
517.25	0.0102
517.375	0.011
517.5	0.011
517.625	0.0102
517.75	0.0094
517.875	0.0094
518.0	0.0094
518.125	0.0094
518.25	0.0094
518.375	0.0094
518.5	0.0094
518.625	0.0094
518.75	0.011
518.875	0.0086
519.0	0.0094
519.125	0.0094
519.25	0.0094
519.375	0.0094
519.5	0.0086
519.625	0.0086
519.75	0.0094
519.875	0.011
520.0	0.0094
520.125	0.0094
520.25	0.0094
520.375	0.0086
520.5	0.0078
520.625	0.0094
520.75	0.0094
520.875	0.0094
521.0	0.0094
521.125	0.0086
521.25	0.0094
521.375	0.0094
521.5	0.0094
521.625	0.0078
521.75	0.0094
521.875	0.0086
522.0	0.0094
522.125	0.0094
522.25	0.0094
522.375	0.0094
522.5	0.0094
522.625	0.0078
522.75	0.0094
522.875	0.0094
523.0	0.0086
523.125	0.0094
523.25	0.007
523.375	0.0086
523.5	0.0094
523.625	0.0094
523.75	0.0062
523.875	0.0094
524.0	0.0094
524.125	0.0086
524.25	0.0094
524.375	0.0086
524.5	0.007
524.625	0.0094
524.75	0.0094
524.875	0.0078
525.0	0.0078
525.125	0.0086
525.25	0.0094
525.375	0.0094
525.5	0.007
525.625	0.0055
525.75	0.0062
525.875	0.0078
526.0	0.0078
526.125	0.0078
526.25	0.0078
526.375	0.0078
526.5	0.0086
526.625	0.0094
526.75	0.0062
526.875	0.0078
527.0	0.0086
527.125	0.007
527.25	0.0086
527.375	0.007
527.5	0.0078
527.625	0.0086
527.75	0.0094
527.875	0.0078
528.0	0.0047
528.125	0.0086
528.25	0.0078
528.375	0.0062
528.5	0.0094
528.625	0.0055
528.75	0.0078
528.875	0.0078
529.0	0.0094
529.125	0.007
529.25	0.007
529.375	0.0078
529.5	0.007
529.625	0.0062
529.75	0.0086
529.875	0.007
530.0	0.0086
530.125	0.0086
530.25	0.007
530.375	0.0094
530.5	0.0086
530.625	0.0062
530.75	0.0086
530.875	0.0047
531.0	0.007
531.125	0.0078
531.25	0.0062
531.375	0.0086
531.5	0.0078
531.625	0.0062
531.75	0.007
531.875	0.007
532.0	0.0094
532.125	0.0047
532.25	0.007
532.375	0.0078
532.5	0.0055
532.625	0.0055
532.75	0.0078
532.875	0.0055
533.0	0.007
533.125	0.0055
533.25	0.0062
533.375	0.0055
533.5	0.0047
533.625	0.0062
533.75	0.0078
533.875	0.0078
534.0	0.0062
534.125	0.0047
534.25	0.007
534.375	0.0078
534.5	0.007
534.625	0.0062
534.75	0.0094
534.875	0.0047
535.0	0.0047
535.125	0.0062
535.25	0.0047
535.375	0.0055
535.5	0.0062
535.625	0.0086
535.75	0.0055
535.875	0.0047
536.0	0.0047
536.125	0.007
536.25	0.0062
536.375	0.007
536.5	0.0055
536.625	0.0047
536.75	0.0047
536.875	0.0055
537.0	0.0055
537.125	0.0055
537.25	0.0062
537.375	0.0047
537.5	0.0055
537.625	0.0055
537.75	0.0055
537.875	0.007
538.0	0.0062
538.125	0.0047
538.25	0.0062
538.375	0.0047
538.5	0.0047
538.625	0.0055
538.75	0.0047
538.875	0.0047
539.0	0.0055
539.125	0.0062
539.25	0.007
539.375	0.0047
539.5	0.0055
539.625	0.0047
539.75	0.0062
539.875	0.0055
540.0	0.0055
540.125	0.0047
540.25	0.0047
540.375	0.0047
540.5	0.0062
540.625	0.0047
540.75	0.0055
540.875	0.0055
541.0	0.0047
541.125	0.0047
541.25	0.0047
541.375	0.0055
541.5	0.0047
541.625	0.0055
541.75	0.0047
541.875	0.0055
542.0	0.0055
542.125	0.0062
542.25	0.0047
542.375	0.0055
542.5	0.0047
542.625	0.0047
542.75	0.0047
542.875	0.0047
543.0	0.0047
543.125	0.0047
543.25	0.0047
543.375	0.0047
543.5	0.0047
543.625	0.0047
543.75	0.0023
543.875	0.0047
544.0	0.0047
544.125	0.0047
544.25	0.0047
544.375	0.0055
544.5	0.0047
544.625	0.0047
544.75	0.0047
544.875	0.0047
545.0	0.0055
545.125	0.0039
545.25	0.0047
545.375	0.0047
545.5	0.0047
545.625	0.0047
545.75	0.0047
545.875	0.0047
546.0	0.0047
546.125	0.0047
546.25	0.0055
546.375	0.0047
546.5	0.0047
546.625	0.0047
546.75	0.0047
546.875	0.0047
547.0	0.0047
547.125	0.0047
547.25	0.0047
547.375	0.0039
547.5	0.0047
547.625	0.0047
547.75	0.0039
547.875	0.0047
548.0	0.0047
548.125	0.0047
548.25	0.0047
548.375	0.0047
548.5	0.0047
548.625	0.0047
548.75	0.0047
548.875	0.0055
549.0	0.0047
549.125	0.0047
549.25	0.0047
549.375	0.0047
549.5	0.0047
549.625	0.0031
549.75	0.0047
549.875	0.0047
550.0	0.0047
550.125	0.0031
550.25	0.0031
550.375	0.0047
550.5	0.0047
550.625	0.0047
550.75	0.0047
550.875	0.0047
551.0	0.0047
551.125	0.0039
551.25	0.0047
551.375	0.0047
551.5	0.0031
551.625	0.0047
551.75	0.0039
551.875	0.0031
552.0	0.0047
552.125	0.0047
552.25	0.0047
552.375	0.0047
552.5	0.0047
552.625	0.0039
552.75	0.0047
552.875	0.0047
553.0	0.0047
553.125	0.0047
553.25	0.0047
553.375	0.0047
553.5	0.0047
553.625	0.0031
553.75	0.0047
553.875	0.0031
554.0	0.0047
554.125	0.0047
554.25	0.0047
554.375	0.0047
554.5	0.0047
554.625	0.0047
554.75	0.0047
554.875	0.0047
555.0	0.0047
555.125	0.0039
555.25	0.0047
555.375	0.0039
555.5	0.0047
555.625	0.0047
555.75	0.0047
555.875	0.0039
556.0	0.0047
556.125	0.0031
556.25	0.0047
556.375	0.0047
556.5	0.0047
556.625	0.0047
556.75	0.0047
556.875	0.0047
557.0	0.0031
557.125	0.0047
557.25	0.0047
557.375	0.0047
557.5	0.0047
557.625	0.0039
557.75	0.0039
557.875	0.0047
558.0	0.0047
558.125	0.0039
558.25	0.0039
558.375	0.0047
558.5	0.0047
558.625	0.0039
558.75	0.0047
558.875	0.0047
559.0	0.0047
559.125	0.0047
559.25	0.0039
559.375	0.0047
559.5	0.0047
559.625	0.0047
559.75	0.0039
559.875	0.0047
560.0	0.0047
560.125	0.0047
560.25	0.0047
560.375	0.0047
560.5	0.0031
560.625	0.0031
560.75	0.0031
560.875	0.0047
561.0	0.0031
561.125	0.0047
561.25	0.0039
561.375	0.0047
561.5	0.0039
561.625	0.0047
561.75	0.0031
561.875	0.0047
562.0	0.0047
562.125	0.0047
562.25	0.0015
562.375	0.0031
562.5	0.0047
562.625	0.0023
562.75	0.0047
562.875	0.0047
563.0	0.0039
563.125	0.0047
563.25	0.0047
563.375	0.0015
563.5	0.0047
563.625	0.0039
563.75	0.0047
563.875	0.0047
564.0	0.0047
564.125	0.0023
564.25	0.0023
564.375	0.0047
564.5	0.0047
564.625	0.0047
564.75	0.0047
564.875	0.0039
565.0	0.0047
565.125	0.0031
565.25	0.0023
565.375	0.0039
565.5	0.0047
565.625	0.0031
565.75	0.0039
565.875	0.0039
566.0	0.0039
566.125	0.0047
566.25	0.0023
566.375	0.0023
566.5	0.0031
566.625	0.0047
566.75	0.0047
566.875	0.0039
567.0	0.0023
567.125	0.0031
567.25	0.0047
567.375	0.0039
567.5	0.0023
567.625	0.0047
567.75	0.0047
567.875	0.0047
568.0	0.0047
568.125	0.0047
568.25	0.0047
568.375	0.0047
568.5	0.0039
568.625	0.0039
568.75	0.0039
568.875	0.0047
569.0	0.0023
569.125	0.0015
569.25	0.0047
569.375	0.0039
569.5	0.0031
569.625	0.0015
569.75	0.0031
569.875	0.0039
570.0	0.0023
570.125	0.0031
570.25	0.0015
570.375	0.0047
570.5	0.0047
570.625	0.0023
570.75	0.0031
570.875	0.0031
571.0	0.0023
571.125	0.0031
571.25	0.0031
571.375	0.0047
571.5	0.0015
571.625	0.0039
571.75	0.0031
571.875	0.0039
572.0	0.0039
572.125	0.0031
572.25	0.0023
572.375	0.0039
572.5	0.0015
572.625	0.0047
572.75	0.0047
572.875	0.0031
573.0	0.0023
573.125	0.0039
573.25	0.0039
573.375	0.0023
573.5	0.0031
573.625	0.0031
573.75	0.0023
573.875	0.0031
574.0	0.0039
574.125	0.0039
574.25	0.0031
574.375	0.0023
574.5	0.0015
574.625	0.0015
574.75	0.0047
574.875	0.0047
575.0	0.0023
575.125	0.0047
575.25	0.0039
575.375	0.0031
575.5	0.0047
575.625	0.0047
575.75	0.0031
575.875	0.0039
576.0	0.0023
576.125	0.0031
576.25	0.0039
576.375	0.0023
576.5	0.0015
576.625	0.0023
576.75	7.0E-4
576.875	0.0031
577.0	0.0047
577.125	0.0047
577.25	0.0015
577.375	0.0031
577.5	0.0031
577.625	7.0E-4
577.75	0.0023
577.875	0.0023
578.0	0.0031
578.125	0.0047
578.25	0.0023
578.375	0.0023
578.5	0.0023
578.625	0.0023
578.75	0.0047
578.875	0.0047
579.0	0.0023
579.125	0.0039
579.25	0.0047
579.375	0.0023
579.5	0.0039
579.625	0.0047
579.75	0.0039
579.875	0.0
580.0	0.0031
580.125	0.0047
580.25	0.0047
580.375	0.0031
580.5	7.0E-4
580.625	0.0047
580.75	0.0039
580.875	0.0031
581.0	0.0039
581.125	7.0E-4
581.25	0.0047
581.375	0.0023
581.5	0.0039
581.625	0.0047
581.75	7.0E-4
581.875	0.0031
582.0	0.0031
582.125	7.0E-4
582.25	0.0023
582.375	7.0E-4
582.5	0.0023
582.625	0.0039
582.75	0.0023
582.875	0.0039
583.0	0.0039
583.125	0.0031
583.25	0.0023
583.375	0.0031
583.5	7.0E-4
583.625	0.0023
583.75	0.0039
583.875	0.0015
584.0	0.0023
584.125	0.0039
584.25	0.0031
584.375	0.0039
584.5	0.0015
584.625	7.0E-4
584.75	0.0023
584.875	0.0047
585.0	0.0031
585.125	0.0047
585.25	0.0031
585.375	0.0031
585.5	0.0031
585.625	0.0031
585.75	0.0047
585.875	0.0015
586.0	0.0023
586.125	0.0031
586.25	7.0E-4
586.375	0.0039
586.5	0.0031
586.625	0.0031
586.75	0.0039
586.875	0.0031
587.0	0.0039
587.125	0.0031
587.25	0.0039
587.375	0.0047
587.5	0.0039
587.625	0.0047
587.75	0.0015
587.875	0.0031
588.0	0.0015
588.125	0.0031
588.25	0.0015
588.375	0.0031
588.5	0.0047
588.625	0.0039
588.75	0.0031
588.875	0.0023
589.0	0.0015
589.125	7.0E-4
589.25	0.0031
589.375	0.0023
589.5	0.0031
589.625	0.0023
589.75	0.0015
589.875	0.0015
590.0	0.0047
590.125	0.0015
590.25	0.0031
590.375	0.0039
590.5	7.0E-4
590.625	0.0047
590.75	0.0039
590.875	0.0047
591.0	0.0031
591.125	0.0015
591.25	7.0E-4
591.375	0.0015
591.5	0.0015
591.625	0.0
591.75	0.0047
591.875	0.0031
592.0	0.0031
592.125	7.0E-4
592.25	0.0023
592.375	0.0031
592.5	0.0023
592.625	0.0023
592.75	7.0E-4
592.875	0.0031
593.0	0.0015
593.125	0.0023
593.25	0.0015
593.375	0.0015
593.5	0.0023
593.625	0.0015
593.75	0.0015
593.875	0.0039
594.0	0.0023
594.125	0.0023
594.25	0.0023
594.375	0.0015
594.5	0.0023
594.625	0.0047
594.75	0.0023
594.875	0.0039
595.0	0.0047
595.125	0.0
595.25	0.0023
595.375	0.0039
595.5	0.0031
595.625	0.0015
595.75	0.0047
595.875	0.0015
596.0	0.0031
596.125	0.0031
596.25	7.0E-4
596.375	0.0031
596.5	0.0039
596.625	0.0015
596.75	0.0015
596.875	0.0015
597.0	0.0031
597.125	0.0031
597.25	7.0E-4
597.375	7.0E-4
597.5	0.0015
597.625	7.0E-4
597.75	0.0023
597.875	0.0031
598.0	0.0039
598.125	0.0031
598.25	0.0023
598.375	0.0023
598.5	0.0
598.625	0.0031
598.75	0.0031
598.875	0.0015
599.0	7.0E-4
599.125	0.0031
599.25	7.0E-4
599.375	0.0047
599.5	0.0
599.625	0.0031
599.75	7.0E-4
599.875	0.0031
600.0	0.0023
600.125	0.0031
600.25	0.0047
600.375	0.0015
600.5	0.0047
600.625	0.0
600.75	0.0023
600.875	0.0
601.0	0.0015
601.125	0.0015
601.25	0.0023
601.375	0.0039
601.5	0.0023
601.625	0.0023
601.75	7.0E-4
601.875	0.0015
602.0	0.0031
602.125	0.0
602.25	0.0039
602.375	0.0015
602.5	0.0031
602.625	0.0039
602.75	0.0023
602.875	0.0023
603.0	0.0015
603.125	0.0031
603.25	0.0015
603.375	0.0015
603.5	0.0015
603.625	0.0031
603.75	0.0047
603.875	0.0015
604.0	0.0031
604.125	0.0023
604.25	0.0031
604.375	0.0023
604.5	0.0023
604.625	0.0031
604.75	0.0023
604.875	7.0E-4
605.0	0.0023
605.125	0.0023
605.25	7.0E-4
605.375	0.0015
605.5	0.0039
605.625	0.0031
605.75	0.0023
605.875	0.0047
606.0	0.0047
606.125	0.0023
606.25	0.0031
606.375	0.0039
606.5	0.0023
606.625	0.0015
606.75	0.0031
606.875	0.0023
607.0	0.0023
607.125	0.0031
607.25	0.0031
607.375	0.0039
607.5	0.0031
607.625	0.0023
607.75	0.0015
607.875	0.0039
608.0	0.0031
608.125	0.0039
608.25	0.0015
608.375	0.0023
608.5	0.0023
608.625	0.0023
608.75	0.0015
608.875	7.0E-4
609.0	0.0031
609.125	0.0023
609.25	0.0039
609.375	0.0015
609.5	0.0
609.625	0.0039
609.75	0.0015
609.875	0.0031
610.0	0.0031
610.125	0.0
610.25	0.0031
610.375	7.0E-4
610.5	0.0015
610.625	0.0023
610.75	7.0E-4
610.875	0.0023
611.0	0.0031
611.125	0.0047
611.25	0.0015
611.375	0.0031
611.5	0.0
611.625	0.0015
611.75	0.0039
611.875	0.0023
612.0	0.0023
612.125	0.0023
612.25	0.0015
612.375	0.0047
612.5	0.0015
612.625	0.0039
612.75	0.0023
612.875	0.0047
613.0	0.0023
613.125	0.0023
613.25	0.0023
613.375	0.0031
613.5	0.0031
613.625	0.0015
613.75	0.0015
613.875	0.0015
614.0	0.0015
614.125	0.0
614.25	0.0039
614.375	0.0039
614.5	0.0031
614.625	0.0031
614.75	0.0031
614.875	0.0023
615.0	0.0031
615.125	0.0023
615.25	0.0039
615.375	0.0039
615.5	0.0039
615.625	0.0023
615.75	0.0023
615.875	0.0031
616.0	0.0023
616.125	0.0015
616.25	0.0015
616.375	0.0015
616.5	0.0015
616.625	0.0015
616.75	0.0031
616.875	0.0039
617.0	0.0023
617.125	0.0031
617.25	0.0023
617.375	7.0E-4
617.5	7.0E-4
617.625	0.0031
617.75	0.0047
617.875	0.0015
618.0	0.0015
618.125	0.0031
618.25	7.0E-4
618.375	7.0E-4
618.5	0.0031
618.625	0.0015
618.75	7.0E-4
618.875	0.0023
619.0	0.0023
619.125	0.0023
619.25	0.0031
619.375	0.0047
619.5	0.0031
619.625	0.0039
619.75	0.0039
619.875	0.0
620.0	0.0031
620.125	0.0015
620.25	0.0047
620.375	0.0015
620.5	0.0039
620.625	0.0031
620.75	7.0E-4
620.875	0.0031
621.0	0.0039
621.125	0.0023
621.25	0.0023
621.375	0.0015
621.5	0.0031
621.625	0.0047
621.75	0.0031
621.875	0.0015
622.0	0.0031
622.125	0.0023
622.25	7.0E-4
622.375	0.0039
622.5	7.0E-4
622.625	0.0023
622.75	0.0023
622.875	0.0031
623.0	0.0023
623.125	0.0031
623.25	0.0015
623.375	0.0015
623.5	7.0E-4
623.625	0.0023
623.75	0.0023
623.875	0.0023
624.0	0.0023
624.125	0.0023
624.25	0.0031
624.375	0.0023
624.5	0.0015
624.625	0.0015
624.75	0.0015
624.875	0.0031
625.0	0.0015
625.125	7.0E-4
625.25	0.0023
625.375	0.0
625.5	7.0E-4
625.625	0.0047
625.75	0.0039
625.875	0.0023
626.0	7.0E-4
626.125	0.0015
626.25	7.0E-4
626.375	0.0015
626.5	0.0015
626.625	7.0E-4
626.75	0.0031
626.875	0.0023
627.0	0.0
627.125	0.0047
627.25	0.0031
627.375	0.0039
627.5	0.0015
627.625	0.0023
627.75	0.0047
627.875	0.0039
628.0	0.0023
628.125	7.0E-4
628.25	0.0031
628.375	0.0015
628.5	0.0039
628.625	0.0047
628.75	0.0031
628.875	7.0E-4
629.0	0.0023
629.125	0.0047
629.25	0.0023
629.375	0.0015
629.5	0.0047
629.625	0.0039
629.75	0.0031
629.875	0.0015
630.0	0.0015
630.125	0.0023
630.25	0.0031
630.375	0.0015
630.5	0.0015
630.625	0.0031
630.75	0.0023
630.875	0.0023
631.0	0.0039
631.125	0.0047
631.25	0.0015
631.375	0.0015
631.5	0.0015
631.625	0.0031
631.75	0.0023
631.875	0.0
632.0	0.0039
632.125	0.0031
632.25	0.0023
632.375	0.0023
632.5	0.0047
632.625	0.0023
632.75	0.0039
632.875	0.0023
633.0	0.0023
633.125	0.0023
633.25	0.0015
633.375	0.0047
633.5	0.0023
633.625	0.0015
633.75	0.0039
633.875	0.0023
634.0	0.0039
634.125	0.0015
634.25	0.0023
634.375	7.0E-4
634.5	0.0023
634.625	0.0023
634.75	0.0015
634.875	0.0023
635.0	0.0031
635.125	0.0031
635.25	0.0031
635.375	0.0023
635.5	0.0015
635.625	0.0039
635.75	0.0023
635.875	0.0031
636.0	0.0039
636.125	0.0039
636.25	7.0E-4
636.375	0.0039
636.5	0.0015
636.625	0.0031
636.75	0.0031
636.875	0.0039
637.0	0.0023
637.125	0.0039
637.25	0.0031
637.375	0.0039
637.5	0.0023
637.625	7.0E-4
637.75	0.0023
637.875	0.0031
638.0	0.0023
638.125	0.0047
638.25	0.0031
638.375	0.0
638.5	0.0039
638.625	0.0023
638.75	0.0023
638.875	0.0
639.0	0.0
639.125	7.0E-4
639.25	0.0023
639.375	0.0023
639.5	0.0023
639.625	0.0015
639.75	0.0015
639.875	0.0015
640.0	0.0015
640.125	0.0031
640.25	0.0047
640.375	7.0E-4
640.5	0.0039
640.625	0.0047
640.75	0.0031
640.875	0.0023
641.0	0.0031
641.125	0.0047
641.25	0.0023
641.375	0.0015
641.5	0.0023
641.625	0.0039
641.75	7.0E-4
641.875	0.0031
642.0	0.0023
642.125	0.0031
642.25	7.0E-4
642.375	0.0015
642.5	7.0E-4
642.625	0.0015
642.75	0.0031
642.875	0.0015
643.0	0.0039
643.125	0.0023
643.25	0.0023
643.375	7.0E-4
643.5	0.0023
643.625	0.0031
643.75	0.0023
643.875	0.0039
644.0	0.0031
644.125	0.0023
644.25	0.0
644.375	0.0015
644.5	0.0023
644.625	0.0039
644.75	0.0015
644.875	7.0E-4
645.0	0.0023
645.125	0.0031
645.25	0.0015
645.375	7.0E-4
645.5	7.0E-4
645.625	0.0039
645.75	0.0023
645.875	0.0031
646.0	0.0
646.125	0.0039
646.25	0.0023
646.375	7.0E-4
646.5	0.0031
646.625	7.0E-4
646.75	0.0031
646.875	0.0023
647.0	0.0023
647.125	0.0
647.25	0.0023
647.375	0.0031
647.5	7.0E-4
647.625	0.0023
647.75	0.0031
647.875	0.0023
648.0	0.0023
648.125	0.0023
648.25	0.0015
648.375	0.0023
648.5	0.0015
648.625	0.0023
648.75	7.0E-4
648.875	0.0023
649.0	0.0015
649.125	0.0023
649.25	0.0
649.375	0.0015
649.5	0.0015
649.625	7.0E-4
649.75	0.0031
649.875	0.0023
650.0	0.0023
650.125	0.0015
650.25	0.0015
650.375	0.0039
650.5	0.0023
650.625	0.0
650.75	0.0047
650.875	0.0039
651.0	0.0015
651.125	0.0015
651.25	0.0039
651.375	0.0015
651.5	0.0015
651.625	0.0
651.75	0.0039
651.875	0.0015
652.0	0.0015
652.125	0.0031
652.25	0.0015
652.375	0.0015
652.5	7.0E-4
652.625	0.0023
652.75	0.0023
652.875	0.0
653.0	0.0023
653.125	7.0E-4
653.25	0.0
653.375	7.0E-4
653.5	0.0031
653.625	0.0023
653.75	0.0
653.875	7.0E-4
654.0	0.0023
654.125	0.0023
654.25	0.0031
654.375	0.0
654.5	0.0015
654.625	0.0039
654.75	0.0015
654.875	0.0015
655.0	0.0015
655.125	7.0E-4
655.25	0.0023
655.375	0.0031
655.5	0.0023
655.625	0.0023
655.75	0.0015
655.875	0.0031
656.0	0.0
656.125	0.0039
656.25	7.0E-4
656.375	0.0023
656.5	7.0E-4
656.625	0.0023
656.75	0.0031
656.875	0.0015
657.0	0.0015
657.125	0.0039
657.25	0.0023
657.375	0.0039
657.5	0.0015
657.625	0.0031
657.75	0.0015
657.875	7.0E-4
658.0	0.0039
658.125	0.0
658.25	7.0E-4
658.375	0.0039
658.5	0.0031
658.625	0.0023
658.75	7.0E-4
658.875	0.0
659.0	0.0
659.125	0.0
659.25	0.0
659.375	0.0047
659.5	0.0031
659.625	0.0015
659.75	0.0
659.875	0.0031
660.0	0.0031
660.125	0.0023
660.25	7.0E-4
660.375	0.0023
660.5	0.0023
660.625	0.0031
660.75	0.0039
660.875	0.0023
661.0	0.0047
661.125	0.0023
661.25	0.0031
661.375	0.0015
661.5	0.0
661.625	0.0023
661.75	7.0E-4
661.875	0.0015
662.0	0.0031
662.125	0.0015
662.25	0.0023
662.375	0.0039
662.5	0.0023
662.625	0.0015
662.75	0.0023
662.875	0.0023
663.0	0.0023
663.125	0.0015
663.25	0.0039
663.375	0.0015
663.5	0.0023
663.625	0.0015
663.75	0.0015
663.875	0.0015
664.0	0.0047
664.125	7.0E-4
664.25	7.0E-4
664.375	0.0039
664.5	0.0031
664.625	0.0023
664.75	0.0015
664.875	0.0031
665.0	0.0023
665.125	0.0039
665.25	0.0015
665.375	0.0047
665.5	0.0023
665.625	0.0015
665.75	0.0039
665.875	7.0E-4
666.0	0.0015
666.125	0.0023
666.25	0.0031
666.375	0.0015
666.5	7.0E-4
666.625	0.0015
666.75	0.0023
666.875	7.0E-4
667.0	0.0023
667.125	0.0023
667.25	0.0031
667.375	0.0031
667.5	0.0031
667.625	0.0023
667.75	0.0031
667.875	7.0E-4
668.0	7.0E-4
668.125	0.0015
668.25	0.0023
668.375	7.0E-4
668.5	0.0047
668.625	0.0
668.75	0.0015
668.875	0.0023
669.0	0.0
669.125	0.0
669.25	0.0023
669.375	0.0015
669.5	0.0015
669.625	7.0E-4
669.75	0.0
669.875	7.0E-4
670.0	0.0
670.125	0.0023
670.25	0.0023
670.375	7.0E-4
670.5	0.0023
670.625	7.0E-4
670.75	0.0015
670.875	0.0
671.0	0.0015
671.125	0.0
671.25	0.0
671.375	0.0023
671.5	0.0031
671.625	0.0015
671.75	0.0023
671.875	0.0
672.0	0.0023
672.125	0.0031
672.25	7.0E-4
672.375	0.0
672.5	7.0E-4
672.625	0.0023
672.75	7.0E-4
672.875	0.0023
673.0	0.0015
673.125	7.0E-4
673.25	0.0
673.375	0.0
673.5	0.0
673.625	0.0015
673.75	0.0023
673.875	7.0E-4
674.0	0.0015
674.125	0.0031
674.25	0.0023
674.375	0.0031
674.5	0.0023
674.625	0.0023
674.75	0.0015
674.875	0.0015
675.0	0.0015
675.125	0.0039
675.25	7.0E-4
675.375	0.0015
675.5	0.0015
675.625	0.0
675.75	7.0E-4
675.875	0.0047
676.0	0.0023
676.125	0.0023
676.25	0.0023
676.375	0.0015
676.5	0.0023
676.625	0.0015
676.75	0.0015
676.875	0.0023
677.0	7.0E-4
677.125	0.0
677.25	0.0
677.375	0.0015
677.5	0.0
677.625	0.0
677.75	0.0023
677.875	0.0031
678.0	0.0015
678.125	0.0023
678.25	0.0039
678.375	0.0015
678.5	0.0015
678.625	7.0E-4
678.75	7.0E-4
678.875	0.0015
679.0	0.0023
679.125	7.0E-4
679.25	0.0015
679.375	0.0023
679.5	0.0
679.625	0.0
679.75	0.0015
679.875	0.0015
680.0	0.0015
680.125	0.0031
680.25	0.0031
680.375	7.0E-4
680.5	0.0015
680.625	7.0E-4
680.75	7.0E-4
680.875	7.0E-4
681.0	0.0
681.125	0.0015
681.25	0.0047
681.375	0.0
681.5	0.0023
681.625	0.0039
681.75	0.0015
681.875	0.0023
682.0	0.0031
682.125	0.0015
682.25	0.0023
682.375	0.0
682.5	0.0015
682.625	7.0E-4
682.75	0.0023
682.875	7.0E-4
683.0	7.0E-4
683.125	7.0E-4
683.25	0.0031
683.375	0.0031
683.5	0.0
683.625	7.0E-4
683.75	0.0
683.875	0.0039
684.0	0.0015
684.125	7.0E-4
684.25	0.0023
684.375	0.0
684.5	7.0E-4
684.625	0.0015
684.75	0.0015
684.875	0.0
685.0	0.0031
685.125	0.0023
685.25	0.0
685.375	0.0023
685.5	0.0
685.625	0.0015
685.75	0.0023
685.875	0.0015
686.0	0.0023
686.125	0.0
686.25	0.0023
686.375	0.0023
686.5	0.0
686.625	0.0015
686.75	0.0023
686.875	0.0023
687.0	0.0023
687.125	0.0023
687.25	0.0
687.375	0.0
687.5	0.0023
687.625	0.0031
687.75	7.0E-4
687.875	0.0
688.0	0.0023
688.125	7.0E-4
688.25	0.0031
688.375	0.0015
688.5	0.0031
688.625	0.0
688.75	0.0031
688.875	0.0039
689.0	7.0E-4
689.125	0.0039
689.25	7.0E-4
689.375	7.0E-4
689.5	0.0
689.625	0.0039
689.75	0.0
689.875	7.0E-4
690.0	0.0
690.125	0.0023
690.25	0.0023
690.375	7.0E-4
690.5	0.0015
690.625	7.0E-4
690.75	7.0E-4
690.875	0.0
691.0	0.0
691.125	0.0015
691.25	0.0031
691.375	0.0039
691.5	0.0015
691.625	0.0
691.75	7.0E-4
691.875	0.0039
692.0	0.0015
692.125	0.0
692.25	0.0015
692.375	0.0015
692.5	0.0015
692.625	0.0031
692.75	0.0023
692.875	0.0023
693.0	0.0031
693.125	0.0031
693.25	7.0E-4
693.375	7.0E-4
693.5	0.0015
693.625	7.0E-4
693.75	0.0023
693.875	0.0031
694.0	0.0
694.125	0.0
694.25	0.0015
694.375	0.0
694.5	0.0
694.625	0.0015
694.75	0.0015
694.875	0.0039
695.0	7.0E-4
695.125	0.0039
695.25	0.0015
695.375	0.0039
695.5	0.0031
695.625	0.0
695.75	7.0E-4
695.875	0.0015
696.0	0.0039
696.125	0.0039
696.25	0.0015
696.375	0.0
696.5	0.0015
696.625	0.0039
696.75	7.0E-4
696.875	7.0E-4
697.0	0.0
697.125	0.0
697.25	0.0039
697.375	7.0E-4
697.5	0.0
697.625	7.0E-4
697.75	0.0023
697.875	0.0015
698.0	0.0031
698.125	0.0015
698.25	0.0
698.375	0.0015
698.5	0.0039
698.625	7.0E-4
698.75	7.0E-4
698.875	0.0023
699.0	0.0
699.125	0.0031
699.25	0.0023
699.375	0.0
699.5	7.0E-4
699.625	7.0E-4
699.75	0.0015
699.875	7.0E-4
700.0	7.0E-4
700.125	0.0015
700.25	7.0E-4
700.375	0.0023
700.5	0.0031
700.625	0.0015
700.75	7.0E-4
700.875	0.0023
701.0	0.0023
701.125	7.0E-4
701.25	0.0015
701.375	0.0015
701.5	0.0023
701.625	0.0023
701.75	0.0023
701.875	0.0015
702.0	0.0023
702.125	0.0023
702.25	7.0E-4
702.375	7.0E-4
702.5	0.0023
702.625	0.0015
702.75	0.0
702.875	0.0
703.0	0.0039
703.125	0.0015
703.25	0.0
703.375	0.0023
703.5	0.0
703.625	0.0023
703.75	0.0023
703.875	0.0
704.0	7.0E-4
704.125	0.0015
704.25	0.0015
704.375	7.0E-4
704.5	7.0E-4
704.625	0.0023
704.75	0.0031
704.875	0.0031
705.0	0.0
705.125	0.0015
705.25	0.0023
705.375	0.0023
705.5	0.0
705.625	0.0015
705.75	0.0031
705.875	0.0023
706.0	0.0
706.125	7.0E-4
706.25	0.0015
706.375	0.0015
706.5	0.0015
706.625	7.0E-4
706.75	0.0023
706.875	0.0
707.0	0.0023
707.125	0.0
707.25	0.0
707.375	0.0015
707.5	0.0031
707.625	0.0023
707.75	0.0015
707.875	7.0E-4
708.0	0.0
708.125	0.0
708.25	7.0E-4
708.375	0.0015
708.5	0.0023
708.625	7.0E-4
708.75	7.0E-4
708.875	0.0
709.0	0.0031
709.125	0.0015
709.25	0.0015
709.375	0.0023
709.5	0.0015
709.625	0.0
709.75	0.0031
709.875	0.0015
710.0	0.0031
710.125	0.0
710.25	0.0
710.375	7.0E-4
710.5	7.0E-4
710.625	7.0E-4
710.75	7.0E-4
710.875	0.0015
711.0	0.0031
711.125	0.0
711.25	7.0E-4
711.375	0.0
711.5	0.0015
711.625	0.0
711.75	7.0E-4
711.875	0.0023
712.0	0.0015
712.125	0.0031
712.25	0.0023
712.375	0.0031
712.5	7.0E-4
712.625	0.0031
712.75	0.0039
712.875	7.0E-4
713.0	0.0
713.125	0.0015
713.25	0.0039
713.375	0.0031
713.5	7.0E-4
713.625	7.0E-4
713.75	0.0
713.875	0.0
714.0	7.0E-4
714.125	0.0031
714.25	7.0E-4
714.375	0.0
714.5	0.0015
714.625	0.0015
714.75	0.0015
714.875	0.0
715.0	0.0015
715.125	7.0E-4
715.25	7.0E-4
715.375	0.0
715.5	7.0E-4
715.625	0.0023
715.75	0.0015
715.875	7.0E-4
716.0	0.0031
716.125	0.0015
716.25	0.0015
716.375	0.0015
716.5	0.0023
716.625	7.0E-4
716.75	0.0047
716.875	0.0015
717.0	7.0E-4
717.125	0.0023
717.25	0.0031
717.375	0.0023
717.5	7.0E-4
717.625	0.0023
717.75	7.0E-4
717.875	0.0
718.0	0.0031
718.125	0.0
718.25	0.0023
718.375	0.0
718.5	7.0E-4
718.625	0.0039
718.75	0.0031
718.875	0.0023
719.0	0.0031
719.125	0.0023
719.25	0.0015
719.375	0.0015
719.5	7.0E-4
719.625	0.0031
719.75	0.0031
719.875	0.0023
720.0	7.0E-4
720.125	0.0015
720.25	0.0
720.375	7.0E-4
720.5	0.0015
720.625	0.0023
720.75	0.0023
720.875	0.0031
721.0	7.0E-4
721.125	0.0023
721.25	0.0015
721.375	0.0015
721.5	0.0015
721.625	0.0031
721.75	0.0015
721.875	0.0031
722.0	0.0015
722.125	0.0015
722.25	0.0023
722.375	0.0023
722.5	0.0023
722.625	0.0031
722.75	0.0
722.875	7.0E-4
723.0	0.0015
723.125	7.0E-4
723.25	0.0015
723.375	0.0023
723.5	0.0
723.625	0.0
723.75	0.0
723.875	0.0015
724.0	7.0E-4
724.125	0.0
724.25	0.0023
724.375	0.0
724.5	0.0015
724.625	0.0015
724.75	0.0031
724.875	0.0015
725.0	0.0023
725.125	7.0E-4
725.25	0.0
725.375	7.0E-4
725.5	0.0
725.625	0.0
725.75	0.0023
725.875	0.0031
726.0	0.0
726.125	0.0023
726.25	0.0031
726.375	0.0015
726.5	7.0E-4
726.625	0.0023
726.75	0.0031
726.875	0.0031
727.0	0.0023
727.125	0.0047
727.25	0.0039
727.375	7.0E-4
727.5	0.0023
727.625	0.0023
727.75	0.0
727.875	0.0023
728.0	0.0023
728.125	0.0
728.25	0.0
728.375	0.0023
728.5	0.0023
728.625	0.0
728.75	0.0031
728.875	0.0031
729.0	7.0E-4
729.125	7.0E-4
729.25	7.0E-4
729.375	0.0
729.5	7.0E-4
729.625	7.0E-4
729.75	0.0023
729.875	0.0031
730.0	0.0015
730.125	0.0015
730.25	7.0E-4
730.375	0.0015
730.5	7.0E-4
730.625	0.0023
730.75	0.0
730.875	0.0015
731.0	0.0015
731.125	0.0015
731.25	0.0015
731.375	0.0023
731.5	7.0E-4
731.625	7.0E-4
731.75	0.0023
731.875	0.0015
732.0	7.0E-4
732.125	0.0031
732.25	0.0
732.375	0.0015
732.5	0.0039
732.625	7.0E-4
732.75	7.0E-4
732.875	0.0015
733.0	0.0023
733.125	0.0
733.25	0.0039
733.375	0.0015
733.5	0.0039
733.625	0.0015
733.75	0.0015
733.875	7.0E-4
734.0	7.0E-4
734.125	0.0023
734.25	0.0015
734.375	0.0
734.5	7.0E-4
734.625	0.0015
734.75	0.0023
734.875	7.0E-4
735.0	0.0015
735.125	0.0023
735.25	0.0
735.375	0.0039
735.5	0.0023
735.625	0.0
735.75	7.0E-4
735.875	0.0
736.0	7.0E-4
736.125	0.0015
736.25	0.0015
736.375	0.0023
736.5	0.0
736.625	0.0031
736.75	0.0
736.875	0.0023
737.0	0.0023
737.125	0.0015
737.25	0.0015
737.375	7.0E-4
737.5	0.0
737.625	0.0
737.75	0.0023
737.875	7.0E-4
738.0	0.0023
738.125	0.0031
738.25	0.0023
738.375	0.0015
738.5	0.0015
738.625	0.0023
738.75	0.0023
738.875	7.0E-4
739.0	0.0015
739.125	0.0031
739.25	0.0023
739.375	7.0E-4
739.5	0.0015
739.625	0.0023
739.75	0.0015
739.875	0.0
740.0	7.0E-4
740.125	0.0
740.25	0.0015
740.375	0.0023
740.5	0.0023
740.625	0.0023
740.75	0.0
740.875	0.0
741.0	0.0031
741.125	0.0015
741.25	0.0031
741.375	0.0031
741.5	0.0015
741.625	0.0031
741.75	0.0015
741.875	0.0015
742.0	0.0
742.125	0.0015
742.25	0.0015
742.375	0.0023
742.5	0.0031
742.625	0.0047
742.75	7.0E-4
742.875	0.0031
743.0	0.0015
743.125	0.0023
743.25	7.0E-4
743.375	0.0031
743.5	0.0031
743.625	0.0023
743.75	0.0047
743.875	0.0031
744.0	0.0015
744.125	0.0031
744.25	0.0015
744.375	7.0E-4
744.5	0.0
744.625	0.0015
744.75	0.0015
744.875	0.0023
745.0	0.0015
745.125	7.0E-4
745.25	7.0E-4
745.375	7.0E-4
745.5	0.0023
745.625	0.0031
745.75	0.0015
745.875	0.0031
746.0	0.0
746.125	0.0
746.25	0.0039
746.375	0.0023
746.5	0.0031
746.625	0.0015
746.75	0.0015
746.875	0.0023
747.0	0.0015
747.125	0.0039
747.25	0.0031
747.375	0.0015
747.5	0.0015
747.625	0.0031
747.75	0.0
747.875	0.0
748.0	0.0023
748.125	0.0039
748.25	0.0023
748.375	0.0047
748.5	0.0015
748.625	0.0023
748.75	0.0031
748.875	0.0031
749.0	0.0039
749.125	0.0023
749.25	0.0031
749.375	0.0023
749.5	0.0015
749.625	0.0031
749.75	0.0
749.875	0.0031
750.0	7.0E-4
750.125	0.0
750.25	0.0023
750.375	0.0
750.5	7.0E-4
750.625	0.0031
750.75	0.0023
750.875	0.0
751.0	0.0023
751.125	0.0023
751.25	0.0
751.375	0.0023
751.5	0.0031
751.625	0.0
751.75	0.0039
751.875	0.0015
752.0	0.0
752.125	0.0015
752.25	0.0015
752.375	0.0039
752.5	0.0031
752.625	0.0039
752.75	0.0039
752.875	0.0015
753.0	0.0031
753.125	0.0039
753.25	0.0039
753.375	0.0031
753.5	0.0023
753.625	7.0E-4
753.75	0.0039
753.875	0.0039
754.0	0.0031
754.125	7.0E-4
754.25	0.0015
754.375	0.0015
754.5	0.0023
754.625	0.0031
754.75	0.0031
754.875	0.0023
755.0	7.0E-4
755.125	0.0031
755.25	0.0023
755.375	0.0015
755.5	0.0047
755.625	0.0031
755.75	0.0023
755.875	0.0023
756.0	0.0015
756.125	7.0E-4
756.25	0.0031
756.375	0.0031
756.5	7.0E-4
756.625	0.0015
756.75	0.0023
756.875	0.0039
757.0	0.0
757.125	0.0023
757.25	0.0023
757.375	0.0031
757.5	0.0031
757.625	0.0015
757.75	7.0E-4
757.875	7.0E-4
758.0	0.0031
758.125	0.0023
758.25	7.0E-4
758.375	0.0031
758.5	0.0015
758.625	7.0E-4
758.75	0.0023
758.875	0.0015
759.0	0.0031
759.125	0.0015
759.25	0.0015
759.375	0.0047
759.5	0.0023
759.625	0.0015
759.75	0.0031
759.875	7.0E-4
760.0	0.0015
760.125	0.0031
760.25	0.0015
760.375	0.0031
760.5	0.0031
760.625	0.0015
760.75	0.0015
760.875	7.0E-4
761.0	0.0031
761.125	0.0031
761.25	0.0023
761.375	0.0015
761.5	0.0031
761.625	0.0015
761.75	0.0023
761.875	0.0031
762.0	0.0023
762.125	7.0E-4
762.25	0.0039
762.375	0.0031
762.5	0.0039
762.625	0.0015
762.75	0.0039
762.875	0.0047
763.0	7.0E-4
763.125	0.0031
763.25	0.0031
763.375	0.0023
763.5	0.0031
763.625	0.0031
763.75	0.0039
763.875	0.0023
764.0	0.0031
764.125	0.0039
764.25	0.0031
764.375	0.0031
764.5	0.0039
764.625	0.0015
764.75	0.0015
764.875	0.0023
765.0	0.0039
765.125	0.0039
765.25	0.0039
765.375	0.0015
765.5	0.0015
765.625	0.0047
765.75	0.0031
765.875	0.0039
766.0	0.0039
766.125	0.0015
766.25	0.0023
766.375	0.0039
766.5	0.0039
766.625	0.0023
766.75	0.0015
766.875	7.0E-4
767.0	0.0
767.125	0.0039
767.25	0.0039
767.375	0.0023
767.5	0.0015
767.625	0.0015
767.75	0.0047
767.875	0.0031
768.0	0.0023
768.125	0.0031
768.25	0.0047
768.375	0.0015
768.5	0.0039
768.625	0.0039
768.75	0.0039
768.875	0.0039
769.0	0.0047
769.125	0.0023
769.25	0.0031
769.375	0.0031
769.5	0.0023
769.625	0.0023
769.75	0.0015
769.875	0.0047
770.0	0.0039
770.125	0.0039
770.25	0.0031
770.375	0.0023
770.5	0.0031
770.625	0.0047
770.75	0.0047
770.875	0.0023
771.0	0.0039
771.125	0.0031
771.25	7.0E-4
771.375	0.0047
771.5	0.0047
771.625	0.0039
771.75	0.0039
771.875	0.0031
772.0	0.0047
772.125	0.0039
772.25	0.0031
772.375	0.0039
772.5	0.0023
772.625	0.0047
772.75	0.0047
772.875	0.0023
773.0	0.0047
773.125	0.0039
773.25	0.0031
773.375	0.0039
773.5	0.0039
773.625	0.0039
773.75	0.0023
773.875	0.0039
774.0	0.0023
774.125	0.0039
774.25	0.0031
774.375	0.0023
774.5	0.0031
774.625	0.0039
774.75	0.0047
774.875	0.0015
775.0	0.0047
775.125	0.0039
775.25	0.0023
775.375	0.0023
775.5	0.0031
775.625	0.0039
775.75	0.0031
775.875	0.0047
776.0	0.0015
776.125	0.0047
776.25	0.0023
776.375	0.0031
776.5	0.0039
776.625	0.0047
776.75	0.0047
776.875	0.0023
777.0	0.0047
777.125	0.0039
777.25	0.0039
777.375	0.0023
777.5	0.0047
777.625	0.0047
777.75	0.0039
777.875	0.0039
778.0	0.0047
778.125	0.0039
778.25	0.0047
778.375	0.0039
778.5	0.0039
778.625	0.0047
778.75	0.0039
778.875	0.0047
779.0	0.0047
779.125	0.0039
779.25	0.0047
779.375	0.0039
779.5	0.0047
779.625	0.0047
779.75	0.0047
779.875	0.0047
780.0	0.0047
780.125	0.0023
780.25	0.0047
780.375	0.0047
780.5	0.0039
780.625	0.0047
780.75	0.0047
780.875	0.0047
781.0	0.0039
781.125	0.0023
781.25	0.0039
781.375	0.0047
781.5	0.0047
781.625	0.0047
781.75	0.0047
781.875	0.0031
782.0	0.0039
782.125	0.0047
782.25	0.0047
782.375	0.0047
782.5	0.0047
782.625	0.0047
782.75	0.0047
782.875	0.0047
783.0	0.0047
783.125	0.0047
783.25	0.0047
783.375	0.0039
783.5	0.0047
783.625	0.0047
783.75	0.0047
783.875	0.0039
784.0	0.0047
784.125	0.0047
784.25	0.0031
784.375	0.0047
784.5	0.0047
784.625	0.0047
784.75	0.0047
784.875	0.0047
785.0	0.0047
785.125	0.0039
785.25	0.0047
785.375	0.0047
785.5	0.0047
785.625	0.0039
785.75	0.0047
785.875	0.0047
786.0	0.0047
786.125	0.0055
786.25	0.0047
786.375	0.0047
786.5	0.0047
786.625	0.0055
786.75	0.0047
786.875	0.0039
787.0	0.0047
787.125	0.0047
787.25	0.0047
787.375	0.0047
787.5	0.0047
787.625	0.0047
787.75	0.0047
787.875	0.0047
788.0	0.0047
788.125	0.0047
788.25	0.0047
788.375	0.0055
788.5	0.0047
788.625	0.0047
788.75	0.0047
788.875	0.0047
789.0	0.0047
789.125	0.0047
789.25	0.0047
789.375	0.0047
789.5	0.0039
789.625	0.0047
789.75	0.0047
789.875	0.0047
790.0	0.0047
790.125	0.0047
790.25	0.0047
790.375	0.0055
790.5	0.0062
790.625	0.0047
790.75	0.0047
790.875	0.0047
791.0	0.0047
791.125	0.0047
791.25	0.0047
791.375	0.0047
791.5	0.0047
791.625	0.0047
791.75	0.0047
791.875	0.0047
792.0	0.0047
792.125	0.0047
792.25	0.0047
792.375	0.0062
792.5	0.0047
792.625	0.0047
792.75	0.0047
792.875	0.0055
793.0	0.0047
793.125	0.0031
793.25	0.0047
793.375	0.0047
793.5	0.0047
793.625	0.0047
793.75	0.0047
793.875	0.0062
794.0	0.0047
794.125	0.0047
794.25	0.0047
794.375	0.0047
794.5	0.0055
794.625	0.0047
794.75	0.0062
794.875	0.007
795.0	0.0055
795.125	0.0062
795.25	0.0047
795.375	0.007
795.5	0.0047
795.625	0.0055
795.75	0.0047
795.875	0.0055
796.0	0.0047
796.125	0.007
796.25	0.0055
796.375	0.0055
796.5	0.0047
796.625	0.0055
796.75	0.0055
796.875	0.0055
797.0	0.0047
797.125	0.0047
797.25	0.0047
797.375	0.0055
797.5	0.0047
797.625	0.0047
797.75	0.0047
797.875	0.0062
798.0	0.0062
798.125	0.0062
798.25	0.0062
798.375	0.0086
798.5	0.0062
798.625	0.0055
798.75	0.0062
798.875	0.0055
799.0	0.0062
799.125	0.0055
799.25	0.0078
799.375	0.0062
799.5	0.007
799.625	0.0078
799.75	0.0062
799.875	0.0055
800.0	0.0062
800.125	0.0062
800.25	0.0062
800.375	0.0078
800.5	0.0078
800.625	0.0062
800.75	0.0078
800.875	0.0055
801.0	0.007
801.125	0.007
801.25	0.0055
801.375	0.0055
801.5	0.0055
801.625	0.0094
801.75	0.0055
801.875	0.0086
802.0	0.0062
802.125	0.0094
802.25	0.0055
802.375	0.0062
802.5	0.0078
802.625	0.0078
802.75	0.0094
802.875	0.0062
803.0	0.0078
803.125	0.0094
803.25	0.0086
803.375	0.0078
803.5	0.0094
803.625	0.0078
803.75	0.0078
803.875	0.0094
804.0	0.007
804.125	0.0086
804.25	0.0078
804.375	0.0086
804.5	0.0078
804.625	0.0094
804.75	0.0094
804.875	0.007
805.0	0.0094
805.125	0.0078
805.25	0.0055
805.375	0.0094
805.5	0.0062
805.625	0.007
805.75	0.0078
805.875	0.007
806.0	0.007
806.125	0.0078
806.25	0.0086
806.375	0.007
806.5	0.007
806.625	0.0086
806.75	0.007
806.875	0.007
807.0	0.007
807.125	0.0078
807.25	0.0078
807.375	0.0062
807.5	0.007
807.625	0.0094
807.75	0.0094
807.875	0.0094
808.0	0.0086
808.125	0.0086
808.25	0.0094
808.375	0.0094
808.5	0.0062
808.625	0.0086
808.75	0.0078
808.875	0.007
809.0	0.0062
809.125	0.0078
809.25	0.0094
809.375	0.0094
809.5	0.0078
809.625	0.0078
809.75	0.0094
809.875	0.0094
810.0	0.0078
810.125	0.0078
810.25	0.0094
810.375	0.007
810.5	0.0086
810.625	0.007
810.75	0.0078
810.875	0.0094
811.0	0.0086
811.125	0.0078
811.25	0.0062
811.375	0.0062
811.5	0.0094
811.625	0.007
811.75	0.0094
811.875	0.0078
812.0	0.0086
812.125	0.0094
812.25	0.0086
812.375	0.0086
812.5	0.0094
812.625	0.0078
812.75	0.007
812.875	0.0094
813.0	0.0094
813.125	0.0086
813.25	0.007
813.375	0.0094
813.5	0.0094
813.625	0.0094
813.75	0.0086
813.875	0.0078
814.0	0.0062
814.125	0.0078
814.25	0.0094
814.375	0.007
814.5	0.0086
814.625	0.0094
814.75	0.0086
814.875	0.0086
815.0	0.0094
815.125	0.0086
815.25	0.007
815.375	0.0078
815.5	0.0086
815.625	0.0078
815.75	0.0094
815.875	0.0086
816.0	0.0094
816.125	0.0094
816.25	0.0078
816.375	0.0062
816.5	0.0078
816.625	0.0086
816.75	0.007
816.875	0.0094
817.0	0.0094
817.125	0.0094
817.25	0.0078
817.375	0.0078
817.5	0.0078
817.625	0.0078
817.75	0.0086
817.875	0.0094
818.0	0.0094
818.125	0.0094
818.25	0.0078
818.375	0.007
818.5	0.0094
818.625	0.0094
818.75	0.007
818.875	0.0078
819.0	0.0086
819.125	0.0078
819.25	0.0094
819.375	0.0094
819.5	0.0094
819.625	0.0086
819.75	0.0094
819.875	0.0094
820.0	0.0094
820.125	0.0094
820.25	0.0094
820.375	0.0102
820.5	0.0094
820.625	0.0078
820.75	0.0094
820.875	0.0094
821.0	0.0094
821.125	0.0078
821.25	0.0094
821.375	0.0094
821.5	0.0094
821.625	0.0094
821.75	0.0094
821.875	0.0094
822.0	0.0102
822.125	0.0094
822.25	0.0094
822.375	0.0094
822.5	0.0086
822.625	0.0102
822.75	0.0094
822.875	0.0078
823.0	0.0094
823.125	0.0094
823.25	0.0094
823.375	0.0086
823.5	0.0086
823.625	0.0086
823.75	0.0094
823.875	0.0094
824.0	0.0094
824.125	0.0094
824.25	0.0086
824.375	0.0102
824.5	0.0094
824.625	0.0094
824.75	0.0094
824.875	0.007
825.0	0.0094
825.125	0.0094
825.25	0.0094
825.375	0.0094
825.5	0.0094
825.625	0.0094
825.75	0.0094
825.875	0.0078
826.0	0.0102
826.125	0.0094
826.25	0.0094
826.375	0.0086
826.5	0.0094
826.625	0.0094
826.75	0.0094
826.875	0.0086
827.0	0.0094
827.125	0.0094
827.25	0.0094
827.375	0.0094
827.5	0.0094
827.625	0.0086
827.75	0.0094
827.875	0.0102
828.0	0.0094
828.125	0.0094
828.25	0.0086
828.375	0.0094
828.5	0.0094
828.625	0.0094
828.75	0.0094
828.875	0.0094
829.0	0.0094
829.125	0.0086
829.25	0.0094
829.375	0.0086
829.5	0.0094
829.625	0.0102
829.75	0.0094
829.875	0.0094
830.0	0.0094
830.125	0.0078
830.25	0.0094
830.375	0.0094
830.5	0.0094
830.625	0.007
830.75	0.0094
830.875	0.0102
831.0	0.011
831.125	0.0094
831.25	0.0094
831.375	0.011
831.5	0.0102
831.625	0.0094
831.75	0.0102
831.875	0.0094
832.0	0.0094
832.125	0.0094
832.25	0.011
832.375	0.0102
832.5	0.0094
832.625	0.0094
832.75	0.0102
832.875	0.0094
833.0	0.0094
833.125	0.0094
833.25	0.0094
833.375	0.0094
833.5	0.0094
833.625	0.0094
833.75	0.0094
833.875	0.0094
834.0	0.0094
834.125	0.0086
834.25	0.0094
834.375	0.0094
834.5	0.011
834.625	0.0094
834.75	0.0094
834.875	0.0094
835.0	0.0094
835.125	0.0094
835.25	0.0094
835.375	0.0102
835.5	0.0094
835.625	0.011
835.75	0.0094
835.875	0.0094
836.0	0.0102
836.125	0.0086
836.25	0.011
836.375	0.0094
836.5	0.0117
836.625	0.0102
836.75	0.0094
836.875	0.0094
837.0	0.0094
837.125	0.0094
837.25	0.0094
837.375	0.0086
837.5	0.0094
837.625	0.011
837.75	0.0094
837.875	0.0094
838.0	0.0094
838.125	0.0094
838.25	0.0102
838.375	0.0094
838.5	0.0094
838.625	0.0094
838.75	0.0086
838.875	0.0078
839.0	0.011
839.125	0.0094
839.25	0.0094
839.375	0.0094
839.5	0.0102
839.625	0.0094
839.75	0.0102
839.875	0.011
840.0	0.0102
840.125	0.0102
840.25	0.0094
840.375	0.0094
840.5	0.0102
840.625	0.0094
840.75	0.0094
840.875	0.0094
841.0	0.0094
841.125	0.0094
841.25	0.0094
841.375	0.0094
841.5	0.0094
841.625	0.0102
841.75	0.0094
841.875	0.0094
842.0	0.0094
842.125	0.0094
842.25	0.0094
842.375	0.0094
842.5	0.0094
842.625	0.0094
842.75	0.011
842.875	0.0086
843.0	0.0094
843.125	0.0094
843.25	0.0102
843.375	0.0094
843.5	0.0094
843.625	0.0102
843.75	0.0094
843.875	0.0094
844.0	0.0094
844.125	0.0102
844.25	0.0094
844.375	0.0094
844.5	0.0094
844.625	0.0086
844.75	0.0102
844.875	0.0094
845.0	0.0094
845.125	0.0078
845.25	0.0102
845.375	0.0094
845.5	0.0094
845.625	0.0102
845.75	0.0102
845.875	0.0094
846.0	0.011
846.125	0.0102
846.25	0.0102
846.375	0.0094
846.5	0.0102
846.625	0.0094
846.75	0.0094
846.875	0.0094
847.0	0.0094
847.125	0.0094
847.25	0.0094
847.375	0.0125
847.5	0.0094
847.625	0.0086
847.75	0.0102
847.875	0.0094
848.0	0.0102
848.125	0.0102
848.25	0.0094
848.375	0.0094
848.5	0.0094
848.625	0.0102
848.75	0.0094
848.875	0.0094
849.0	0.0094
849.125	0.0102
849.25	0.0102
849.375	0.0086
849.5	0.0094
849.625	0.0094
849.75	0.0094
849.875	0.0094
850.0	0.0094
850.125	0.0094
850.25	0.0094
850.375	0.0094
850.5	0.0102
850.625	0.0102
850.75	0.0102
850.875	0.0094
851.0	0.0102
851.125	0.0117
851.25	0.0094
851.375	0.0094
851.5	0.0102
851.625	0.0094
851.75	0.0094
851.875	0.0094
852.0	0.0094
852.125	0.011
852.25	0.0102
852.375	0.0094
852.5	0.0094
852.625	0.0102
852.75	0.0094
852.875	0.0094
853.0	0.0094
853.125	0.0094
853.25	0.0094
853.375	0.0094
853.5	0.0094
853.625	0.0094
853.75	0.0102
853.875	0.0094
854.0	0.0094
854.125	0.011
854.25	0.0086
854.375	0.0094
854.5	0.0094
854.625	0.0094
854.75	0.007
854.875	0.0094
855.0	0.0102
855.125	0.0094
855.25	0.0094
855.375	0.0078
855.5	0.0094
855.625	0.0094
855.75	0.0086
855.875	0.0078
856.0	0.0094
856.125	0.0102
856.25	0.0094
856.375	0.0094
856.5	0.0094
856.625	0.0094
856.75	0.0094
856.875	0.0094
857.0	0.011
857.125	0.0094
857.25	0.0094
857.375	0.0094
857.5	0.0094
857.625	0.0094
857.75	0.0094
857.875	0.0094
858.0	0.0094
858.125	0.0094
858.25	0.0094
858.375	0.0094
858.5	0.0102
858.625	0.0094
858.75	0.0094
858.875	0.0094
859.0	0.0086
859.125	0.0094
859.25	0.0094
859.375	0.0094
859.5	0.0094
859.625	0.0086
859.75	0.0094
859.875	0.0086
860.0	0.0094
860.125	0.0094
860.25	0.0094
860.375	0.0094
860.5	0.0094
860.625	0.0094
860.75	0.0086
860.875	0.0094
861.0	0.0094
861.125	0.0078
861.25	0.0094
861.375	0.0094
861.5	0.0102
861.625	0.0102
861.75	0.0094
861.875	0.0094
862.0	0.0086
862.125	0.0117
862.25	0.0094
862.375	0.0094
862.5	0.0094
862.625	0.0094
862.75	0.0094
862.875	0.0094
863.0	0.0086
863.125	0.0094
863.25	0.0094
863.375	0.0094
863.5	0.0078
863.625	0.0055
863.75	0.0094
863.875	0.0086
864.0	0.0086
864.125	0.0094
864.25	0.0094
864.375	0.0094
864.5	0.0078
864.625	0.0094
864.75	0.0094
864.875	0.0078
865.0	0.0094
865.125	0.0094
865.25	0.0094
865.375	0.0086
865.5	0.0094
865.625	0.0094
865.75	0.0094
865.875	0.0094
866.0	0.0094
866.125	0.0086
866.25	0.0094
866.375	0.0094
866.5	0.0094
866.625	0.0086
866.75	0.0094
866.875	0.0102
867.0	0.0102
867.125	0.0094
867.25	0.0078
867.375	0.0094
867.5	0.0086
867.625	0.0078
867.75	0.0086
867.875	0.0094
868.0	0.0094
868.125	0.0062
868.25	0.0094
868.375	0.0094
868.5	0.0094
868.625	0.0086
868.75	0.0094
868.875	0.0078
869.0	0.0078
869.125	0.007
869.25	0.0094
869.375	0.0094
869.5	0.0094
869.625	0.0094
869.75	0.0094
869.875	0.0094
870.0	0.0094
870.125	0.0086
870.25	0.0086
870.375	0.0078
870.5	0.0094
870.625	0.0094
870.75	0.0086
870.875	0.0094
871.0	0.0094
871.125	0.007
871.25	0.0094
871.375	0.0094
871.5	0.0094
871.625	0.0086
871.75	0.0094
871.875	0.0086
872.0	0.0078
872.125	0.0086
872.25	0.007
872.375	0.0086
872.5	0.0094
872.625	0.0086
872.75	0.0094
872.875	0.0078
873.0	0.007
873.125	0.0078
873.25	0.0086
873.375	0.0094
873.5	0.0078
873.625	0.0086
873.75	0.0086
873.875	0.0078
874.0	0.0078
874.125	0.0094
874.25	0.0094
874.375	0.0094
874.5	0.0078
874.625	0.007
874.75	0.0086
874.875	0.0078
875.0	0.0094
875.125	0.0094
875.25	0.0094
875.375	0.0078
875.5	0.0078
875.625	0.0094
875.75	0.0078
875.875	0.0086
876.0	0.0078
876.125	0.0086
876.25	0.0094
876.375	0.0086
876.5	0.0086
876.625	0.0094
876.75	0.0078
876.875	0.0062
877.0	0.0094
877.125	0.0094
877.25	0.0094
877.375	0.0062
877.5	0.0086
877.625	0.0062
877.75	0.0078
877.875	0.0094
878.0	0.0094
878.125	0.0094
878.25	0.0062
878.375	0.0094
878.5	0.0094
878.625	0.0094
878.75	0.0086
878.875	0.0094
879.0	0.0094
879.125	0.0078
879.25	0.0078
879.375	0.0094
879.5	0.0062
879.625	0.0094
879.75	0.0094
879.875	0.0094
880.0	0.0078
880.125	0.0094
880.25	0.007
880.375	0.0094
880.5	0.0094
880.625	0.0078
880.75	0.0078
880.875	0.007
881.0	0.0086
881.125	0.0078
881.25	0.0062
881.375	0.0086
881.5	0.0086
881.625	0.0078
881.75	0.0062
881.875	0.0094
882.0	0.0094
882.125	0.007
882.25	0.0086
882.375	0.0086
882.5	0.0094
882.625	0.0062
882.75	0.007
882.875	0.007
883.0	0.0078
883.125	0.0094
883.25	0.0094
883.375	0.0094
883.5	0.0094
883.625	0.0078
883.75	0.0078
883.875	0.0086
884.0	0.007
884.125	0.0086
884.25	0.0086
884.375	0.0094
884.5	0.007
884.625	0.007
884.75	0.0094
884.875	0.0062
885.0	0.0086
885.125	0.0086
885.25	0.0078
885.375	0.0094
885.5	0.0086
885.625	0.0086
885.75	0.0078
885.875	0.007
886.0	0.0086
886.125	0.0086
886.25	0.0078
886.375	0.0086
886.5	0.0078
886.625	0.0078
886.75	0.0086
886.875	0.0094
887.0	0.0078
887.125	0.0062
887.25	0.0055
887.375	0.0086
887.5	0.0086
887.625	0.0094
887.75	0.0086
887.875	0.0086
888.0	0.0094
888.125	0.0062
888.25	0.007
888.375	0.0086
888.5	0.0078
888.625	0.0062
888.75	0.0094
888.875	0.0086
889.0	0.0086
889.125	0.0078
889.25	0.0086
889.375	0.0086
889.5	0.007
889.625	0.0078
889.75	0.0086
889.875	0.0062
890.0	0.007
890.125	0.0086
890.25	0.0094
890.375	0.0094
890.5	0.0078
890.625	0.0086
890.75	0.0078
890.875	0.0055
891.0	0.007
891.125	0.0062
891.25	0.0078
891.375	0.0094
891.5	0.0078
891.625	0.0094
891.75	0.0047
891.875	0.0094
892.0	0.0062
892.125	0.0047
892.25	0.0086
892.375	0.0047
892.5	0.0062
892.625	0.0078
892.75	0.0078
892.875	0.0078
893.0	0.0062
893.125	0.0055
893.25	0.0062
893.375	0.0047
893.5	0.0078
893.625	0.0055
893.75	0.0086
893.875	0.0055
894.0	0.007
894.125	0.007
894.25	0.0062
894.375	0.0086
894.5	0.0078
894.625	0.0086
894.75	0.0062
894.875	0.0055
895.0	0.007
895.125	0.0086
895.25	0.0086
895.375	0.0062
895.5	0.0062
895.625	0.0055
895.75	0.007
895.875	0.0062
896.0	0.0062
896.125	0.0078
896.25	0.007
896.375	0.0062
896.5	0.0047
896.625	0.0078
896.75	0.0078
896.875	0.0062
897.0	0.007
897.125	0.0062
897.25	0.0062
897.375	0.007
897.5	0.0062
897.625	0.0094
897.75	0.007
897.875	0.0062
898.0	0.0047
898.125	0.0055
898.25	0.0047
898.375	0.0055
898.5	0.0086
898.625	0.0055
898.75	0.0062
898.875	0.0078
899.0	0.0062
899.125	0.0086
899.25	0.0055
899.375	0.0047
899.5	0.0078
899.625	0.007
899.75	0.0047
899.875	0.0062
