300.0	0.0534
300.125	0.0534
300.25	0.055
300.375	0.0526
300.5	0.0558
300.625	0.0542
300.75	0.0566
300.875	0.0566
301.0	0.0542
301.125	0.055
301.25	0.0518
301.375	0.0566
301.5	0.055
301.625	0.0534
301.75	0.0558
301.875	0.0542
302.0	0.0542
302.125	0.0558
302.25	0.0518
302.375	0.0534
302.5	0.0566
302.625	0.055
302.75	0.0558
302.875	0.055
303.0	0.0558
303.125	0.0534
303.25	0.0542
303.375	0.0558
303.5	0.0542
303.625	0.055
303.75	0.0558
303.875	0.055
304.0	0.0526
304.125	0.0534
304.25	0.0566
304.375	0.0558
304.5	0.055
304.625	0.055
304.75	0.0542
304.875	0.055
305.0	0.0542
305.125	0.0542
305.25	0.0542
305.375	0.0558
305.5	0.0566
305.625	0.0542
305.75	0.055
305.875	0.0542
306.0	0.0566
306.125	0.0566
306.25	0.0558
306.375	0.0566
306.5	0.0558
306.625	0.0558
306.75	0.055
306.875	0.0566
307.0	0.0566
307.125	0.0542
307.25	0.0542
307.375	0.0566
307.5	0.055
307.625	0.055
307.75	0.0558
307.875	0.0566
308.0	0.0542
308.125	0.0566
308.25	0.0566
308.375	0.0566
308.5	0.0566
308.625	0.0566
308.75	0.0566
308.875	0.0542
309.0	0.0566
309.125	0.0534
309.25	0.055
309.375	0.055
309.5	0.0542
309.625	0.0566
309.75	0.0566
309.875	0.0566
310.0	0.0566
310.125	0.055
310.25	0.0566
310.375	0.0566
310.5	0.055
310.625	0.055
310.75	0.0558
310.875	0.0566
311.0	0.0566
311.125	0.0573
311.25	0.0558
311.375	0.0566
311.5	0.0573
311.625	0.0589
311.75	0.0558
311.875	0.0566
312.0	0.0573
312.125	0.0566
312.25	0.0581
312.375	0.0558
312.5	0.0566
312.625	0.0566
312.75	0.0566
312.875	0.0566
313.0	0.0589
313.125	0.0566
313.25	0.0558
313.375	0.0558
313.5	0.0566
313.625	0.0573
313.75	0.0589
313.875	0.0566
314.0	0.0566
314.125	0.0581
314.25	0.0566
314.375	0.0566
314.5	0.0581
314.625	0.0581
314.75	0.0581
314.875	0.0566
315.0	0.0566
315.125	0.0581
315.25	0.0566
315.375	0.0558
315.5	0.0566
315.625	0.0573
315.75	0.0566
315.875	0.0566
316.0	0.0573
316.125	0.0566
316.25	0.0566
316.375	0.0566
316.5	0.0581
316.625	0.0589
316.75	0.0566
316.875	0.0589
317.0	0.0581
317.125	0.0566
317.25	0.0589
317.375	0.0573
317.5	0.0573
317.625	0.0573
317.75	0.0581
317.875	0.0566
318.0	0.0566
318.125	0.0605
318.25	0.0573
318.375	0.0573
318.5	0.0589
318.625	0.0605
318.75	0.0566
318.875	0.0597
319.0	0.0597
319.125	0.0581
319.25	0.0573
319.375	0.0581
319.5	0.0589
319.625	0.0566
319.75	0.0573
319.875	0.0613
320.0	0.0613
320.125	0.0589
320.25	0.0573
320.375	0.0581
320.5	0.0613
320.625	0.0581
320.75	0.0605
320.875	0.0573
321.0	0.0605
321.125	0.0597
321.25	0.0597
321.375	0.0613
321.5	0.0589
321.625	0.0605
321.75	0.0605
321.875	0.0589
322.0	0.0597
322.125	0.0613
322.25	0.0613
322.375	0.0613
322.5	0.0605
322.625	0.0621
322.75	0.0613
322.875	0.0613
323.0	0.0613
323.125	0.0613
323.25	0.0613
323.375	0.0613
323.5	0.0613
323.625	0.0613
323.75	0.0628
323.875	0.0613
324.0	0.0613
324.125	0.0613
324.25	0.0613
324.375	0.0613
324.5	0.0613
324.625	0.0628
324.75	0.0613
324.875	0.0613
325.0	0.0613
325.125	0.0613
325.25	0.0613
325.375	0.0613
325.5	0.0613
325.625	0.0613
325.75	0.0644
325.875	0.066
326.0	0.066
326.125	0.0636
326.25	0.0644
326.375	0.0636
326.5	0.0636
326.625	0.0613
326.75	0.0652
326.875	0.0621
327.0	0.0644
327.125	0.0613
327.25	0.0628
327.375	0.0613
327.5	0.0644
327.625	0.0628
327.75	0.0613
327.875	0.066
328.0	0.0613
328.125	0.0613
328.25	0.0621
328.375	0.066
328.5	0.066
328.625	0.0636
328.75	0.0613
328.875	0.0644
329.0	0.066
329.125	0.0652
329.25	0.0644
329.375	0.0621
329.5	0.066
329.625	0.066
329.75	0.0652
329.875	0.066
330.0	0.066
330.125	0.066
330.25	0.066
330.375	0.0636
330.5	0.066
330.625	0.066
330.75	0.0652
330.875	0.0636
331.0	0.066
331.125	0.066
331.25	0.066
331.375	0.066
331.5	0.066
331.625	0.066
331.75	0.066
331.875	0.066
332.0	0.066
332.125	0.0676
332.25	0.0683
332.375	0.0676
332.5	0.0683
332.625	0.0676
332.75	0.066
332.875	0.066
333.0	0.066
333.125	0.066
333.25	0.0676
333.375	0.0652
333.5	0.066
333.625	0.066
333.75	0.0676
333.875	0.066
334.0	0.0668
334.125	0.0676
334.25	0.066
334.375	0.066
334.5	0.066
334.625	0.0676
334.75	0.0676
334.875	0.0691
335.0	0.0691
335.125	0.0699
335.25	0.0676
335.375	0.0676
335.5	0.0668
335.625	0.0691
335.75	0.0691
335.875	0.0707
336.0	0.0691
336.125	0.0691
336.25	0.0683
336.375	0.0707
336.5	0.0707
336.625	0.0691
336.75	0.0676
336.875	0.0676
337.0	0.0676
337.125	0.0676
337.25	0.0691
337.375	0.0691
337.5	0.0707
337.625	0.0699
337.75	0.0699
337.875	0.0707
338.0	0.0707
338.125	0.0699
338.25	0.0683
338.375	0.0683
338.5	0.0707
338.625	0.0707
338.75	0.0707
338.875	0.0715
339.0	0.0707
339.125	0.0707
339.25	0.0731
339.375	0.0723
339.5	0.0707
339.625	0.0715
339.75	0.0707
339.875	0.0715
340.0	0.0707
340.125	0.0715
340.25	0.0731
340.375	0.0707
340.5	0.0707
340.625	0.0707
340.75	0.0707
340.875	0.0707
341.0	0.0723
341.125	0.0707
341.25	0.0723
341.375	0.0723
341.5	0.0731
341.625	0.0707
341.75	0.0707
341.875	0.0707
342.0	0.0707
342.125	0.0707
342.25	0.0707
342.375	0.0707
342.5	0.0715
342.625	0.0754
342.75	0.0707
342.875	0.0707
343.0	0.0723
343.125	0.0738
343.25	0.0754
343.375	0.0738
343.5	0.0731
343.625	0.0707
343.75	0.0715
343.875	0.0731
344.0	0.0707
344.125	0.0731
344.25	0.0738
344.375	0.0723
344.5	0.0707
344.625	0.0738
344.75	0.0754
344.875	0.0746
345.0	0.0731
345.125	0.0723
345.25	0.0746
345.375	0.0746
345.5	0.0731
345.625	0.0754
345.75	0.0754
345.875	0.0754
346.0	0.0754
346.125	0.0754
346.25	0.0754
346.375	0.0754
346.5	0.0754
346.625	0.0754
346.75	0.0754
346.875	0.0754
347.0	0.0754
347.125	0.0754
347.25	0.0754
347.375	0.0754
347.5	0.0754
347.625	0.0754
347.75	0.0754
347.875	0.077
348.0	0.0762
348.125	0.0786
348.25	0.0754
348.375	0.0754
348.5	0.0762
348.625	0.0754
348.75	0.0754
348.875	0.0754
349.0	0.0754
349.125	0.0754
349.25	0.0754
349.375	0.0754
349.5	0.0754
349.625	0.0754
349.75	0.0746
349.875	0.0754
350.0	0.0778
350.125	0.0762
350.25	0.0778
350.375	0.0762
350.5	0.0762
350.625	0.0754
350.75	0.077
350.875	0.0762
351.0	0.0754
351.125	0.0762
351.25	0.0754
351.375	0.0754
351.5	0.0754
351.625	0.0754
351.75	0.0762
351.875	0.0754
352.0	0.0754
352.125	0.0754
352.25	0.0754
352.375	0.0786
352.5	0.077
352.625	0.0754
352.75	0.0754
352.875	0.0754
353.0	0.0754
353.125	0.0762
353.25	0.0754
353.375	0.077
353.5	0.077
353.625	0.0778
353.75	0.077
353.875	0.077
354.0	0.0778
354.125	0.0786
354.25	0.0778
354.375	0.0778
354.5	0.0786
354.625	0.0762
354.75	0.0794
354.875	0.077
355.0	0.0786
355.125	0.0786
355.25	0.0786
355.375	0.0762
355.5	0.0754
355.625	0.0754
355.75	0.077
355.875	0.0754
356.0	0.077
356.125	0.0778
356.25	0.0754
356.375	0.0778
356.5	0.077
356.625	0.0754
356.75	0.0778
356.875	0.077
357.0	0.077
357.125	0.077
357.25	0.077
357.375	0.077
357.5	0.0786
357.625	0.0786
357.75	0.0778
357.875	0.077
358.0	0.0778
358.125	0.077
358.25	0.0786
358.375	0.0801
358.5	0.0794
358.625	0.0778
358.75	0.077
358.875	0.0762
359.0	0.0794
359.125	0.077
359.25	0.0778
359.375	0.0786
359.5	0.0801
359.625	0.0801
359.75	0.0801
359.875	0.0778
360.0	0.0786
360.125	0.0801
360.25	0.0801
360.375	0.0801
360.5	0.077
360.625	0.0786
360.75	0.0794
360.875	0.0801
361.0	0.0778
361.125	0.0786
361.25	0.077
361.375	0.0762
361.5	0.0786
361.625	0.0794
361.75	0.0801
361.875	0.0801
362.0	0.0817
362.125	0.0801
362.25	0.0801
362.375	0.0801
362.5	0.0786
362.625	0.0778
362.75	0.0786
362.875	0.0794
363.0	0.0786
363.125	0.0794
363.25	0.0801
363.375	0.0801
363.5	0.0801
363.625	0.0794
363.75	0.077
363.875	0.0801
364.0	0.0794
364.125	0.0801
364.25	0.0794
364.375	0.0801
364.5	0.0801
364.625	0.0801
364.75	0.0801
364.875	0.0801
365.0	0.0801
365.125	0.0794
365.25	0.0801
365.375	0.077
365.5	0.0794
365.625	0.0801
365.75	0.0786
365.875	0.0801
366.0	0.0801
366.125	0.0801
366.25	0.0794
366.375	0.0801
366.5	0.0801
366.625	0.0801
366.75	0.0801
366.875	0.0817
367.0	0.0801
367.125	0.0801
367.25	0.0801
367.375	0.0809
367.5	0.0794
367.625	0.0801
367.75	0.0801
367.875	0.0801
368.0	0.0801
368.125	0.0801
368.25	0.0801
368.375	0.0801
368.5	0.0809
368.625	0.0801
368.75	0.0801
368.875	0.0794
369.0	0.0801
369.125	0.0801
369.25	0.0801
369.375	0.0809
369.5	0.0817
369.625	0.0825
369.75	0.0817
369.875	0.0825
370.0	0.0801
370.125	0.0809
370.25	0.0801
370.375	0.0801
370.5	0.0809
370.625	0.0801
370.75	0.0809
370.875	0.0833
371.0	0.0801
371.125	0.0801
371.25	0.0801
371.375	0.0825
371.5	0.0849
371.625	0.0856
371.75	0.0841
371.875	0.0801
372.0	0.0801
372.125	0.0801
372.25	0.0809
372.375	0.0841
372.5	0.0849
372.625	0.0849
372.75	0.0849
372.875	0.0833
373.0	0.0825
373.125	0.0849
373.25	0.0841
373.375	0.0825
373.5	0.0849
373.625	0.0849
373.75	0.0849
373.875	0.0849
374.0	0.0849
374.125	0.0856
374.25	0.0849
374.375	0.0864
374.5	0.0849
374.625	0.0849
374.75	0.0856
374.875	0.0849
375.0	0.0864
375.125	0.0872
375.25	0.0849
375.375	0.0872
375.5	0.088
375.625	0.0896
375.75	0.088
375.875	0.0872
376.0	0.0896
376.125	0.0896
376.25	0.0904
376.375	0.0911
376.5	0.0904
376.625	0.0927
376.75	0.0919
376.875	0.0919
377.0	0.0935
377.125	0.0919
377.25	0.0935
377.375	0.0911
377.5	0.0927
377.625	0.0935
377.75	0.0927
377.875	0.0951
378.0	0.0951
378.125	0.0943
378.25	0.0943
378.375	0.0982
378.5	0.099
378.625	0.099
378.75	0.099
378.875	0.0982
379.0	0.099
379.125	0.099
379.25	0.1006
379.375	0.0998
379.5	0.099
379.625	0.1022
379.75	0.1037
379.875	0.1029
380.0	0.1037
380.125	0.1037
380.25	0.1029
380.375	0.1053
380.5	0.1037
380.625	0.1037
380.75	0.1053
380.875	0.1077
381.0	0.1084
381.125	0.1084
381.25	0.1092
381.375	0.1124
381.5	0.1084
381.625	0.11
381.75	0.1124
381.875	0.1147
382.0	0.1163
382.125	0.1179
382.25	0.1171
382.375	0.1187
382.5	0.1179
382.625	0.1179
382.75	0.1218
382.875	0.1226
383.0	0.1226
383.125	0.1226
383.25	0.1226
383.375	0.1242
383.5	0.125
383.625	0.1281
383.75	0.1281
383.875	0.132
384.0	0.1312
384.125	0.132
384.25	0.132
384.375	0.1336
384.5	0.1352
384.625	0.1375
384.75	0.1367
384.875	0.1415
385.0	0.1415
385.125	0.1415
385.25	0.1415
385.375	0.1415
385.5	0.1422
385.625	0.1446
385.75	0.147
385.875	0.1509
386.0	0.1509
386.125	0.1517
386.25	0.1509
386.375	0.1509
386.5	0.1556
386.625	0.1556
386.75	0.1556
386.875	0.1603
387.0	0.1627
387.125	0.1635
387.25	0.165
387.375	0.165
387.5	0.165
387.625	0.1674
387.75	0.1705
387.875	0.1729
388.0	0.1753
388.125	0.1792
388.25	0.1768
388.375	0.1792
388.5	0.1816
388.625	0.1839
388.75	0.1855
388.875	0.1871
389.0	0.1886
389.125	0.1894
389.25	0.1926
389.375	0.1933
389.5	0.1949
389.625	0.1957
389.75	0.1973
389.875	0.202
390.0	0.1996
390.125	0.2028
390.25	0.2059
390.375	0.2067
390.5	0.2099
390.625	0.2122
390.75	0.2161
390.875	0.2169
391.0	0.2185
391.125	0.2216
391.25	0.2216
391.375	0.2224
391.5	0.2264
391.625	0.2295
391.75	0.2303
391.875	0.2319
392.0	0.2358
392.125	0.2382
392.25	0.2405
392.375	0.2405
392.5	0.2421
392.625	0.2444
392.75	0.2476
392.875	0.2492
393.0	0.25
393.125	0.2547
393.25	0.2594
393.375	0.2594
393.5	0.2586
393.625	0.2594
393.75	0.2649
393.875	0.2641
394.0	0.2649
394.125	0.2704
394.25	0.2727
394.375	0.2735
394.5	0.2735
394.625	0.2783
394.75	0.279
394.875	0.2814
395.0	0.2877
395.125	0.2885
395.25	0.2924
395.375	0.2924
395.5	0.2963
395.625	0.2971
395.75	0.2987
395.875	0.3018
396.0	0.3018
396.125	0.3058
396.25	0.3097
396.375	0.3097
396.5	0.3152
396.625	0.3199
396.75	0.3199
396.875	0.3215
397.0	0.3254
397.125	0.3301
397.25	0.3309
397.375	0.3301
397.5	0.3309
397.625	0.3349
397.75	0.3372
397.875	0.3411
398.0	0.3435
398.125	0.3459
398.25	0.349
398.375	0.349
398.5	0.3545
398.625	0.3577
398.75	0.3592
398.875	0.3624
399.0	0.3671
399.125	0.3679
399.25	0.3694
399.375	0.3726
399.5	0.3742
399.625	0.3773
399.75	0.3789
399.875	0.382
400.0	0.386
400.125	0.3867
400.25	0.3891
400.375	0.3915
400.5	0.3938
400.625	0.397
400.75	0.4001
400.875	0.404
401.0	0.4048
401.125	0.4072
401.25	0.408
401.375	0.4119
401.5	0.4158
401.625	0.4205
401.75	0.4245
401.875	0.4245
402.0	0.4261
402.125	0.4284
402.25	0.4292
402.375	0.4331
402.5	0.4378
402.625	0.4394
402.75	0.4433
402.875	0.4481
403.0	0.4496
403.125	0.4488
403.25	0.4528
403.375	0.4536
403.5	0.4575
403.625	0.4614
403.75	0.4638
403.875	0.4654
404.0	0.4677
404.125	0.4724
404.25	0.4764
404.375	0.474
404.5	0.4764
404.625	0.4811
404.75	0.4842
404.875	0.4858
405.0	0.4874
405.125	0.4952
405.25	0.5
405.375	0.5031
405.5	0.5086
405.625	0.5094
405.75	0.511
405.875	0.5141
406.0	0.5188
406.125	0.5188
406.25	0.5188
406.375	0.5235
406.5	0.5251
406.625	0.5314
406.75	0.5322
406.875	0.533
407.0	0.5338
407.125	0.5385
407.25	0.5393
407.375	0.544
407.5	0.5503
407.625	0.5542
407.75	0.5566
407.875	0.5566
408.0	0.5566
408.125	0.5589
408.25	0.5566
408.375	0.5628
408.5	0.5683
408.625	0.5707
408.75	0.5707
408.875	0.5754
409.0	0.5794
409.125	0.5809
409.25	0.5841
409.375	0.5864
409.5	0.5849
409.625	0.5896
409.75	0.5966
409.875	0.6029
410.0	0.6069
410.125	0.6053
410.25	0.6061
410.375	0.6092
410.5	0.6132
410.625	0.6132
410.75	0.6171
410.875	0.6234
411.0	0.6242
411.125	0.6297
411.25	0.6312
411.375	0.6352
411.5	0.6391
411.625	0.6407
411.75	0.6438
411.875	0.6422
412.0	0.6454
412.125	0.6454
412.25	0.6509
412.375	0.6517
412.5	0.6501
412.625	0.6556
412.75	0.6611
412.875	0.6611
413.0	0.669
413.125	0.6737
413.25	0.6745
413.375	0.6792
413.5	0.6816
413.625	0.6839
413.75	0.6839
413.875	0.6878
414.0	0.6926
414.125	0.6918
414.25	0.6941
414.375	0.6965
414.5	0.6973
414.625	0.7028
414.75	0.7075
414.875	0.7091
415.0	0.7075
415.125	0.7122
415.25	0.7169
415.375	0.7169
415.5	0.7193
415.625	0.7216
415.75	0.7264
415.875	0.7264
416.0	0.7303
416.125	0.735
416.25	0.7311
416.375	0.7327
416.5	0.7366
416.625	0.7452
416.75	0.7484
416.875	0.7468
417.0	0.7468
417.125	0.7531
417.25	0.7555
417.375	0.7594
417.5	0.7649
417.625	0.7649
417.75	0.7657
417.875	0.7672
418.0	0.7735
418.125	0.7727
418.25	0.7727
418.375	0.7783
418.5	0.7783
418.625	0.783
418.75	0.783
418.875	0.783
419.0	0.7885
419.125	0.7924
419.25	0.7971
419.375	0.8018
419.5	0.8018
419.625	0.8018
419.75	0.8018
419.875	0.8097
420.0	0.8113
420.125	0.8113
420.25	0.8144
420.375	0.8207
420.5	0.8191
420.625	0.8183
420.75	0.8199
420.875	0.8231
421.0	0.8301
421.125	0.8301
421.25	0.8309
421.375	0.8317
421.5	0.8356
421.625	0.8349
421.75	0.8396
421.875	0.8404
422.0	0.8419
422.125	0.8466
422.25	0.8443
422.375	0.8459
422.5	0.8466
422.625	0.8561
422.75	0.8592
422.875	0.8616
423.0	0.8616
423.125	0.8655
423.25	0.8647
423.375	0.8679
423.5	0.8679
423.625	0.8679
423.75	0.8734
423.875	0.8773
424.0	0.8797
424.125	0.882
424.25	0.8867
424.375	0.886
424.5	0.8867
424.625	0.8883
424.75	0.8891
424.875	0.8915
425.0	0.8915
425.125	0.8962
425.25	0.8962
425.375	0.8962
425.5	0.8985
425.625	0.9017
425.75	0.9009
425.875	0.9009
426.0	0.9056
426.125	0.9119
426.25	0.9127
426.375	0.915
426.5	0.9103
426.625	0.9119
426.75	0.9166
426.875	0.9182
427.0	0.9237
427.125	0.9253
427.25	0.9245
427.375	0.9292
427.5	0.9292
427.625	0.9292
427.75	0.9292
427.875	0.9276
428.0	0.9292
428.125	0.93
428.25	0.9355
428.375	0.9386
428.5	0.9386
428.625	0.9355
428.75	0.9378
428.875	0.9426
429.0	0.9402
429.125	0.9473
429.25	0.9488
429.375	0.9481
429.5	0.9512
429.625	0.9528
429.75	0.9551
429.875	0.9528
430.0	0.9488
430.125	0.952
430.25	0.9551
430.375	0.952
430.5	0.9575
430.625	0.9528
430.75	0.9575
430.875	0.9591
431.0	0.963
431.125	0.9638
431.25	0.9646
431.375	0.9567
431.5	0.9583
431.625	0.963
431.75	0.963
431.875	0.9654
432.0	0.9661
432.125	0.9669
432.25	0.9677
432.375	0.9661
432.5	0.9677
432.625	0.9685
432.75	0.9685
432.875	0.9677
433.0	0.9716
433.125	0.9732
433.25	0.9693
433.375	0.9669
433.5	0.9701
433.625	0.9701
433.75	0.9661
433.875	0.9701
434.0	0.9716
434.125	0.9669
434.25	0.9669
434.375	0.9709
434.5	0.9716
434.625	0.9716
434.75	0.9709
434.875	0.9716
435.0	0.9669
435.125	0.9724
435.25	0.9724
435.375	0.9764
435.5	0.9716
435.625	0.9724
435.75	0.9764
435.875	0.9764
436.0	0.9724
436.125	0.9748
436.25	0.9756
436.375	0.9779
436.5	0.9756
436.625	0.9779
436.75	0.9764
436.875	0.9772
437.0	0.9764
437.125	0.9811
437.25	0.9834
437.375	0.9811
437.5	0.9803
437.625	0.9811
437.75	0.9772
437.875	0.9764
438.0	0.9764
438.125	0.9779
438.25	0.974
438.375	0.9716
438.5	0.9764
438.625	0.9764
438.75	0.9732
438.875	0.9685
439.0	0.9693
439.125	0.9732
439.25	0.9716
439.375	0.9724
439.5	0.9716
439.625	0.9677
439.75	0.9646
439.875	0.9575
440.0	0.9614
440.125	0.9622
440.25	0.9614
440.375	0.9622
440.5	0.9575
440.625	0.9575
440.75	0.9591
440.875	0.9583
441.0	0.9575
441.125	0.9575
441.25	0.9536
441.375	0.952
441.5	0.9528
441.625	0.9473
441.75	0.9488
441.875	0.9504
442.0	0.9488
442.125	0.9496
442.25	0.9481
442.375	0.9465
442.5	0.9433
442.625	0.941
442.75	0.9386
442.875	0.9386
443.0	0.9355
443.125	0.9339
443.25	0.9363
443.375	0.9355
443.5	0.9261
443.625	0.9253
443.75	0.9261
443.875	0.9245
444.0	0.9245
444.125	0.9245
444.25	0.9205
444.375	0.9174
444.5	0.9111
444.625	0.9103
444.75	0.9119
444.875	0.9095
445.0	0.9095
445.125	0.9095
445.25	0.9056
445.375	0.9048
445.5	0.908
445.625	0.9072
445.75	0.9033
445.875	0.9009
446.0	0.9001
446.125	0.8962
446.25	0.8899
446.375	0.8915
446.5	0.8915
446.625	0.8867
446.75	0.886
446.875	0.886
447.0	0.8805
447.125	0.8789
447.25	0.8773
447.375	0.8765
447.5	0.8718
447.625	0.8702
447.75	0.8679
447.875	0.8694
448.0	0.8702
448.125	0.8694
448.25	0.8639
448.375	0.8655
448.5	0.8655
448.625	0.8639
448.75	0.8592
448.875	0.8537
449.0	0.8498
449.125	0.849
449.25	0.8466
449.375	0.849
449.5	0.8443
449.625	0.8427
449.75	0.8364
449.875	0.8349
450.0	0.8356
450.125	0.8349
450.25	0.8309
450.375	0.8333
450.5	0.8301
450.625	0.8301
450.75	0.8262
450.875	0.8223
451.0	0.8238
451.125	0.8215
451.25	0.8183
451.375	0.816
451.5	0.8144
451.625	0.8128
451.75	0.8066
451.875	0.8081
452.0	0.8034
452.125	0.8066
452.25	0.8058
452.375	0.8018
452.5	0.7971
452.625	0.7963
452.75	0.794
452.875	0.7908
453.0	0.7908
453.125	0.79
453.25	0.7908
453.375	0.7861
453.5	0.7806
453.625	0.779
453.75	0.7751
453.875	0.772
454.0	0.772
454.125	0.7735
454.25	0.7735
454.375	0.7704
454.5	0.7657
454.625	0.7641
454.75	0.7625
454.875	0.7594
455.0	0.7578
455.125	0.7547
455.25	0.7539
455.375	0.7547
455.5	0.7523
455.625	0.7507
455.75	0.746
455.875	0.7429
456.0	0.7421
456.125	0.7413
456.25	0.7405
456.375	0.7374
456.5	0.735
456.625	0.7287
456.75	0.7287
456.875	0.7303
457.0	0.7264
457.125	0.7232
457.25	0.7216
457.375	0.7201
457.5	0.7161
457.625	0.7177
457.75	0.7169
457.875	0.7122
458.0	0.7146
458.125	0.7099
458.25	0.7067
458.375	0.7059
458.5	0.7044
458.625	0.7028
458.75	0.7028
458.875	0.702
459.0	0.6973
459.125	0.6941
459.25	0.6949
459.375	0.6894
459.5	0.6886
459.625	0.6855
459.75	0.6816
459.875	0.6792
460.0	0.6753
460.125	0.6761
460.25	0.6745
460.375	0.6737
460.5	0.6674
460.625	0.6658
460.75	0.6682
460.875	0.6698
461.0	0.665
461.125	0.6611
461.25	0.6603
461.375	0.6595
461.5	0.6595
461.625	0.658
461.75	0.6556
461.875	0.6525
462.0	0.6533
462.125	0.647
462.25	0.647
462.375	0.6454
462.5	0.6462
462.625	0.6407
462.75	0.6415
462.875	0.6391
463.0	0.6383
463.125	0.636
463.25	0.6312
463.375	0.6312
463.5	0.6297
463.625	0.6281
463.75	0.6242
463.875	0.6273
464.0	0.6257
464.125	0.6273
464.25	0.6202
464.375	0.6179
464.5	0.6179
464.625	0.6187
464.75	0.6163
464.875	0.6179
465.0	0.6139
465.125	0.6132
465.25	0.6108
465.375	0.6084
465.5	0.6053
465.625	0.6037
465.75	0.6014
465.875	0.599
466.0	0.599
466.125	0.599
466.25	0.5982
466.375	0.5927
466.5	0.5896
466.625	0.5888
466.75	0.5904
466.875	0.5911
467.0	0.5919
467.125	0.5911
467.25	0.5841
467.375	0.5849
467.5	0.5809
467.625	0.5801
467.75	0.5801
467.875	0.5809
468.0	0.5801
468.125	0.5723
468.25	0.5754
468.375	0.5707
468.5	0.5707
468.625	0.566
468.75	0.566
468.875	0.5613
469.0	0.5573
469.125	0.5542
469.25	0.5518
469.375	0.5511
469.5	0.5495
469.625	0.5518
469.75	0.5518
469.875	0.5518
470.0	0.5471
470.125	0.5471
470.25	0.5487
470.375	0.544
470.5	0.5424
470.625	0.54
470.75	0.5377
470.875	0.5345
471.0	0.5369
471.125	0.529
471.25	0.5283
471.375	0.5275
471.5	0.5235
471.625	0.5283
471.75	0.5251
471.875	0.5259
472.0	0.5227
472.125	0.5188
472.25	0.518
472.375	0.5149
472.5	0.518
472.625	0.5141
472.75	0.5102
472.875	0.5117
473.0	0.507
473.125	0.5047
473.25	0.5047
473.375	0.5
473.5	0.4992
473.625	0.4952
473.75	0.4952
473.875	0.4976
474.0	0.4952
474.125	0.4952
474.25	0.4944
474.375	0.4921
474.5	0.4866
474.625	0.4834
474.75	0.4811
474.875	0.4795
475.0	0.4764
475.125	0.4716
475.25	0.4669
475.375	0.4701
475.5	0.4685
475.625	0.4661
475.75	0.4669
475.875	0.463
476.0	0.4654
476.125	0.4622
476.25	0.4575
476.375	0.4536
476.5	0.4544
476.625	0.4567
476.75	0.4528
476.875	0.4528
477.0	0.4512
477.125	0.4473
477.25	0.4449
477.375	0.4402
477.5	0.4433
477.625	0.441
477.75	0.4386
477.875	0.4378
478.0	0.4339
478.125	0.4331
478.25	0.4292
478.375	0.4292
478.5	0.4253
478.625	0.4213
478.75	0.4198
478.875	0.4229
479.0	0.419
479.125	0.4198
479.25	0.4182
479.375	0.415
479.5	0.4143
479.625	0.4103
479.75	0.4103
479.875	0.4088
480.0	0.4064
480.125	0.4048
480.25	0.4025
480.375	0.4025
480.5	0.4009
480.625	0.3993
480.75	0.3962
480.875	0.3946
481.0	0.3915
481.125	0.3922
481.25	0.3907
481.375	0.3867
481.5	0.3867
481.625	0.3867
481.75	0.3852
481.875	0.3836
482.0	0.3812
482.125	0.3789
482.25	0.3797
482.375	0.3773
482.5	0.3773
482.625	0.3726
482.75	0.3726
482.875	0.3726
483.0	0.3726
483.125	0.371
483.25	0.3702
483.375	0.3671
483.5	0.3655
483.625	0.3632
483.75	0.3632
483.875	0.3632
484.0	0.3608
484.125	0.3584
484.25	0.3584
484.375	0.3561
484.5	0.3537
484.625	0.3537
484.75	0.3506
484.875	0.3482
485.0	0.3466
485.125	0.3466
485.25	0.3466
485.375	0.3435
485.5	0.3404
485.625	0.3396
485.75	0.3396
485.875	0.3364
486.0	0.3349
486.125	0.3333
486.25	0.3341
486.375	0.3349
486.5	0.3309
486.625	0.3349
486.75	0.3325
486.875	0.3278
487.0	0.3286
487.125	0.3254
487.25	0.3254
487.375	0.3246
487.5	0.3238
487.625	0.3223
487.75	0.3215
487.875	0.3176
488.0	0.316
488.125	0.316
488.25	0.3144
488.375	0.3136
488.5	0.3113
488.625	0.3113
488.75	0.3105
488.875	0.3113
489.0	0.3113
489.125	0.3089
489.25	0.3066
489.375	0.3081
489.5	0.3066
489.625	0.305
489.75	0.3018
489.875	0.3018
490.0	0.2971
490.125	0.2971
490.25	0.2971
490.375	0.2963
490.5	0.2924
490.625	0.2955
490.75	0.2971
490.875	0.2932
491.0	0.2924
491.125	0.2924
491.25	0.294
491.375	0.2924
491.5	0.2877
491.625	0.2877
491.75	0.2877
491.875	0.2853
492.0	0.2853
492.125	0.283
492.25	0.2838
492.375	0.283
492.5	0.279
492.625	0.2783
492.75	0.2783
492.875	0.2759
493.0	0.2775
493.125	0.2751
493.25	0.2759
493.375	0.2759
493.5	0.2735
493.625	0.2735
493.75	0.2696
493.875	0.2688
494.0	0.272
494.125	0.2696
494.25	0.2696
494.375	0.2649
494.5	0.2641
494.625	0.2641
494.75	0.2657
494.875	0.2641
495.0	0.2625
495.125	0.2617
495.25	0.2602
495.375	0.2594
495.5	0.2562
495.625	0.2531
495.75	0.2547
495.875	0.2562
496.0	0.2578
496.125	0.2586
496.25	0.2507
496.375	0.2507
496.5	0.25
496.625	0.25
496.75	0.2492
496.875	0.2476
497.0	0.246
497.125	0.2476
497.25	0.2468
497.375	0.2476
497.5	0.246
497.625	0.2437
497.75	0.2437
497.875	0.2421
498.0	0.2437
498.125	0.2452
498.25	0.2429
498.375	0.2397
498.5	0.2405
498.625	0.2405
498.75	0.2374
498.875	0.2382
499.0	0.2374
499.125	0.2358
499.25	0.2342
499.375	0.2319
499.5	0.2319
499.625	0.2311
499.75	0.2334
499.875	0.2311
500.0	0.2311
500.125	0.2264
500.25	0.2264
500.375	0.2264
500.5	0.2248
500.625	0.2256
500.75	0.2264
500.875	0.2248
501.0	0.2216
501.125	0.2209
501.25	0.2209
501.375	0.2216
501.5	0.2169
501.625	0.2169
501.75	0.2161
501.875	0.2169
502.0	0.2161
502.125	0.2177
502.25	0.2169
502.375	0.2146
502.5	0.213
502.625	0.2122
502.75	0.2122
502.875	0.2122
503.0	0.2099
503.125	0.2091
503.25	0.2091
503.375	0.2122
503.5	0.2083
503.625	0.2075
503.75	0.2059
503.875	0.2036
504.0	0.2044
504.125	0.2051
504.25	0.2059
504.375	0.2028
504.5	0.2028
504.625	0.202
504.75	0.2028
504.875	0.1988
505.0	0.1981
505.125	0.2012
505.25	0.1981
505.375	0.1981
505.5	0.1973
505.625	0.1949
505.75	0.1949
505.875	0.1933
506.0	0.1933
506.125	0.1933
506.25	0.1933
506.375	0.1933
506.5	0.1918
506.625	0.1886
506.75	0.1878
506.875	0.1855
507.0	0.1839
507.125	0.1871
507.25	0.1886
507.375	0.1855
507.5	0.1847
507.625	0.1839
507.75	0.1831
507.875	0.1792
508.0	0.1808
508.125	0.1808
508.25	0.1792
508.375	0.1792
508.5	0.1776
508.625	0.1753
508.75	0.1761
508.875	0.1776
509.0	0.1776
509.125	0.1745
509.25	0.1745
509.375	0.1745
509.5	0.1745
509.625	0.1745
509.75	0.1698
509.875	0.1705
510.0	0.1698
510.125	0.1698
510.25	0.1713
510.375	0.1729
510.5	0.1713
510.625	0.1705
510.75	0.169
510.875	0.169
511.0	0.1666
511.125	0.165
511.25	0.165
511.375	0.1666
511.5	0.165
511.625	0.1658
511.75	0.165
511.875	0.165
512.0	0.1643
512.125	0.1603
512.25	0.1603
512.375	0.1603
512.5	0.1619
512.625	0.1603
512.75	0.1603
512.875	0.1588
513.0	0.158
513.125	0.158
513.25	0.1564
513.375	0.1548
513.5	0.1556
513.625	0.1572
513.75	0.1556
513.875	0.1556
514.0	0.1556
514.125	0.1556
514.25	0.1517
514.375	0.1509
514.5	0.1509
514.625	0.1509
514.75	0.1509
514.875	0.1501
515.0	0.1501
515.125	0.1501
515.25	0.1493
515.375	0.1509
515.5	0.1493
515.625	0.1501
515.75	0.1462
515.875	0.1462
516.0	0.1462
516.125	0.1462
516.25	0.1446
516.375	0.1462
516.5	0.1454
516.625	0.143
516.75	0.1415
516.875	0.1415
517.0	0.1415
517.125	0.1415
517.25	0.1407
517.375	0.1399
517.5	0.1391
517.625	0.1422
517.75	0.1391
517.875	0.1367
518.0	0.1367
518.125	0.1367
518.25	0.1367
518.375	0.1367
518.5	0.132
518.625	0.1367
518.75	0.1367
518.875	0.1367
519.0	0.1367
519.125	0.1367
519.25	0.1328
519.375	0.132
519.5	0.132
519.625	0.1312
519.75	0.1297
519.875	0.1297
520.0	0.1273
520.125	0.1273
520.25	0.1273
520.375	0.1289
520.5	0.1273
520.625	0.1273
520.75	0.1273
520.875	0.1273
521.0	0.1273
521.125	0.1257
521.25	0.1273
521.375	0.1257
521.5	0.1257
521.625	0.1273
521.75	0.1281
521.875	0.125
522.0	0.1265
522.125	0.1234
522.25	0.1226
522.375	0.1226
522.5	0.1226
522.625	0.1242
522.75	0.1226
522.875	0.1226
523.0	0.121
523.125	0.1202
523.25	0.1218
523.375	0.121
523.5	0.1194
523.625	0.121
523.75	0.1187
523.875	0.1179
524.0	0.1179
524.125	0.1155
524.25	0.1179
524.375	0.1147
524.5	0.1179
524.625	0.1163
524.75	0.1179
524.875	0.1155
525.0	0.1132
525.125	0.1132
525.25	0.1139
525.375	0.1147
525.5	0.1132
525.625	0.1132
525.75	0.1132
525.875	0.1132
526.0	0.1132
526.125	0.1124
526.25	0.1108
526.375	0.1108
526.5	0.1132
526.625	0.11
526.75	0.1092
526.875	0.1124
527.0	0.1116
527.125	0.1092
527.25	0.1124
527.375	0.1084
527.5	0.1092
527.625	0.1084
527.75	0.1084
527.875	0.1077
528.0	0.1084
528.125	0.1084
528.25	0.1061
528.375	0.1084
528.5	0.1077
528.625	0.1084
528.75	0.1069
528.875	0.1037
529.0	0.1037
529.125	0.1061
529.25	0.1053
529.375	0.1069
529.5	0.1061
529.625	0.1037
529.75	0.1037
529.875	0.1045
530.0	0.1029
530.125	0.1029
530.25	0.1037
530.375	0.1037
530.5	0.1029
530.625	0.1014
530.75	0.099
530.875	0.0998
531.0	0.099
531.125	0.0998
531.25	0.1022
531.375	0.1006
531.5	0.099
531.625	0.1006
531.75	0.0998
531.875	0.1022
532.0	0.099
532.125	0.1014
532.25	0.099
532.375	0.099
532.5	0.099
532.625	0.099
532.75	0.099
532.875	0.099
533.0	0.099
533.125	0.099
533.25	0.099
533.375	0.0943
533.5	0.0959
533.625	0.0951
533.75	0.0959
533.875	0.0951
534.0	0.0959
534.125	0.0943
534.25	0.0943
534.375	0.0951
534.5	0.0951
534.625	0.0951
534.75	0.0951
534.875	0.0943
535.0	0.0927
535.125	0.0904
535.25	0.0919
535.375	0.0935
535.5	0.0935
535.625	0.0919
535.75	0.0927
535.875	0.0943
536.0	0.0919
536.125	0.0935
536.25	0.0935
536.375	0.0935
536.5	0.0904
536.625	0.0943
536.75	0.0919
536.875	0.0911
537.0	0.0896
537.125	0.0919
537.25	0.0896
537.375	0.0935
537.5	0.0911
537.625	0.0896
537.75	0.0904
537.875	0.0919
538.0	0.0911
538.125	0.0896
538.25	0.0904
538.375	0.0904
538.5	0.0896
538.625	0.0896
538.75	0.0896
538.875	0.0896
539.0	0.0896
539.125	0.0864
539.25	0.0856
539.375	0.0856
539.5	0.0856
539.625	0.0864
539.75	0.0849
539.875	0.0849
540.0	0.0849
540.125	0.0841
540.25	0.0841
540.375	0.0849
540.5	0.0833
540.625	0.0849
540.75	0.0841
540.875	0.0849
541.0	0.0849
541.125	0.0849
541.25	0.0849
541.375	0.0849
541.5	0.0856
541.625	0.0825
541.75	0.0825
541.875	0.0809
542.0	0.0817
542.125	0.0833
542.25	0.0817
542.375	0.0849
542.5	0.0849
542.625	0.0833
542.75	0.0817
542.875	0.0817
543.0	0.0801
543.125	0.0801
543.25	0.0833
543.375	0.0825
543.5	0.0825
543.625	0.0817
543.75	0.0801
543.875	0.0801
544.0	0.0801
544.125	0.0801
544.25	0.0801
544.375	0.0801
544.5	0.0809
544.625	0.0794
544.75	0.0794
544.875	0.0801
545.0	0.0794
545.125	0.0794
545.25	0.0762
545.375	0.0786
545.5	0.0786
545.625	0.0778
545.75	0.0762
545.875	0.0786
546.0	0.0778
546.125	0.0778
546.25	0.0754
546.375	0.0754
546.5	0.077
546.625	0.0754
546.75	0.0762
546.875	0.0778
547.0	0.0754
547.125	0.0762
547.25	0.077
547.375	0.0754
547.5	0.0762
547.625	0.0754
547.75	0.0754
547.875	0.0754
548.0	0.0762
548.125	0.0754
548.25	0.0754
548.375	0.0754
548.5	0.077
548.625	0.0754
548.75	0.0754
548.875	0.0746
549.0	0.0731
549.125	0.0754
549.25	0.0754
549.375	0.0723
549.5	0.0754
549.625	0.0762
549.75	0.0731
549.875	0.0746
550.0	0.0715
550.125	0.0754
550.25	0.0738
550.375	0.0723
550.5	0.0731
550.625	0.0723
550.75	0.0738
550.875	0.0754
551.0	0.0731
551.125	0.0754
551.25	0.0754
551.375	0.0754
551.5	0.0731
551.625	0.0707
551.75	0.0723
551.875	0.0731
552.0	0.0715
552.125	0.0738
552.25	0.0738
552.375	0.0723
552.5	0.0715
552.625	0.0707
552.75	0.0715
552.875	0.0715
553.0	0.0707
553.125	0.0707
553.25	0.0731
553.375	0.0707
553.5	0.0715
553.625	0.0707
553.75	0.0715
553.875	0.0707
554.0	0.0707
554.125	0.0707
554.25	0.0707
554.375	0.0715
554.5	0.0715
554.625	0.0707
554.75	0.0707
554.875	0.0668
555.0	0.0668
555.125	0.0699
555.25	0.0676
555.375	0.0707
555.5	0.0707
555.625	0.0691
555.75	0.0707
555.875	0.0699
556.0	0.0707
556.125	0.0699
556.25	0.0707
556.375	0.0707
556.5	0.0676
556.625	0.066
556.75	0.0699
556.875	0.0691
557.0	0.0707
557.125	0.0707
557.25	0.0707
557.375	0.0683
557.5	0.0707
557.625	0.0668
557.75	0.0699
557.875	0.0691
558.0	0.0699
558.125	0.0691
558.25	0.0691
558.375	0.0707
558.5	0.066
558.625	0.0699
558.75	0.0691
558.875	0.0691
559.0	0.0683
559.125	0.0668
559.25	0.066
559.375	0.0676
559.5	0.0676
559.625	0.0691
559.75	0.066
559.875	0.066
560.0	0.0683
560.125	0.0683
560.25	0.0691
560.375	0.0699
560.5	0.066
560.625	0.066
560.75	0.0668
560.875	0.066
561.0	0.066
561.125	0.066
561.25	0.0668
561.375	0.066
561.5	0.066
561.625	0.066
561.75	0.066
561.875	0.066
562.0	0.0652
562.125	0.066
562.25	0.066
562.375	0.066
562.5	0.0652
562.625	0.066
562.75	0.0644
562.875	0.066
563.0	0.0644
563.125	0.0652
563.25	0.0644
563.375	0.0636
563.5	0.0644
563.625	0.066
563.75	0.066
563.875	0.066
564.0	0.0676
564.125	0.066
564.25	0.0652
564.375	0.0652
564.5	0.066
564.625	0.0652
564.75	0.0652
564.875	0.0676
565.0	0.066
565.125	0.066
565.25	0.066
565.375	0.066
565.5	0.066
565.625	0.0668
565.75	0.066
565.875	0.0644
566.0	0.0636
566.125	0.066
566.25	0.066
566.375	0.0652
566.5	0.066
566.625	0.066
566.75	0.066
566.875	0.066
567.0	0.066
567.125	0.0644
567.25	0.0644
567.375	0.0621
567.5	0.0628
567.625	0.066
567.75	0.0636
567.875	0.066
568.0	0.066
568.125	0.0652
568.25	0.0652
568.375	0.066
568.5	0.0644
568.625	0.0644
568.75	0.066
568.875	0.066
569.0	0.0644
569.125	0.0644
569.25	0.0644
569.375	0.066
569.5	0.066
569.625	0.0628
569.75	0.066
569.875	0.0652
570.0	0.0652
570.125	0.0652
570.25	0.0644
570.375	0.066
570.5	0.0613
570.625	0.0621
570.75	0.0652
570.875	0.0652
571.0	0.066
571.125	0.066
571.25	0.066
571.375	0.0628
571.5	0.0636
571.625	0.0613
571.75	0.0636
571.875	0.0628
572.0	0.0613
572.125	0.0628
572.25	0.0652
572.375	0.0628
572.5	0.0628
572.625	0.0636
572.75	0.0636
572.875	0.0652
573.0	0.0636
573.125	0.066
573.25	0.0636
573.375	0.0644
573.5	0.0636
573.625	0.0652
573.75	0.0652
573.875	0.0644
574.0	0.0613
574.125	0.0613
574.25	0.0613
574.375	0.0652
574.5	0.0652
574.625	0.0636
574.75	0.0613
574.875	0.0613
575.0	0.0628
575.125	0.0621
575.25	0.0613
575.375	0.0621
575.5	0.0613
575.625	0.0628
575.75	0.0628
575.875	0.0621
576.0	0.0613
576.125	0.0621
576.25	0.0613
576.375	0.0621
576.5	0.0652
576.625	0.0644
576.75	0.0636
576.875	0.0628
577.0	0.0621
577.125	0.0621
577.25	0.0613
577.375	0.0613
577.5	0.066
577.625	0.0621
577.75	0.0621
577.875	0.0628
578.0	0.0613
578.125	0.0621
578.25	0.0644
578.375	0.0644
578.5	0.0613
578.625	0.0628
578.75	0.0621
578.875	0.0613
579.0	0.0605
579.125	0.0613
579.25	0.0613
579.375	0.0613
579.5	0.0613
579.625	0.0613
579.75	0.0613
579.875	0.0644
580.0	0.0621
580.125	0.0613
580.25	0.0613
580.375	0.0621
580.5	0.0636
580.625	0.0613
580.75	0.0613
580.875	0.0621
581.0	0.0621
581.125	0.0613
581.25	0.0636
581.375	0.066
581.5	0.0636
581.625	0.0652
581.75	0.0613
581.875	0.0628
582.0	0.0652
582.125	0.0613
582.25	0.0613
582.375	0.0613
582.5	0.0613
582.625	0.0605
582.75	0.0613
582.875	0.0613
583.0	0.0613
583.125	0.0628
583.25	0.0613
583.375	0.0628
583.5	0.0613
583.625	0.0613
583.75	0.0613
583.875	0.0628
584.0	0.0613
584.125	0.0613
584.25	0.0613
584.375	0.0613
584.5	0.0613
584.625	0.0613
584.75	0.0613
584.875	0.0613
585.0	0.0613
585.125	0.0613
585.25	0.0613
585.375	0.0613
585.5	0.0621
585.625	0.0613
585.75	0.0613
585.875	0.0613
586.0	0.0621
586.125	0.0613
586.25	0.0613
586.375	0.0613
586.5	0.0613
586.625	0.0613
586.75	0.0621
586.875	0.0613
587.0	0.0621
587.125	0.0613
587.25	0.0613
587.375	0.0613
587.5	0.0636
587.625	0.0628
587.75	0.0613
587.875	0.0613
588.0	0.0613
588.125	0.0605
588.25	0.0613
588.375	0.0613
588.5	0.0613
588.625	0.0613
588.75	0.0613
588.875	0.0613
589.0	0.0613
589.125	0.0613
589.25	0.0613
589.375	0.0613
589.5	0.0613
589.625	0.0613
589.75	0.0613
589.875	0.0605
590.0	0.0589
590.125	0.0589
590.25	0.0605
590.375	0.0581
590.5	0.0597
590.625	0.0605
590.75	0.0613
590.875	0.0613
591.0	0.0613
591.125	0.0613
591.25	0.0605
591.375	0.0605
591.5	0.0605
591.625	0.0613
591.75	0.0613
591.875	0.0597
592.0	0.0613
592.125	0.0597
592.25	0.0597
592.375	0.0613
592.5	0.0605
592.625	0.0605
592.75	0.0597
592.875	0.0613
593.0	0.0613
593.125	0.0613
593.25	0.0613
593.375	0.0613
593.5	0.0613
593.625	0.0613
593.75	0.0613
593.875	0.0613
594.0	0.0613
594.125	0.0621
594.25	0.0613
594.375	0.0613
594.5	0.0613
594.625	0.0597
594.75	0.0589
594.875	0.0613
595.0	0.0589
595.125	0.0605
595.25	0.0589
595.375	0.0613
595.5	0.0597
595.625	0.0613
595.75	0.0605
595.875	0.0589
596.0	0.0613
596.125	0.0605
596.25	0.0613
596.375	0.0573
596.5	0.0597
596.625	0.0613
596.75	0.0589
596.875	0.0589
597.0	0.0589
597.125	0.0597
597.25	0.0605
597.375	0.0613
597.5	0.0605
597.625	0.0613
597.75	0.0613
597.875	0.0613
598.0	0.0597
598.125	0.0613
598.25	0.0597
598.375	0.0581
598.5	0.0581
598.625	0.0597
598.75	0.0566
598.875	0.0613
599.0	0.0613
599.125	0.0613
599.25	0.0613
599.375	0.0613
599.5	0.0613
599.625	0.0605
599.75	0.0589
599.875	0.0605
600.0	0.0589
600.125	0.0597
600.25	0.0581
600.375	0.0589
600.5	0.0573
600.625	0.0581
600.75	0.0581
600.875	0.0613
601.0	0.0589
601.125	0.0605
601.25	0.0613
601.375	0.0589
601.5	0.0566
601.625	0.0589
601.75	0.0605
601.875	0.0605
602.0	0.0589
602.125	0.0589
602.25	0.0581
602.375	0.0589
602.5	0.0613
602.625	0.0613
602.75	0.0605
602.875	0.0613
603.0	0.0613
603.125	0.0613
603.25	0.0597
603.375	0.0566
603.5	0.0581
603.625	0.0605
603.75	0.0581
603.875	0.0581
604.0	0.0613
604.125	0.0589
604.25	0.0613
604.375	0.0628
604.5	0.0613
604.625	0.0613
604.75	0.0613
604.875	0.0613
605.0	0.0613
605.125	0.0613
605.25	0.0613
605.375	0.0613
605.5	0.0597
605.625	0.0605
605.75	0.0613
605.875	0.0589
606.0	0.0581
606.125	0.0573
606.25	0.0605
606.375	0.0613
606.5	0.0597
606.625	0.0597
606.75	0.0589
606.875	0.0613
607.0	0.0613
607.125	0.0605
607.25	0.0581
607.375	0.0605
607.5	0.0589
607.625	0.0613
607.75	0.0613
607.875	0.0589
608.0	0.0613
608.125	0.0605
608.25	0.0613
608.375	0.0597
608.5	0.0589
608.625	0.0597
608.75	0.0597
608.875	0.0597
609.0	0.0589
609.125	0.0589
609.25	0.0566
609.375	0.0573
609.5	0.0581
609.625	0.0573
609.75	0.0605
609.875	0.0613
610.0	0.0605
610.125	0.0589
610.25	0.0589
610.375	0.0589
610.5	0.0613
610.625	0.0597
610.75	0.0589
610.875	0.0605
611.0	0.0613
611.125	0.0605
611.25	0.0597
611.375	0.0581
611.5	0.0597
611.625	0.0613
611.75	0.0613
611.875	0.0597
612.0	0.0605
612.125	0.0581
612.25	0.0597
612.375	0.0581
612.5	0.0566
612.625	0.0581
612.75	0.0605
612.875	0.0597
613.0	0.0581
613.125	0.0589
613.25	0.0581
613.375	0.0589
613.5	0.0589
613.625	0.0589
613.75	0.0605
613.875	0.0597
614.0	0.0597
614.125	0.0605
614.25	0.0613
614.375	0.0613
614.5	0.0613
614.625	0.0605
614.75	0.0581
614.875	0.0597
615.0	0.0613
615.125	0.0605
615.25	0.0597
615.375	0.0589
615.5	0.0589
615.625	0.0597
615.75	0.0613
615.875	0.0581
616.0	0.0589
616.125	0.0605
616.25	0.0581
616.375	0.0605
616.5	0.0605
616.625	0.0597
616.75	0.0589
616.875	0.0581
617.0	0.0566
617.125	0.0589
617.25	0.0597
617.375	0.0613
617.5	0.0613
617.625	0.0605
617.75	0.0605
617.875	0.0597
618.0	0.0566
618.125	0.0597
618.25	0.0581
618.375	0.0605
618.5	0.0589
618.625	0.0605
618.75	0.0605
618.875	0.0613
619.0	0.0589
619.125	0.0597
619.25	0.0589
619.375	0.0613
619.5	0.0566
619.625	0.0605
619.75	0.0589
619.875	0.0589
620.0	0.0597
620.125	0.0613
620.25	0.0589
620.375	0.0605
620.5	0.0589
620.625	0.0589
620.75	0.0589
620.875	0.0613
621.0	0.0581
621.125	0.0613
621.25	0.0613
621.375	0.0605
621.5	0.0581
621.625	0.0573
621.75	0.0589
621.875	0.0605
622.0	0.0597
622.125	0.0605
622.25	0.0581
622.375	0.0613
622.5	0.0589
622.625	0.0613
622.75	0.0597
622.875	0.0589
623.0	0.0566
623.125	0.0581
623.25	0.0597
623.375	0.0597
623.5	0.0566
623.625	0.0597
623.75	0.0605
623.875	0.0589
624.0	0.0597
624.125	0.0589
624.25	0.0605
624.375	0.0613
624.5	0.0589
624.625	0.0613
624.75	0.0589
624.875	0.0605
625.0	0.0613
625.125	0.0613
625.25	0.0589
625.375	0.0566
625.5	0.0597
625.625	0.0573
625.75	0.0581
625.875	0.0605
626.0	0.0589
626.125	0.0573
626.25	0.0597
626.375	0.0566
626.5	0.0581
626.625	0.0589
626.75	0.0589
626.875	0.0589
627.0	0.0597
627.125	0.0605
627.25	0.0613
627.375	0.0605
627.5	0.0613
627.625	0.0597
627.75	0.0605
627.875	0.0597
628.0	0.0605
628.125	0.0566
628.25	0.0581
628.375	0.0605
628.5	0.0597
628.625	0.0613
628.75	0.0605
628.875	0.0581
629.0	0.0597
629.125	0.0605
629.25	0.0605
629.375	0.0605
629.5	0.0597
629.625	0.0613
629.75	0.0581
629.875	0.0573
630.0	0.0573
630.125	0.0589
630.25	0.0589
630.375	0.0581
630.5	0.0573
630.625	0.0589
630.75	0.0573
630.875	0.0566
631.0	0.0566
631.125	0.0597
631.25	0.0566
631.375	0.0605
631.5	0.0581
631.625	0.0573
631.75	0.0573
631.875	0.0597
632.0	0.0605
632.125	0.0581
632.25	0.0581
632.375	0.0597
632.5	0.0613
632.625	0.0613
632.75	0.0573
632.875	0.0573
633.0	0.0589
633.125	0.0597
633.25	0.0566
633.375	0.0581
633.5	0.0597
633.625	0.0589
633.75	0.0573
633.875	0.0573
634.0	0.0581
634.125	0.0597
634.25	0.0613
634.375	0.0613
634.5	0.0613
634.625	0.0605
634.75	0.0613
634.875	0.0613
635.0	0.0597
635.125	0.0605
635.25	0.0589
635.375	0.0589
635.5	0.0597
635.625	0.0566
635.75	0.0597
635.875	0.0581
636.0	0.0597
636.125	0.0581
636.25	0.0581
636.375	0.0613
636.5	0.0589
636.625	0.0613
636.75	0.0613
636.875	0.0589
637.0	0.0581
637.125	0.0597
637.25	0.0605
637.375	0.0573
637.5	0.0573
637.625	0.0566
637.75	0.0589
637.875	0.0581
638.0	0.0613
638.125	0.0613
638.25	0.0605
638.375	0.0573
638.5	0.0573
638.625	0.0589
638.75	0.0589
638.875	0.0581
639.0	0.0581
639.125	0.0573
639.25	0.0566
639.375	0.0589
639.5	0.0573
639.625	0.0589
639.75	0.0581
639.875	0.0566
640.0	0.0573
640.125	0.0566
640.25	0.0581
640.375	0.0581
640.5	0.0566
640.625	0.0573
640.75	0.0581
640.875	0.0581
641.0	0.0573
641.125	0.0581
641.25	0.0566
641.375	0.0566
641.5	0.0566
641.625	0.0581
641.75	0.0573
641.875	0.0573
642.0	0.0613
642.125	0.0613
642.25	0.0597
642.375	0.0597
642.5	0.0589
642.625	0.0613
642.75	0.0613
642.875	0.0589
643.0	0.0581
643.125	0.0566
643.25	0.0566
643.375	0.0566
643.5	0.0566
643.625	0.0597
643.75	0.0573
643.875	0.0566
644.0	0.0573
644.125	0.0566
644.25	0.0573
644.375	0.0566
644.5	0.0573
644.625	0.0589
644.75	0.0573
644.875	0.0581
645.0	0.0597
645.125	0.0566
645.25	0.0566
645.375	0.0566
645.5	0.0597
645.625	0.0605
645.75	0.0581
645.875	0.0566
646.0	0.0566
646.125	0.0613
646.25	0.0566
646.375	0.0573
646.5	0.0573
646.625	0.0566
646.75	0.0566
646.875	0.0566
647.0	0.0566
647.125	0.0566
647.25	0.0566
647.375	0.0566
647.5	0.0573
647.625	0.0566
647.75	0.0573
647.875	0.0573
648.0	0.0581
648.125	0.0589
648.25	0.0613
648.375	0.0597
648.5	0.0589
648.625	0.0566
648.75	0.0573
648.875	0.0597
649.0	0.0566
649.125	0.0589
649.25	0.0589
649.375	0.0573
649.5	0.0573
649.625	0.0573
649.75	0.0566
649.875	0.0589
650.0	0.0581
650.125	0.0566
650.25	0.0573
650.375	0.0573
650.5	0.0573
650.625	0.0589
650.75	0.0573
650.875	0.0566
651.0	0.0573
651.125	0.0566
651.25	0.0566
651.375	0.0566
651.5	0.0566
651.625	0.0573
651.75	0.0566
651.875	0.0566
652.0	0.0566
652.125	0.0566
652.25	0.0566
652.375	0.0589
652.5	0.0566
652.625	0.0566
652.75	0.0573
652.875	0.0589
653.0	0.0566
653.125	0.0566
653.25	0.0566
653.375	0.0581
653.5	0.0566
653.625	0.0573
653.75	0.0566
653.875	0.0566
654.0	0.0566
654.125	0.0566
654.25	0.0581
654.375	0.0573
654.5	0.0566
654.625	0.0566
654.75	0.0573
654.875	0.0566
655.0	0.0573
655.125	0.0573
655.25	0.0566
655.375	0.0573
655.5	0.0573
655.625	0.0581
655.75	0.0566
655.875	0.0589
656.0	0.0566
656.125	0.0566
656.25	0.0581
656.375	0.0566
656.5	0.0566
656.625	0.0573
656.75	0.0581
656.875	0.0573
657.0	0.0581
657.125	0.0573
657.25	0.0566
657.375	0.0573
657.5	0.0566
657.625	0.0566
657.75	0.0566
657.875	0.0573
658.0	0.0566
658.125	0.0589
658.25	0.0566
658.375	0.0566
658.5	0.0566
658.625	0.0566
658.75	0.0573
658.875	0.0566
659.0	0.0566
659.125	0.0566
659.25	0.0566
659.375	0.0566
659.5	0.0566
659.625	0.0566
659.75	0.0566
659.875	0.0566
660.0	0.0566
660.125	0.0566
660.25	0.0566
660.375	0.0566
660.5	0.0566
660.625	0.0566
660.75	0.0566
660.875	0.0566
661.0	0.0566
661.125	0.0566
661.25	0.0566
661.375	0.0566
661.5	0.0566
661.625	0.0566
661.75	0.0566
661.875	0.0573
662.0	0.0566
662.125	0.0566
662.25	0.0589
662.375	0.0566
662.5	0.0566
662.625	0.0566
662.75	0.0566
662.875	0.0566
663.0	0.0566
663.125	0.055
663.25	0.0566
663.375	0.0566
663.5	0.0573
663.625	0.0566
663.75	0.0566
663.875	0.0566
664.0	0.0566
664.125	0.0566
664.25	0.0566
664.375	0.0566
664.5	0.0542
664.625	0.0542
664.75	0.0566
664.875	0.0558
665.0	0.055
665.125	0.0566
665.25	0.0566
665.375	0.0558
665.5	0.0558
665.625	0.0558
665.75	0.0566
665.875	0.0573
666.0	0.0566
666.125	0.0534
666.25	0.0566
666.375	0.0566
666.5	0.0566
666.625	0.0566
666.75	0.0526
666.875	0.0542
667.0	0.0566
667.125	0.0566
667.25	0.0566
667.375	0.0566
667.5	0.0566
667.625	0.055
667.75	0.0566
667.875	0.0558
668.0	0.0566
668.125	0.0566
668.25	0.0566
668.375	0.0566
668.5	0.0566
668.625	0.0558
668.75	0.0566
668.875	0.0566
669.0	0.055
669.125	0.0566
669.25	0.0566
669.375	0.0558
669.5	0.0534
669.625	0.0526
669.75	0.0566
669.875	0.0566
670.0	0.0566
670.125	0.0566
670.25	0.0566
670.375	0.0566
670.5	0.0566
670.625	0.0566
670.75	0.0526
670.875	0.055
671.0	0.0558
671.125	0.0558
671.25	0.0566
671.375	0.0566
671.5	0.0566
671.625	0.0566
671.75	0.0566
671.875	0.0558
672.0	0.055
672.125	0.0566
672.25	0.0566
672.375	0.055
672.5	0.0534
672.625	0.055
672.75	0.0558
672.875	0.0566
673.0	0.0566
673.125	0.0566
673.25	0.0558
673.375	0.0566
673.5	0.0566
673.625	0.0558
673.75	0.055
673.875	0.055
674.0	0.0566
674.125	0.0526
674.25	0.055
674.375	0.0566
674.5	0.0566
674.625	0.0558
674.75	0.0566
674.875	0.0542
675.0	0.0542
675.125	0.055
675.25	0.0558
675.375	0.0566
675.5	0.0558
675.625	0.0542
675.75	0.055
675.875	0.0518
676.0	0.055
676.125	0.0542
676.25	0.0558
676.375	0.0558
676.5	0.055
676.625	0.0534
676.75	0.0542
676.875	0.0526
677.0	0.055
677.125	0.0558
677.25	0.0558
677.375	0.0566
677.5	0.0566
677.625	0.0566
677.75	0.0558
677.875	0.0566
678.0	0.0566
678.125	0.0566
678.25	0.0534
678.375	0.0558
678.5	0.0566
678.625	0.0566
678.75	0.0542
678.875	0.0566
679.0	0.0566
679.125	0.0566
679.25	0.0566
679.375	0.0526
679.5	0.0558
679.625	0.0558
679.75	0.0558
679.875	0.0526
680.0	0.0542
680.125	0.0542
680.25	0.0566
680.375	0.0566
680.5	0.0566
680.625	0.055
680.75	0.0534
680.875	0.0558
681.0	0.0566
681.125	0.0526
681.25	0.0558
681.375	0.055
681.5	0.0526
681.625	0.0558
681.75	0.0542
681.875	0.0542
682.0	0.0534
682.125	0.0518
682.25	0.0526
682.375	0.055
682.5	0.0566
682.625	0.0518
682.75	0.0566
682.875	0.0526
683.0	0.0558
683.125	0.0542
683.25	0.0566
683.375	0.0534
683.5	0.0558
683.625	0.0542
683.75	0.055
683.875	0.0566
684.0	0.0558
684.125	0.0566
684.25	0.0566
684.375	0.0542
684.5	0.0558
684.625	0.0558
684.75	0.0542
684.875	0.055
685.0	0.0542
685.125	0.0542
685.25	0.0558
685.375	0.0526
685.5	0.0542
685.625	0.0566
685.75	0.055
685.875	0.0558
686.0	0.0542
686.125	0.0518
686.25	0.0566
686.375	0.0542
686.5	0.0566
686.625	0.0542
686.75	0.0558
686.875	0.0534
687.0	0.0558
687.125	0.0534
687.25	0.0526
687.375	0.0534
687.5	0.0526
687.625	0.0542
687.75	0.0526
687.875	0.055
688.0	0.0526
688.125	0.0542
688.25	0.0534
688.375	0.055
688.5	0.0558
688.625	0.0518
688.75	0.0518
688.875	0.0558
689.0	0.0534
689.125	0.0558
689.25	0.0542
689.375	0.0566
689.5	0.055
689.625	0.055
689.75	0.0518
689.875	0.0542
690.0	0.0534
690.125	0.0542
690.25	0.0534
690.375	0.0534
690.5	0.0558
690.625	0.0542
690.75	0.0526
690.875	0.0534
691.0	0.0526
691.125	0.0558
691.25	0.0518
691.375	0.0566
691.5	0.0542
691.625	0.0534
691.75	0.0526
691.875	0.0558
692.0	0.0566
692.125	0.0558
692.25	0.055
692.375	0.055
692.5	0.0534
692.625	0.0526
692.75	0.055
692.875	0.0542
693.0	0.0542
693.125	0.0518
693.25	0.0518
693.375	0.0534
693.5	0.0518
693.625	0.0526
693.75	0.0558
693.875	0.055
694.0	0.055
694.125	0.0526
694.25	0.0526
694.375	0.0542
694.5	0.0542
694.625	0.0542
694.75	0.055
694.875	0.0534
695.0	0.0526
695.125	0.0526
695.25	0.0534
695.375	0.0534
695.5	0.0542
695.625	0.0518
695.75	0.055
695.875	0.0526
696.0	0.0526
696.125	0.0542
696.25	0.0526
696.375	0.0542
696.5	0.0542
696.625	0.0534
696.75	0.0526
696.875	0.0518
697.0	0.0542
697.125	0.0566
697.25	0.0542
697.375	0.0518
697.5	0.0518
697.625	0.0542
697.75	0.0534
697.875	0.0542
698.0	0.0558
698.125	0.0518
698.25	0.0518
698.375	0.0518
698.5	0.0518
698.625	0.0526
698.75	0.0542
698.875	0.055
699.0	0.0542
699.125	0.0526
699.25	0.0534
699.375	0.0566
699.5	0.055
699.625	0.055
699.75	0.0526
699.875	0.0542
700.0	0.0526
700.125	0.0566
700.25	0.0566
700.375	0.0534
700.5	0.0526
700.625	0.0526
700.75	0.0534
700.875	0.0534
701.0	0.0566
701.125	0.0558
701.25	0.0518
701.375	0.0542
701.5	0.0558
701.625	0.0566
701.75	0.0542
701.875	0.0558
702.0	0.055
702.125	0.0542
702.25	0.0518
702.375	0.0542
702.5	0.0518
702.625	0.0518
702.75	0.0526
702.875	0.0518
703.0	0.0542
703.125	0.0526
703.25	0.055
703.375	0.0534
703.5	0.0534
703.625	0.0542
703.75	0.0526
703.875	0.0526
704.0	0.0518
704.125	0.0518
704.25	0.0526
704.375	0.0526
704.5	0.055
704.625	0.0542
704.75	0.0518
704.875	0.055
705.0	0.0526
705.125	0.0518
705.25	0.0518
705.375	0.0534
705.5	0.0534
705.625	0.0534
705.75	0.0566
705.875	0.0566
706.0	0.0518
706.125	0.055
706.25	0.0542
706.375	0.0542
706.5	0.0542
706.625	0.0542
706.75	0.0526
706.875	0.0534
707.0	0.0534
707.125	0.0526
707.25	0.0518
707.375	0.0518
707.5	0.0518
707.625	0.0518
707.75	0.0518
707.875	0.0542
708.0	0.0542
708.125	0.055
708.25	0.0534
708.375	0.055
708.5	0.0558
708.625	0.0518
708.75	0.0534
708.875	0.0518
709.0	0.0534
709.125	0.0542
709.25	0.0526
709.375	0.0526
709.5	0.0566
709.625	0.0558
709.75	0.055
709.875	0.0534
710.0	0.0526
710.125	0.0534
710.25	0.0518
710.375	0.0534
710.5	0.0558
710.625	0.0518
710.75	0.0526
710.875	0.0518
711.0	0.0526
711.125	0.0518
711.25	0.0542
711.375	0.0542
711.5	0.0526
711.625	0.0518
711.75	0.0542
711.875	0.0518
712.0	0.0542
712.125	0.0534
712.25	0.0518
712.375	0.0526
712.5	0.0542
712.625	0.0526
712.75	0.0526
712.875	0.0542
713.0	0.0518
713.125	0.0526
713.25	0.0526
713.375	0.0534
713.5	0.0534
713.625	0.055
713.75	0.0542
713.875	0.055
714.0	0.0518
714.125	0.0534
714.25	0.0542
714.375	0.0518
714.5	0.0534
714.625	0.0542
714.75	0.0558
714.875	0.0542
715.0	0.055
715.125	0.0518
715.25	0.0542
715.375	0.0566
715.5	0.0526
715.625	0.0518
715.75	0.0542
715.875	0.0534
716.0	0.055
716.125	0.0526
716.25	0.0534
716.375	0.0558
716.5	0.0518
716.625	0.0542
716.75	0.0526
716.875	0.0518
717.0	0.0518
717.125	0.055
717.25	0.0518
717.375	0.0518
717.5	0.0518
717.625	0.0526
717.75	0.0534
717.875	0.0542
718.0	0.0518
718.125	0.0526
718.25	0.0534
718.375	0.0534
718.5	0.0542
718.625	0.0526
718.75	0.0526
718.875	0.0526
719.0	0.0534
719.125	0.0542
719.25	0.0526
719.375	0.0542
719.5	0.0518
719.625	0.055
719.75	0.0526
719.875	0.0518
720.0	0.055
720.125	0.055
720.25	0.0566
720.375	0.0534
720.5	0.0566
720.625	0.0534
720.75	0.0534
720.875	0.0542
721.0	0.0526
721.125	0.0526
721.25	0.0518
721.375	0.0518
721.5	0.0558
721.625	0.0542
721.75	0.0518
721.875	0.0518
722.0	0.0518
722.125	0.0542
722.25	0.0542
722.375	0.0558
722.5	0.0542
722.625	0.0566
722.75	0.0526
722.875	0.0566
723.0	0.0534
723.125	0.0542
723.25	0.0542
723.375	0.0518
723.5	0.0518
723.625	0.0526
723.75	0.0518
723.875	0.0534
724.0	0.0534
724.125	0.055
724.25	0.0542
724.375	0.0534
724.5	0.055
724.625	0.0526
724.75	0.0526
724.875	0.055
725.0	0.0542
725.125	0.0518
725.25	0.055
725.375	0.0534
725.5	0.0566
725.625	0.0526
725.75	0.0526
725.875	0.0518
726.0	0.0534
726.125	0.0534
726.25	0.0518
726.375	0.0534
726.5	0.0518
726.625	0.0526
726.75	0.0534
726.875	0.0518
727.0	0.0518
727.125	0.0534
727.25	0.0526
727.375	0.055
727.5	0.0526
727.625	0.0534
727.75	0.0542
727.875	0.0558
728.0	0.0542
728.125	0.0558
728.25	0.0534
728.375	0.0542
728.5	0.0526
728.625	0.0542
728.75	0.0526
728.875	0.0526
729.0	0.0526
729.125	0.0518
729.25	0.0542
729.375	0.0542
729.5	0.0526
729.625	0.0534
729.75	0.0566
729.875	0.0526
730.0	0.0518
730.125	0.055
730.25	0.0542
730.375	0.0526
730.5	0.0542
730.625	0.0518
730.75	0.0542
730.875	0.0534
731.0	0.0534
731.125	0.055
731.25	0.0542
731.375	0.0542
731.5	0.0526
731.625	0.055
731.75	0.0542
731.875	0.0518
732.0	0.0534
732.125	0.0518
732.25	0.0526
732.375	0.0558
732.5	0.0518
732.625	0.0542
732.75	0.055
732.875	0.055
733.0	0.0518
733.125	0.0542
733.25	0.0558
733.375	0.0542
733.5	0.0558
733.625	0.0566
733.75	0.0534
733.875	0.0518
734.0	0.0518
734.125	0.0518
734.25	0.0534
734.375	0.0518
734.5	0.0526
734.625	0.0566
734.75	0.0558
734.875	0.0558
735.0	0.0518
735.125	0.0526
735.25	0.0526
735.375	0.0542
735.5	0.0518
735.625	0.0518
735.75	0.0518
735.875	0.0518
736.0	0.0542
736.125	0.0526
736.25	0.0542
736.375	0.0534
736.5	0.0542
736.625	0.055
736.75	0.0518
736.875	0.0534
737.0	0.0534
737.125	0.0518
737.25	0.0526
737.375	0.0518
737.5	0.0518
737.625	0.0518
737.75	0.0518
737.875	0.0534
738.0	0.055
738.125	0.0526
738.25	0.0526
738.375	0.0558
738.5	0.0534
738.625	0.0542
738.75	0.0566
738.875	0.0518
739.0	0.0526
739.125	0.055
739.25	0.0526
739.375	0.0518
739.5	0.0526
739.625	0.0526
739.75	0.0526
739.875	0.0534
740.0	0.0542
740.125	0.0566
740.25	0.0526
740.375	0.0526
740.5	0.0558
740.625	0.0566
740.75	0.0526
740.875	0.055
741.0	0.0566
741.125	0.0526
741.25	0.0542
741.375	0.055
741.5	0.0542
741.625	0.0566
741.75	0.0542
741.875	0.055
742.0	0.0518
742.125	0.0518
742.25	0.0518
742.375	0.0542
742.5	0.0526
742.625	0.0542
742.75	0.0542
742.875	0.0566
743.0	0.0542
743.125	0.0542
743.25	0.0566
743.375	0.0534
743.5	0.0542
743.625	0.055
743.75	0.0542
743.875	0.0542
744.0	0.0542
744.125	0.055
744.25	0.0534
744.375	0.0534
744.5	0.0526
744.625	0.0518
744.75	0.0526
744.875	0.0534
745.0	0.0534
745.125	0.055
745.25	0.0526
745.375	0.0534
745.5	0.055
745.625	0.0566
745.75	0.0566
745.875	0.0558
746.0	0.055
746.125	0.0566
746.25	0.0558
746.375	0.0566
746.5	0.0558
746.625	0.055
746.75	0.0566
746.875	0.0542
747.0	0.0558
747.125	0.055
747.25	0.0534
747.375	0.0542
747.5	0.0542
747.625	0.0518
747.75	0.0526
747.875	0.0534
748.0	0.0526
748.125	0.0534
748.25	0.0566
748.375	0.0542
748.5	0.0526
748.625	0.0566
748.75	0.0558
748.875	0.0558
749.0	0.0566
749.125	0.0566
749.25	0.0542
749.375	0.0534
749.5	0.0534
749.625	0.0542
749.75	0.0542
749.875	0.0558
750.0	0.0518
750.125	0.0566
750.25	0.0566
750.375	0.0566
750.5	0.0573
750.625	0.055
750.75	0.0534
750.875	0.0566
751.0	0.055
751.125	0.0542
751.25	0.0558
751.375	0.0566
751.5	0.055
751.625	0.055
751.75	0.0558
751.875	0.0542
752.0	0.0566
752.125	0.0566
752.25	0.0566
752.375	0.0566
752.5	0.0566
752.625	0.0566
752.75	0.0566
752.875	0.0558
753.0	0.0566
753.125	0.0566
753.25	0.0566
753.375	0.0566
753.5	0.0566
753.625	0.0566
753.75	0.0566
753.875	0.0566
754.0	0.0566
754.125	0.0566
754.25	0.0566
754.375	0.0566
754.5	0.0566
754.625	0.0566
754.75	0.0566
754.875	0.0566
755.0	0.0566
755.125	0.0573
755.25	0.0566
755.375	0.0573
755.5	0.0573
755.625	0.0566
755.75	0.0566
755.875	0.0566
756.0	0.0566
756.125	0.0566
756.25	0.0566
756.375	0.0566
756.5	0.0566
756.625	0.0566
756.75	0.0558
756.875	0.0558
757.0	0.055
757.125	0.0566
757.25	0.0566
757.375	0.0566
757.5	0.0566
757.625	0.0566
757.75	0.0558
757.875	0.0566
758.0	0.0566
758.125	0.0566
758.25	0.0566
758.375	0.0566
758.5	0.0566
758.625	0.0566
758.75	0.0566
758.875	0.0566
759.0	0.0558
759.125	0.0566
759.25	0.055
759.375	0.0566
759.5	0.0566
759.625	0.0566
759.75	0.0566
759.875	0.0566
760.0	0.0566
760.125	0.0566
760.25	0.0566
760.375	0.0566
760.5	0.0566
760.625	0.0566
760.75	0.0566
760.875	0.0566
761.0	0.0566
761.125	0.0573
761.25	0.0566
761.375	0.0581
761.5	0.0589
761.625	0.0566
761.75	0.0566
761.875	0.0566
762.0	0.0566
762.125	0.0573
762.25	0.0573
762.375	0.0566
762.5	0.0566
762.625	0.0589
762.75	0.0566
762.875	0.0558
763.0	0.0573
763.125	0.0613
763.25	0.0589
763.375	0.0581
763.5	0.0581
763.625	0.0581
763.75	0.0573
763.875	0.0566
764.0	0.0566
764.125	0.0566
764.25	0.0566
764.375	0.0566
764.5	0.0566
764.625	0.0581
764.75	0.0566
764.875	0.0573
765.0	0.0581
765.125	0.0597
765.25	0.0566
765.375	0.0573
765.5	0.0573
765.625	0.0566
765.75	0.0589
765.875	0.0581
766.0	0.0566
766.125	0.0581
766.25	0.0573
766.375	0.0573
766.5	0.0566
766.625	0.0581
766.75	0.0573
766.875	0.0581
767.0	0.0581
767.125	0.0589
767.25	0.0605
767.375	0.0566
767.5	0.0597
767.625	0.0589
767.75	0.0566
767.875	0.0566
768.0	0.0566
768.125	0.0573
768.25	0.0566
768.375	0.0613
768.5	0.0605
768.625	0.0581
768.75	0.0589
768.875	0.0566
769.0	0.0566
769.125	0.0597
769.25	0.0621
769.375	0.0605
769.5	0.0597
769.625	0.0573
769.75	0.0605
769.875	0.0613
770.0	0.0605
770.125	0.0613
770.25	0.0613
770.375	0.0613
770.5	0.0621
770.625	0.0613
770.75	0.0613
770.875	0.0613
771.0	0.0605
771.125	0.0605
771.25	0.0613
771.375	0.0613
771.5	0.0613
771.625	0.0613
771.75	0.0613
771.875	0.0613
772.0	0.0613
772.125	0.0636
772.25	0.0636
772.375	0.0613
772.5	0.0621
772.625	0.0636
772.75	0.0644
772.875	0.0636
773.0	0.0613
773.125	0.0613
773.25	0.0652
773.375	0.0613
773.5	0.0636
773.625	0.0636
773.75	0.066
773.875	0.0652
774.0	0.0636
774.125	0.0652
774.25	0.0644
774.375	0.0644
774.5	0.0636
774.625	0.0652
774.75	0.0628
774.875	0.0613
775.0	0.0613
775.125	0.0644
775.25	0.0636
775.375	0.0652
775.5	0.0636
775.625	0.0636
775.75	0.066
775.875	0.0652
776.0	0.0644
776.125	0.066
776.25	0.0636
776.375	0.0636
776.5	0.0628
776.625	0.0652
776.75	0.0628
776.875	0.0636
777.0	0.066
777.125	0.0636
777.25	0.0644
777.375	0.066
777.5	0.0652
777.625	0.0636
777.75	0.0644
777.875	0.066
778.0	0.066
778.125	0.066
778.25	0.0691
778.375	0.0652
778.5	0.066
778.625	0.066
778.75	0.0676
778.875	0.066
779.0	0.066
779.125	0.0668
779.25	0.0668
779.375	0.0676
779.5	0.066
779.625	0.0676
779.75	0.0691
779.875	0.066
780.0	0.0668
780.125	0.066
780.25	0.066
780.375	0.0668
780.5	0.066
780.625	0.0683
780.75	0.0683
780.875	0.0683
781.0	0.066
781.125	0.0676
781.25	0.066
781.375	0.0668
781.5	0.0683
781.625	0.0676
781.75	0.0676
781.875	0.0699
782.0	0.0707
782.125	0.0707
782.25	0.0707
782.375	0.0707
782.5	0.0707
782.625	0.0707
782.75	0.0707
782.875	0.0707
783.0	0.0707
783.125	0.0707
783.25	0.0707
783.375	0.0707
783.5	0.0707
783.625	0.0707
783.75	0.0707
783.875	0.0707
784.0	0.0707
784.125	0.0707
784.25	0.0723
784.375	0.0723
784.5	0.0715
784.625	0.0707
784.75	0.0707
784.875	0.0738
785.0	0.0723
785.125	0.0723
785.25	0.0715
785.375	0.0731
785.5	0.0731
785.625	0.0707
785.75	0.0707
785.875	0.0738
786.0	0.0723
786.125	0.0731
786.25	0.0715
786.375	0.0731
786.5	0.0738
786.625	0.0754
786.75	0.0723
786.875	0.0731
787.0	0.0731
787.125	0.0738
787.25	0.0746
787.375	0.0754
787.5	0.0754
787.625	0.0754
787.75	0.0746
787.875	0.0754
788.0	0.0762
788.125	0.0762
788.25	0.0754
788.375	0.0762
788.5	0.0762
788.625	0.0762
788.75	0.0754
788.875	0.0754
789.0	0.0754
789.125	0.0754
789.25	0.0778
789.375	0.077
789.5	0.0754
789.625	0.0786
789.75	0.0801
789.875	0.0801
790.0	0.0794
790.125	0.0794
790.25	0.0778
790.375	0.0794
790.5	0.0801
790.625	0.0801
790.75	0.0786
790.875	0.0778
791.0	0.0778
791.125	0.0794
791.25	0.0801
791.375	0.0801
791.5	0.0809
791.625	0.0801
791.75	0.0801
791.875	0.0801
792.0	0.0801
792.125	0.0849
792.25	0.0825
792.375	0.0801
792.5	0.0833
792.625	0.0833
792.75	0.0809
792.875	0.0809
793.0	0.0841
793.125	0.0825
793.25	0.0849
793.375	0.0849
793.5	0.0849
793.625	0.0833
793.75	0.0849
793.875	0.0825
794.0	0.0841
794.125	0.0841
794.25	0.0841
794.375	0.0849
794.5	0.0841
794.625	0.0817
794.75	0.0849
794.875	0.0833
795.0	0.0856
795.125	0.0849
795.25	0.0841
795.375	0.0856
795.5	0.0841
795.625	0.0849
795.75	0.0849
795.875	0.0849
796.0	0.088
796.125	0.0849
796.25	0.0864
796.375	0.0872
796.5	0.0856
796.625	0.0856
796.75	0.0888
796.875	0.0856
797.0	0.0864
797.125	0.0856
797.25	0.0888
797.375	0.0896
797.5	0.0904
797.625	0.0904
797.75	0.0896
797.875	0.0896
798.0	0.0904
798.125	0.0896
798.25	0.0919
798.375	0.0919
798.5	0.0904
798.625	0.0904
798.75	0.0896
798.875	0.0927
799.0	0.0904
799.125	0.0896
799.25	0.0927
799.375	0.0919
799.5	0.0896
799.625	0.0896
799.75	0.0927
799.875	0.0943
800.0	0.0943
800.125	0.0919
800.25	0.0935
800.375	0.0943
800.5	0.0943
800.625	0.0943
800.75	0.0943
800.875	0.0935
801.0	0.0943
801.125	0.0927
801.25	0.0935
801.375	0.0935
801.5	0.0943
801.625	0.0943
801.75	0.0943
801.875	0.0943
802.0	0.0943
802.125	0.0943
802.25	0.0943
802.375	0.0943
802.5	0.0943
802.625	0.0959
802.75	0.0943
802.875	0.0951
803.0	0.0974
803.125	0.099
803.25	0.0974
803.375	0.099
803.5	0.099
803.625	0.099
803.75	0.099
803.875	0.099
804.0	0.1006
804.125	0.1006
804.25	0.1037
804.375	0.1029
804.5	0.0998
804.625	0.1037
804.75	0.1045
804.875	0.1037
805.0	0.1037
805.125	0.1084
805.25	0.1037
805.375	0.1045
805.5	0.1037
805.625	0.1045
805.75	0.1014
805.875	0.1037
806.0	0.1037
806.125	0.1014
806.25	0.1006
806.375	0.1037
806.5	0.1029
806.625	0.1037
806.75	0.1022
806.875	0.1029
807.0	0.1037
807.125	0.1037
807.25	0.1037
807.375	0.1037
807.5	0.1037
807.625	0.1037
807.75	0.1037
807.875	0.1037
808.0	0.1053
808.125	0.1053
808.25	0.1061
808.375	0.1045
808.5	0.1037
808.625	0.1037
808.75	0.1053
808.875	0.1061
809.0	0.1061
809.125	0.1069
809.25	0.1077
809.375	0.1084
809.5	0.1069
809.625	0.1077
809.75	0.1084
809.875	0.1077
810.0	0.1084
810.125	0.1084
810.25	0.1084
810.375	0.1084
810.5	0.1084
810.625	0.1084
810.75	0.1084
810.875	0.1084
811.0	0.1077
811.125	0.1084
811.25	0.1084
811.375	0.1084
811.5	0.1092
811.625	0.11
811.75	0.1084
811.875	0.1084
812.0	0.11
812.125	0.11
812.25	0.11
812.375	0.1132
812.5	0.1116
812.625	0.1132
812.75	0.1108
812.875	0.1116
813.0	0.1132
813.125	0.1132
813.25	0.1132
813.375	0.1132
813.5	0.1124
813.625	0.1132
813.75	0.1132
813.875	0.1116
814.0	0.1124
814.125	0.1132
814.25	0.1132
814.375	0.1132
814.5	0.1132
814.625	0.1132
814.75	0.1132
814.875	0.1132
815.0	0.1124
815.125	0.1132
815.25	0.1132
815.375	0.1155
815.5	0.1139
815.625	0.1132
815.75	0.1147
815.875	0.1163
816.0	0.1163
816.125	0.1179
816.25	0.1163
816.375	0.1163
816.5	0.1163
816.625	0.1179
816.75	0.1179
816.875	0.1179
817.0	0.1179
817.125	0.1147
817.25	0.1171
817.375	0.1179
817.5	0.1179
817.625	0.1179
817.75	0.1179
817.875	0.1202
818.0	0.1179
818.125	0.1179
818.25	0.1194
818.375	0.1187
818.5	0.1179
818.625	0.1187
818.75	0.1202
818.875	0.1187
819.0	0.1179
819.125	0.1194
819.25	0.1179
819.375	0.1179
819.5	0.1179
819.625	0.1179
819.75	0.1179
819.875	0.1179
820.0	0.1187
820.125	0.1218
820.25	0.1226
820.375	0.1226
820.5	0.1226
820.625	0.1218
820.75	0.1218
820.875	0.121
821.0	0.121
821.125	0.1218
821.25	0.1226
821.375	0.1226
821.5	0.1242
821.625	0.1226
821.75	0.125
821.875	0.1226
822.0	0.1226
822.125	0.1218
822.25	0.1242
822.375	0.1226
822.5	0.1226
822.625	0.1226
822.75	0.1218
822.875	0.1226
823.0	0.1226
823.125	0.1234
823.25	0.1273
823.375	0.125
823.5	0.125
823.625	0.1226
823.75	0.1234
823.875	0.1226
824.0	0.1242
824.125	0.1242
824.25	0.1226
824.375	0.1234
824.5	0.1265
824.625	0.1273
824.75	0.1273
824.875	0.1257
825.0	0.1273
825.125	0.1265
825.25	0.1242
825.375	0.1257
825.5	0.1265
825.625	0.1242
825.75	0.1273
825.875	0.1257
826.0	0.1234
826.125	0.1242
826.25	0.1273
826.375	0.1273
826.5	0.1273
826.625	0.125
826.75	0.1273
826.875	0.1289
827.0	0.1273
827.125	0.1273
827.25	0.1273
827.375	0.1297
827.5	0.1273
827.625	0.1281
827.75	0.1273
827.875	0.1242
828.0	0.1257
828.125	0.1273
828.25	0.1273
828.375	0.1297
828.5	0.1297
828.625	0.1312
828.75	0.1281
828.875	0.1273
829.0	0.1289
829.125	0.1297
829.25	0.1273
829.375	0.1297
829.5	0.1289
829.625	0.1289
829.75	0.1297
829.875	0.132
830.0	0.1305
830.125	0.1273
830.25	0.1281
830.375	0.1273
830.5	0.1281
830.625	0.1297
830.75	0.1281
830.875	0.1289
831.0	0.132
831.125	0.132
831.25	0.1281
831.375	0.1312
831.5	0.132
831.625	0.1305
831.75	0.132
831.875	0.132
832.0	0.1328
832.125	0.1312
832.25	0.132
832.375	0.1305
832.5	0.1297
832.625	0.132
832.75	0.1281
832.875	0.1289
833.0	0.1297
833.125	0.1312
833.25	0.1328
833.375	0.132
833.5	0.132
833.625	0.1312
833.75	0.1312
833.875	0.132
834.0	0.132
834.125	0.1312
834.25	0.1297
834.375	0.1305
834.5	0.132
834.625	0.132
834.75	0.132
834.875	0.1281
835.0	0.1312
835.125	0.1305
835.25	0.1312
835.375	0.1312
835.5	0.132
835.625	0.1305
835.75	0.1312
835.875	0.1305
836.0	0.132
836.125	0.132
836.25	0.1328
836.375	0.132
836.5	0.132
836.625	0.132
836.75	0.1305
836.875	0.132
837.0	0.132
837.125	0.132
837.25	0.132
837.375	0.132
837.5	0.1312
837.625	0.132
837.75	0.132
837.875	0.132
838.0	0.1305
838.125	0.1297
838.25	0.132
838.375	0.132
838.5	0.1328
838.625	0.1328
838.75	0.1328
838.875	0.132
839.0	0.132
839.125	0.1336
839.25	0.1344
839.375	0.1336
839.5	0.132
839.625	0.132
839.75	0.132
839.875	0.132
840.0	0.132
840.125	0.1312
840.25	0.132
840.375	0.1336
840.5	0.132
840.625	0.1352
840.75	0.1367
840.875	0.1344
841.0	0.132
841.125	0.132
841.25	0.1344
841.375	0.1352
841.5	0.136
841.625	0.1336
841.75	0.1305
841.875	0.1289
842.0	0.132
842.125	0.132
842.25	0.132
842.375	0.132
842.5	0.1328
842.625	0.132
842.75	0.1328
842.875	0.132
843.0	0.132
843.125	0.1328
843.25	0.1336
843.375	0.1367
843.5	0.132
843.625	0.132
843.75	0.132
843.875	0.1344
844.0	0.1352
844.125	0.132
844.25	0.1336
844.375	0.132
844.5	0.132
844.625	0.1328
844.75	0.132
844.875	0.132
845.0	0.1328
845.125	0.1352
845.25	0.1336
845.375	0.1336
845.5	0.132
845.625	0.132
845.75	0.1312
845.875	0.132
846.0	0.132
846.125	0.132
846.25	0.1281
846.375	0.1312
846.5	0.1312
846.625	0.1297
846.75	0.1312
846.875	0.1336
847.0	0.132
847.125	0.132
847.25	0.136
847.375	0.132
847.5	0.1328
847.625	0.132
847.75	0.132
847.875	0.132
848.0	0.132
848.125	0.132
848.25	0.132
848.375	0.132
848.5	0.132
848.625	0.132
848.75	0.132
848.875	0.132
849.0	0.1312
849.125	0.132
849.25	0.132
849.375	0.1328
849.5	0.132
849.625	0.132
849.75	0.132
849.875	0.132
850.0	0.1312
850.125	0.132
850.25	0.132
850.375	0.132
850.5	0.132
850.625	0.132
850.75	0.132
850.875	0.132
851.0	0.132
851.125	0.132
851.25	0.1312
851.375	0.132
851.5	0.132
851.625	0.1328
851.75	0.1312
851.875	0.1305
852.0	0.1297
852.125	0.1297
852.25	0.1305
852.375	0.1305
852.5	0.1273
852.625	0.1305
852.75	0.132
852.875	0.1289
853.0	0.1305
853.125	0.132
853.25	0.132
853.375	0.132
853.5	0.132
853.625	0.132
853.75	0.132
853.875	0.1312
854.0	0.132
854.125	0.1305
854.25	0.1297
854.375	0.132
854.5	0.1289
854.625	0.1312
854.75	0.1281
854.875	0.132
855.0	0.1297
855.125	0.1289
855.25	0.1273
855.375	0.1273
855.5	0.1305
855.625	0.1297
855.75	0.1312
855.875	0.1312
856.0	0.1305
856.125	0.1273
856.25	0.1273
856.375	0.1273
856.5	0.1281
856.625	0.1281
856.75	0.1273
856.875	0.1273
857.0	0.1273
857.125	0.1281
857.25	0.1273
857.375	0.1289
857.5	0.1305
857.625	0.1289
857.75	0.1273
857.875	0.1281
858.0	0.1257
858.125	0.1273
858.25	0.1273
858.375	0.1273
858.5	0.1273
858.625	0.1273
858.75	0.1273
858.875	0.1281
859.0	0.1281
859.125	0.1273
859.25	0.1281
859.375	0.125
859.5	0.1242
859.625	0.1273
859.75	0.1265
859.875	0.1273
860.0	0.1273
860.125	0.1273
860.25	0.1273
860.375	0.125
860.5	0.1234
860.625	0.1265
860.75	0.1273
860.875	0.1273
861.0	0.1234
861.125	0.1273
861.25	0.1273
861.375	0.1265
861.5	0.1273
861.625	0.1273
861.75	0.1257
861.875	0.125
862.0	0.1226
862.125	0.1234
862.25	0.1234
862.375	0.125
862.5	0.1242
862.625	0.1242
862.75	0.1234
862.875	0.1265
863.0	0.1226
863.125	0.125
863.25	0.1226
863.375	0.125
863.5	0.1242
863.625	0.1226
863.75	0.1242
863.875	0.1242
864.0	0.1226
864.125	0.1226
864.25	0.1234
864.375	0.1242
864.5	0.1273
864.625	0.1273
864.75	0.1242
864.875	0.1226
865.0	0.1234
865.125	0.1226
865.25	0.1226
865.375	0.1226
865.5	0.1234
865.625	0.1226
865.75	0.1218
865.875	0.1202
866.0	0.1218
866.125	0.1226
866.25	0.1226
866.375	0.1226
866.5	0.1226
866.625	0.1202
866.75	0.1187
866.875	0.1187
867.0	0.1179
867.125	0.121
867.25	0.1194
867.375	0.1226
867.5	0.121
867.625	0.1194
867.75	0.1202
867.875	0.1226
868.0	0.1218
868.125	0.1226
868.25	0.121
868.375	0.121
868.5	0.1202
868.625	0.1218
868.75	0.1202
868.875	0.1218
869.0	0.1194
869.125	0.121
869.25	0.1194
869.375	0.1218
869.5	0.1187
869.625	0.1179
869.75	0.1218
869.875	0.1194
870.0	0.1179
870.125	0.1187
870.25	0.1179
870.375	0.1179
870.5	0.1179
870.625	0.1179
870.75	0.1179
870.875	0.1179
871.0	0.1187
871.125	0.1171
871.25	0.1187
871.375	0.1171
871.5	0.1179
871.625	0.1187
871.75	0.121
871.875	0.1179
872.0	0.1179
872.125	0.1171
872.25	0.1155
872.375	0.1179
872.5	0.1171
872.625	0.1179
872.75	0.1171
872.875	0.1163
873.0	0.1179
873.125	0.1179
873.25	0.1179
873.375	0.1132
873.5	0.1147
873.625	0.1147
873.75	0.1155
873.875	0.1179
874.0	0.1139
874.125	0.1171
874.25	0.1155
874.375	0.1179
874.5	0.1147
874.625	0.1147
874.75	0.1139
874.875	0.1132
875.0	0.1179
875.125	0.1163
875.25	0.1171
875.375	0.1163
875.5	0.1147
875.625	0.1132
875.75	0.1132
875.875	0.1139
876.0	0.1132
876.125	0.1147
876.25	0.1139
876.375	0.1132
876.5	0.1132
876.625	0.1132
876.75	0.1108
876.875	0.1132
877.0	0.1132
877.125	0.1132
877.25	0.1124
877.375	0.1108
877.5	0.1124
877.625	0.1132
877.75	0.1132
877.875	0.1132
878.0	0.1124
878.125	0.1132
878.25	0.1116
878.375	0.1084
878.5	0.1116
878.625	0.1116
878.75	0.1132
878.875	0.1092
879.0	0.1084
879.125	0.1084
879.25	0.1084
879.375	0.1084
879.5	0.11
879.625	0.1116
879.75	0.11
879.875	0.1108
880.0	0.1132
880.125	0.1124
880.25	0.1116
880.375	0.1092
880.5	0.11
880.625	0.11
880.75	0.11
880.875	0.1084
881.0	0.1084
881.125	0.1084
881.25	0.1084
881.375	0.1084
881.5	0.1084
881.625	0.1084
881.75	0.1084
881.875	0.1084
882.0	0.1077
882.125	0.1084
882.25	0.1084
882.375	0.1084
882.5	0.1077
882.625	0.1084
882.75	0.1084
882.875	0.1069
883.0	0.1077
883.125	0.1084
883.25	0.1084
883.375	0.1084
883.5	0.1084
883.625	0.1084
883.75	0.1061
883.875	0.1037
884.0	0.1037
884.125	0.1061
884.25	0.1053
884.375	0.1084
884.5	0.1084
884.625	0.1069
884.75	0.1045
884.875	0.1053
885.0	0.1077
885.125	0.1084
885.25	0.1084
885.375	0.1084
885.5	0.1069
885.625	0.1061
885.75	0.1053
885.875	0.1061
886.0	0.1061
886.125	0.1069
886.25	0.1069
886.375	0.1037
886.5	0.1037
886.625	0.1037
886.75	0.1061
886.875	0.1069
887.0	0.1045
887.125	0.1037
887.25	0.1037
887.375	0.1045
887.5	0.1045
887.625	0.1037
887.75	0.1045
887.875	0.1037
888.0	0.1037
888.125	0.1037
888.25	0.1037
888.375	0.1022
888.5	0.1037
888.625	0.1006
888.75	0.1022
888.875	0.1037
889.0	0.1037
889.125	0.0998
889.25	0.1022
889.375	0.1014
889.5	0.0998
889.625	0.1022
889.75	0.1022
889.875	0.1037
890.0	0.1014
890.125	0.1037
890.25	0.1029
890.375	0.1037
890.5	0.1022
890.625	0.1022
890.75	0.1022
890.875	0.099
891.0	0.1014
891.125	0.099
891.25	0.099
891.375	0.099
891.5	0.099
891.625	0.1014
891.75	0.0998
891.875	0.1006
892.0	0.1014
892.125	0.0998
892.25	0.099
892.375	0.099
892.5	0.0998
892.625	0.0982
892.75	0.0974
892.875	0.099
893.0	0.0982
893.125	0.099
893.25	0.099
893.375	0.099
893.5	0.0982
893.625	0.099
893.75	0.099
893.875	0.0959
894.0	0.099
894.125	0.099
894.25	0.099
894.375	0.0966
894.5	0.0982
894.625	0.099
894.75	0.099
894.875	0.099
895.0	0.099
895.125	0.0982
895.25	0.0982
895.375	0.0943
895.5	0.0943
895.625	0.0966
895.75	0.0943
895.875	0.0943
896.0	0.0943
896.125	0.0943
896.25	0.0943
896.375	0.0943
896.5	0.0943
896.625	0.0943
896.75	0.0943
896.875	0.0943
897.0	0.0935
897.125	0.0943
897.25	0.0943
897.375	0.0943
897.5	0.0935
897.625	0.0943
897.75	0.0943
897.875	0.0943
898.0	0.0935
898.125	0.0943
898.25	0.0943
898.375	0.0943
898.5	0.0943
898.625	0.0935
898.75	0.0919
898.875	0.0927
899.0	0.0927
899.125	0.0943
899.25	0.0935
899.375	0.0943
899.5	0.0904
899.625	0.0904
899.75	0.0911
899.875	0.0911
