300.0	0.0
300.125	0.0
300.25	0.0
300.375	0.0
300.5	0.0
300.625	0.0
300.75	0.0
300.875	0.0
301.0	0.0
301.125	0.0
301.25	0.0
301.375	0.0
301.5	0.0
301.625	0.0
301.75	0.0
301.875	0.0
302.0	0.0
302.125	0.0
302.25	0.0
302.375	0.0
302.5	0.0
302.625	0.0
302.75	0.0
302.875	0.0
303.0	0.0
303.125	0.0
303.25	0.0
303.375	0.0
303.5	0.0
303.625	0.0
303.75	0.0
303.875	0.0
304.0	0.0
304.125	0.0
304.25	0.0
304.375	0.0
304.5	0.0
304.625	0.0
304.75	0.0
304.875	0.0
305.0	0.0
305.125	0.0
305.25	0.0
305.375	0.0
305.5	0.0
305.625	0.0
305.75	0.0
305.875	0.0
306.0	0.0
306.125	0.0
306.25	0.0
306.375	0.0
306.5	0.0
306.625	0.0
306.75	0.0
306.875	0.0
307.0	0.0
307.125	0.0
307.25	0.0
307.375	0.0
307.5	0.0
307.625	0.0
307.75	0.0
307.875	0.0
308.0	0.0
308.125	0.0
308.25	0.0
308.375	0.0
308.5	0.0
308.625	0.0
308.75	0.0
308.875	0.0
309.0	0.0
309.125	0.0
309.25	0.0
309.375	0.0
309.5	0.0
309.625	0.0
309.75	0.0
309.875	0.0
310.0	0.0
310.125	0.0
310.25	0.0
310.375	0.0
310.5	0.0
310.625	0.0
310.75	0.0
310.875	0.0
311.0	0.0
311.125	0.0
311.25	0.0
311.375	0.0
311.5	0.0
311.625	0.0
311.75	0.0
311.875	0.0
312.0	0.0
312.125	0.0
312.25	0.0
312.375	0.0
312.5	0.0
312.625	0.0
312.75	0.0
312.875	0.0
313.0	0.0
313.125	0.0
313.25	0.0
313.375	0.0
313.5	0.0
313.625	0.0
313.75	0.0
313.875	0.0
314.0	0.0
314.125	0.0
314.25	0.0
314.375	0.0
314.5	0.0
314.625	0.0
314.75	0.0
314.875	0.0
315.0	0.0
315.125	0.0
315.25	0.0
315.375	0.0
315.5	0.0
315.625	0.0
315.75	0.0
315.875	0.0
316.0	0.0
316.125	0.0
316.25	0.0
316.375	0.0
316.5	0.0
316.625	0.0
316.75	0.0
316.875	0.0
317.0	0.0
317.125	0.0
317.25	0.0
317.375	0.0
317.5	0.0
317.625	0.0
317.75	0.0
317.875	0.0
318.0	0.0
318.125	0.0
318.25	0.0
318.375	0.0
318.5	0.0
318.625	0.0
318.75	0.0
318.875	0.0
319.0	0.0
319.125	0.0
319.25	0.0
319.375	0.0
319.5	0.0
319.625	0.0
319.75	0.0
319.875	0.0
320.0	0.0
320.125	0.0
320.25	0.0
320.375	0.0
320.5	0.0
320.625	0.0
320.75	0.0
320.875	0.0
321.0	0.0
321.125	0.0
321.25	0.0
321.375	0.0
321.5	0.0
321.625	0.0
321.75	0.0
321.875	0.0
322.0	0.0
322.125	0.0
322.25	0.0
322.375	0.0
322.5	0.0
322.625	0.0
322.75	0.0
322.875	0.0
323.0	0.0
323.125	0.0
323.25	0.0
323.375	0.0
323.5	0.0
323.625	0.0
323.75	0.0
323.875	0.0
324.0	0.0
324.125	0.0
324.25	0.0
324.375	0.0
324.5	0.0
324.625	0.0
324.75	0.0
324.875	0.0
325.0	0.0
325.125	0.0
325.25	0.0
325.375	0.0
325.5	0.0
325.625	0.0
325.75	0.0
325.875	0.0
326.0	0.0
326.125	0.0
326.25	0.0
326.375	0.0
326.5	0.0
326.625	0.0
326.75	0.0
326.875	0.0
327.0	0.0
327.125	0.0
327.25	0.0
327.375	0.0
327.5	0.0
327.625	0.0
327.75	0.0
327.875	0.0
328.0	0.0
328.125	0.0
328.25	0.0
328.375	0.0
328.5	0.0
328.625	0.0
328.75	0.0
328.875	0.0
329.0	0.0
329.125	0.0
329.25	0.0
329.375	0.0
329.5	0.0
329.625	0.0
329.75	0.0
329.875	0.0
330.0	0.0
330.125	0.0
330.25	0.0
330.375	0.0
330.5	0.0
330.625	0.0
330.75	0.0
330.875	0.0
331.0	0.0
331.125	0.0
331.25	0.0
331.375	0.0
331.5	0.0
331.625	0.0
331.75	0.0
331.875	0.0
332.0	0.0
332.125	0.0
332.25	0.0
332.375	0.0
332.5	0.0
332.625	0.0
332.75	0.0
332.875	0.0
333.0	0.0
333.125	0.0
333.25	0.0
333.375	0.0
333.5	0.0
333.625	0.0
333.75	0.0
333.875	0.0
334.0	0.0
334.125	0.0
334.25	0.0
334.375	0.0
334.5	0.0
334.625	0.0
334.75	0.0
334.875	0.0
335.0	0.0
335.125	0.0
335.25	0.0
335.375	0.0
335.5	0.0
335.625	0.0
335.75	0.0
335.875	0.0
336.0	0.0
336.125	0.0
336.25	0.0
336.375	0.0
336.5	0.0
336.625	0.0
336.75	0.0
336.875	0.0
337.0	0.0
337.125	0.0
337.25	0.0
337.375	0.0
337.5	0.0
337.625	0.0
337.75	0.0
337.875	0.0
338.0	0.0
338.125	0.0
338.25	0.0
338.375	0.0
338.5	0.0
338.625	0.0
338.75	0.0
338.875	0.0
339.0	0.0
339.125	0.0
339.25	0.0
339.375	0.0
339.5	0.0
339.625	0.0
339.75	0.0
339.875	0.0
340.0	0.0
340.125	0.0
340.25	0.0
340.375	0.0
340.5	0.0
340.625	0.0
340.75	0.0
340.875	0.0
341.0	0.0
341.125	0.0
341.25	0.0
341.375	0.0
341.5	0.0
341.625	0.0
341.75	0.0
341.875	0.0
342.0	0.0
342.125	0.0
342.25	0.0
342.375	0.0
342.5	0.0
342.625	0.0
342.75	0.0
342.875	0.0
343.0	0.0
343.125	0.0
343.25	0.0
343.375	0.0
343.5	0.0
343.625	0.0
343.75	0.0
343.875	0.0
344.0	0.0
344.125	0.0
344.25	0.0
344.375	0.0
344.5	0.0
344.625	0.0
344.75	0.0
344.875	0.0
345.0	0.0
345.125	0.0
345.25	0.0
345.375	0.0
345.5	0.0
345.625	0.0
345.75	0.0
345.875	0.0
346.0	0.0
346.125	0.0
346.25	0.0
346.375	0.0
346.5	0.0
346.625	0.0
346.75	0.0
346.875	0.0
347.0	0.0
347.125	0.0
347.25	0.0
347.375	0.0
347.5	0.0
347.625	0.0
347.75	0.0
347.875	0.0
348.0	0.0
348.125	0.0
348.25	0.0
348.375	0.0
348.5	0.0
348.625	0.0
348.75	0.0
348.875	0.0
349.0	0.0
349.125	0.0
349.25	0.0
349.375	0.0
349.5	0.0
349.625	0.0
349.75	0.0
349.875	0.0
350.0	0.0
350.125	0.0
350.25	0.0
350.375	0.0
350.5	0.0
350.625	0.0
350.75	0.0
350.875	0.0
351.0	0.0
351.125	0.0
351.25	0.0
351.375	0.0
351.5	0.0
351.625	0.0
351.75	0.0
351.875	0.0
352.0	0.0
352.125	0.0
352.25	0.0
352.375	0.0
352.5	0.0
352.625	0.0
352.75	0.0
352.875	0.0
353.0	0.0
353.125	0.0
353.25	0.0
353.375	0.0
353.5	0.0
353.625	0.0
353.75	0.0
353.875	0.0
354.0	0.0
354.125	0.0
354.25	0.0
354.375	0.0
354.5	0.0
354.625	0.0
354.75	0.0
354.875	0.0
355.0	0.0
355.125	0.0
355.25	0.0
355.375	0.0
355.5	0.0
355.625	0.0
355.75	0.0
355.875	0.0
356.0	0.0
356.125	0.0
356.25	0.0
356.375	0.0
356.5	0.0
356.625	0.0
356.75	0.0
356.875	0.0
357.0	0.0
357.125	0.0
357.25	0.0
357.375	0.0
357.5	0.0
357.625	0.0
357.75	0.0
357.875	0.0
358.0	0.0
358.125	0.0
358.25	0.0
358.375	0.0
358.5	0.0
358.625	0.0
358.75	0.0
358.875	0.0
359.0	0.0
359.125	0.0
359.25	0.0
359.375	0.0
359.5	0.0
359.625	0.0
359.75	0.0
359.875	0.0
360.0	0.0
360.125	0.0
360.25	0.0
360.375	0.0
360.5	0.0
360.625	0.0
360.75	0.0
360.875	0.0
361.0	0.0
361.125	0.0
361.25	0.0
361.375	0.0
361.5	0.0
361.625	0.0
361.75	0.0
361.875	0.0
362.0	0.0
362.125	0.0
362.25	0.0
362.375	0.0
362.5	0.0
362.625	0.0
362.75	0.0
362.875	0.0
363.0	0.0
363.125	0.0
363.25	0.0
363.375	0.0
363.5	0.0
363.625	0.0
363.75	0.0
363.875	0.0
364.0	0.0
364.125	0.0
364.25	0.0
364.375	0.0
364.5	0.0
364.625	0.0
364.75	0.0
364.875	0.0
365.0	0.0
365.125	0.0
365.25	0.0
365.375	0.0
365.5	0.0
365.625	0.0
365.75	0.0
365.875	0.0
366.0	0.0
366.125	0.0
366.25	0.0
366.375	0.0
366.5	0.0
366.625	0.0
366.75	0.0
366.875	0.0
367.0	0.0
367.125	0.0
367.25	0.0
367.375	0.0
367.5	0.0
367.625	0.0
367.75	0.0
367.875	0.0
368.0	0.0
368.125	0.0
368.25	0.0
368.375	0.0
368.5	0.0
368.625	0.0
368.75	0.0
368.875	0.0
369.0	0.0
369.125	0.0
369.25	0.0
369.375	0.0
369.5	0.0
369.625	0.0
369.75	0.0
369.875	0.0
370.0	0.0
370.125	0.0
370.25	0.0
370.375	0.0
370.5	0.0
370.625	0.0
370.75	0.0
370.875	0.0
371.0	0.0
371.125	0.0
371.25	0.0
371.375	0.0
371.5	0.0
371.625	0.0
371.75	0.0
371.875	0.0
372.0	0.0
372.125	0.0
372.25	0.0
372.375	0.0
372.5	0.0
372.625	0.0
372.75	0.0
372.875	0.0
373.0	0.0
373.125	0.0
373.25	0.0
373.375	0.0
373.5	0.0
373.625	0.0
373.75	0.0
373.875	0.0
374.0	0.0
374.125	0.0
374.25	0.0
374.375	0.0
374.5	0.0
374.625	0.0
374.75	0.0
374.875	0.0
375.0	0.0
375.125	0.0
375.25	0.0
375.375	0.0
375.5	0.0
375.625	0.0
375.75	0.0
375.875	0.0
376.0	0.0
376.125	0.0
376.25	0.0
376.375	0.0
376.5	0.0
376.625	0.0
376.75	0.0
376.875	0.0
377.0	0.0
377.125	0.0
377.25	0.0
377.375	0.0
377.5	0.0
377.625	0.0
377.75	0.0
377.875	0.0
378.0	0.0
378.125	0.0
378.25	0.0
378.375	0.0
378.5	0.0
378.625	0.0
378.75	0.0
378.875	0.0
379.0	0.0
379.125	0.0
379.25	0.0
379.375	0.0
379.5	0.0
379.625	0.0
379.75	0.0
379.875	0.0
380.0	0.0
380.125	0.0
380.25	0.0
380.375	0.0
380.5	0.0
380.625	0.0
380.75	0.0
380.875	0.0
381.0	0.0
381.125	0.0
381.25	0.0
381.375	0.0
381.5	0.0
381.625	0.0
381.75	0.0
381.875	0.0
382.0	0.0
382.125	0.0
382.25	0.0
382.375	0.0
382.5	0.0
382.625	0.0
382.75	0.0
382.875	0.0
383.0	0.0
383.125	0.0
383.25	0.0
383.375	0.0
383.5	0.0
383.625	0.0
383.75	0.0
383.875	0.0
384.0	0.0
384.125	0.0
384.25	0.0
384.375	0.0
384.5	0.0
384.625	0.0
384.75	0.0
384.875	0.0
385.0	0.0
385.125	0.0
385.25	0.0
385.375	0.0
385.5	0.0
385.625	0.0
385.75	0.0
385.875	0.0
386.0	0.0
386.125	0.0
386.25	0.0
386.375	0.0
386.5	0.0
386.625	0.0
386.75	0.0
386.875	0.0
387.0	0.0
387.125	0.0
387.25	0.0
387.375	0.0
387.5	0.0
387.625	0.0
387.75	0.0
387.875	0.0
388.0	0.0
388.125	0.0
388.25	0.0
388.375	0.0
388.5	0.0
388.625	0.0
388.75	0.0
388.875	0.0
389.0	0.0
389.125	0.0
389.25	0.0
389.375	0.0
389.5	0.0
389.625	0.0
389.75	0.0
389.875	0.0
390.0	0.0
390.125	0.0
390.25	0.0
390.375	0.0
390.5	0.0
390.625	0.0
390.75	0.0
390.875	0.0
391.0	0.0
391.125	0.0
391.25	0.0
391.375	0.0
391.5	0.0
391.625	0.0
391.75	0.0
391.875	0.0
392.0	0.0
392.125	0.0
392.25	0.0
392.375	0.0
392.5	0.0
392.625	0.0
392.75	0.0
392.875	0.0
393.0	0.0
393.125	0.0
393.25	0.0
393.375	0.0
393.5	0.0
393.625	0.0
393.75	0.0
393.875	0.0
394.0	0.0
394.125	0.0
394.25	0.0
394.375	0.0
394.5	0.0
394.625	0.0
394.75	0.0
394.875	0.0
395.0	0.0
395.125	0.0
395.25	0.0
395.375	0.0
395.5	0.0
395.625	0.0
395.75	0.0
395.875	0.0
396.0	0.0
396.125	0.0
396.25	0.0
396.375	0.0
396.5	0.0
396.625	0.0
396.75	0.0
396.875	0.0
397.0	0.0
397.125	0.0
397.25	0.0
397.375	0.0
397.5	0.0
397.625	0.0
397.75	0.0
397.875	0.0
398.0	0.0
398.125	0.0
398.25	0.0
398.375	0.0
398.5	0.0
398.625	0.0
398.75	0.0
398.875	0.0
399.0	0.0
399.125	0.0
399.25	0.0
399.375	0.0
399.5	0.0
399.625	0.0
399.75	0.0
399.875	0.0
400.0	0.0
400.125	0.0
400.25	0.0
400.375	0.0
400.5	0.0
400.625	0.0
400.75	0.0
400.875	0.0
401.0	0.0
401.125	0.0
401.25	0.0
401.375	0.0
401.5	0.0
401.625	0.0
401.75	0.0
401.875	0.0
402.0	0.0
402.125	0.0
402.25	0.0
402.375	0.0
402.5	0.0
402.625	0.0
402.75	0.0
402.875	0.0
403.0	0.0
403.125	0.0
403.25	0.0
403.375	0.0
403.5	0.0
403.625	0.0
403.75	0.0
403.875	0.0
404.0	0.0
404.125	0.0
404.25	0.0
404.375	0.0
404.5	0.0
404.625	0.0
404.75	0.0
404.875	0.0
405.0	0.0
405.125	0.0
405.25	0.0
405.375	0.0
405.5	0.0
405.625	0.0
405.75	0.0
405.875	0.0
406.0	0.0
406.125	0.0
406.25	0.0
406.375	0.0
406.5	0.0
406.625	0.0
406.75	0.0
406.875	0.0
407.0	0.0
407.125	0.0
407.25	0.0
407.375	0.0
407.5	0.0
407.625	0.0
407.75	0.0
407.875	0.0
408.0	0.0
408.125	0.0
408.25	0.0
408.375	0.0
408.5	0.0
408.625	0.0
408.75	0.0
408.875	0.0
409.0	0.0
409.125	0.0
409.25	0.0
409.375	0.0
409.5	0.0
409.625	0.0
409.75	0.0
409.875	0.0
410.0	0.0
410.125	0.0
410.25	0.0
410.375	0.0
410.5	0.0
410.625	0.0
410.75	0.0
410.875	0.0
411.0	0.0
411.125	0.0
411.25	0.0
411.375	0.0
411.5	0.0
411.625	0.0
411.75	0.0
411.875	0.0
412.0	0.0
412.125	0.0
412.25	0.0
412.375	0.0
412.5	0.0
412.625	0.0
412.75	0.0
412.875	0.0
413.0	0.0
413.125	0.0
413.25	0.0
413.375	0.0
413.5	0.0
413.625	0.0
413.75	0.0
413.875	0.0
414.0	0.0
414.125	0.0
414.25	0.0
414.375	0.0
414.5	0.0
414.625	0.0
414.75	0.0
414.875	0.0
415.0	0.0
415.125	0.0
415.25	0.0
415.375	0.0
415.5	0.0
415.625	0.0
415.75	0.0
415.875	0.0
416.0	0.0
416.125	0.0
416.25	0.0
416.375	0.0
416.5	0.0
416.625	0.0
416.75	0.0
416.875	0.0
417.0	0.0
417.125	0.0
417.25	0.0
417.375	0.0
417.5	0.0
417.625	0.0
417.75	0.0
417.875	0.0
418.0	0.0
418.125	0.0
418.25	0.0
418.375	0.0
418.5	0.0
418.625	0.0
418.75	0.0
418.875	0.0
419.0	0.0
419.125	0.0
419.25	0.0
419.375	0.0
419.5	0.0
419.625	0.0
419.75	0.0
419.875	0.0
420.0	0.0
420.125	0.0
420.25	0.0
420.375	0.0
420.5	0.0
420.625	0.0
420.75	0.0
420.875	0.0
421.0	0.0
421.125	0.0
421.25	0.0
421.375	0.0
421.5	0.0
421.625	0.0
421.75	0.0
421.875	0.0
422.0	0.0
422.125	0.0
422.25	0.0
422.375	0.0
422.5	0.0
422.625	0.0
422.75	0.0
422.875	0.0
423.0	0.0
423.125	0.0
423.25	0.0
423.375	0.0
423.5	0.0
423.625	0.0
423.75	0.0
423.875	0.0
424.0	0.0
424.125	0.0
424.25	0.0
424.375	0.0
424.5	0.0
424.625	0.0
424.75	0.0
424.875	0.0
425.0	0.0
425.125	0.0
425.25	0.0
425.375	0.0
425.5	0.0
425.625	0.0
425.75	0.0
425.875	0.0
426.0	0.0
426.125	0.0
426.25	0.0
426.375	0.0
426.5	0.0
426.625	0.0
426.75	0.0
426.875	0.0
427.0	0.0
427.125	0.0
427.25	0.0
427.375	0.0
427.5	0.0
427.625	0.0
427.75	0.0
427.875	0.0
428.0	0.0
428.125	0.0
428.25	0.0
428.375	0.0
428.5	0.0
428.625	0.0
428.75	0.0
428.875	0.0
429.0	0.0
429.125	0.0
429.25	0.0
429.375	0.0
429.5	0.0
429.625	0.0
429.75	0.0
429.875	0.0
430.0	0.0
430.125	0.0
430.25	0.0
430.375	0.0
430.5	0.0
430.625	0.0
430.75	0.0
430.875	0.0
431.0	0.0
431.125	0.0
431.25	0.0
431.375	0.0
431.5	0.0
431.625	0.0
431.75	0.0
431.875	0.0
432.0	0.0
432.125	0.0
432.25	0.0
432.375	0.0
432.5	0.0
432.625	0.0
432.75	0.0
432.875	0.0
433.0	0.0
433.125	0.0
433.25	0.0
433.375	0.0
433.5	0.0
433.625	0.0
433.75	0.0
433.875	0.0
434.0	0.0
434.125	0.0
434.25	0.0
434.375	0.0
434.5	0.0
434.625	0.0
434.75	0.0
434.875	0.0
435.0	0.0
435.125	0.0
435.25	0.0
435.375	0.0
435.5	0.0
435.625	0.0
435.75	0.0
435.875	0.0
436.0	0.0
436.125	0.0
436.25	0.0
436.375	0.0
436.5	0.0
436.625	0.0
436.75	0.0
436.875	0.0
437.0	0.0
437.125	0.0
437.25	0.0
437.375	0.0
437.5	0.0
437.625	0.0
437.75	0.0
437.875	0.0
438.0	0.0
438.125	0.0
438.25	0.0
438.375	0.0
438.5	0.0
438.625	0.0
438.75	0.0
438.875	0.0
439.0	0.0
439.125	0.0
439.25	0.0
439.375	0.0
439.5	0.0
439.625	0.0
439.75	0.0
439.875	0.0
440.0	0.0
440.125	0.0
440.25	0.0
440.375	0.0
440.5	0.0
440.625	0.0
440.75	0.0
440.875	0.0
441.0	0.0
441.125	0.0
441.25	0.0
441.375	0.0
441.5	0.0
441.625	0.0
441.75	0.0
441.875	0.0
442.0	0.0
442.125	0.0
442.25	0.0
442.375	0.0
442.5	0.0
442.625	0.0
442.75	0.0
442.875	0.0
443.0	0.0
443.125	0.0
443.25	0.0
443.375	0.0
443.5	0.0
443.625	0.0
443.75	0.0
443.875	0.0
444.0	0.0
444.125	0.0
444.25	0.0
444.375	0.0
444.5	0.0
444.625	0.0
444.75	0.0
444.875	0.0
445.0	0.0
445.125	0.0
445.25	0.0
445.375	0.0
445.5	0.0
445.625	0.0
445.75	0.0
445.875	0.0
446.0	0.0
446.125	0.0
446.25	0.0
446.375	0.0
446.5	0.0
446.625	0.0
446.75	0.0
446.875	0.0
447.0	0.0
447.125	0.0
447.25	0.0
447.375	0.0
447.5	0.0
447.625	0.0
447.75	0.0
447.875	0.0
448.0	0.0
448.125	0.0
448.25	0.0
448.375	0.0
448.5	0.0
448.625	0.0
448.75	0.0
448.875	0.0
449.0	0.0
449.125	0.0
449.25	0.0
449.375	0.0
449.5	0.0
449.625	0.0
449.75	0.0
449.875	0.0
450.0	0.0
450.125	0.0
450.25	0.0
450.375	0.0
450.5	0.0
450.625	0.0
450.75	0.0
450.875	0.0
451.0	0.0
451.125	0.0
451.25	0.0
451.375	0.0
451.5	0.0
451.625	0.0
451.75	0.0
451.875	0.0
452.0	0.0
452.125	0.0
452.25	0.0
452.375	0.0
452.5	0.0
452.625	0.0
452.75	0.0
452.875	0.0
453.0	0.0
453.125	0.0
453.25	0.0
453.375	0.0
453.5	0.0
453.625	0.0
453.75	0.0
453.875	0.0
454.0	0.0
454.125	0.0
454.25	0.0
454.375	0.0
454.5	0.0
454.625	0.0
454.75	0.0
454.875	0.0
455.0	0.0
455.125	0.0
455.25	0.0
455.375	0.0
455.5	0.0
455.625	0.0
455.75	0.0
455.875	0.0
456.0	0.0
456.125	0.0
456.25	0.0
456.375	0.0
456.5	0.0
456.625	0.0
456.75	0.0
456.875	0.0
457.0	0.0
457.125	0.0
457.25	0.0
457.375	0.0
457.5	0.0
457.625	0.0
457.75	0.0
457.875	0.0
458.0	0.0
458.125	0.0
458.25	0.0
458.375	0.0
458.5	0.0
458.625	0.0
458.75	0.0
458.875	0.0
459.0	0.0
459.125	0.0
459.25	0.0
459.375	0.0
459.5	0.0
459.625	0.0
459.75	0.0
459.875	0.0
460.0	0.0
460.125	0.0
460.25	0.0
460.375	0.0
460.5	0.0
460.625	0.0
460.75	0.0
460.875	0.0
461.0	0.0
461.125	0.0
461.25	0.0
461.375	0.0
461.5	0.0
461.625	0.0
461.75	0.0
461.875	0.0
462.0	0.0
462.125	0.0
462.25	0.0
462.375	0.0
462.5	0.0
462.625	0.0
462.75	0.0
462.875	0.0
463.0	0.0
463.125	0.0
463.25	0.0
463.375	0.0
463.5	0.0
463.625	0.0
463.75	0.0
463.875	0.0
464.0	0.0
464.125	0.0
464.25	0.0
464.375	0.0
464.5	0.0
464.625	0.0
464.75	0.0
464.875	0.0
465.0	0.0
465.125	0.0
465.25	0.0
465.375	0.0
465.5	0.0
465.625	0.0
465.75	0.0
465.875	0.0
466.0	0.0
466.125	0.0
466.25	0.0
466.375	0.0
466.5	0.0
466.625	0.0
466.75	0.0
466.875	0.0
467.0	0.0
467.125	0.0
467.25	0.0
467.375	0.0
467.5	0.0
467.625	0.0
467.75	0.0
467.875	0.0
468.0	0.0
468.125	0.0
468.25	0.0
468.375	0.0
468.5	0.0
468.625	0.0
468.75	0.0
468.875	0.0
469.0	0.0
469.125	0.0
469.25	0.0
469.375	0.0
469.5	0.0
469.625	0.0
469.75	0.0
469.875	0.0
470.0	0.0
470.125	0.0
470.25	0.0
470.375	0.0
470.5	0.0
470.625	0.0
470.75	0.0
470.875	0.0
471.0	0.0
471.125	0.0
471.25	0.0
471.375	0.0
471.5	0.0
471.625	0.0
471.75	0.0
471.875	0.0
472.0	0.0
472.125	0.0
472.25	0.0
472.375	0.0
472.5	0.0
472.625	0.0
472.75	0.0
472.875	0.0
473.0	0.0
473.125	0.0
473.25	0.0
473.375	0.0
473.5	0.0
473.625	0.0
473.75	0.0
473.875	0.0
474.0	0.0
474.125	0.0
474.25	0.0
474.375	0.0
474.5	0.0
474.625	0.0
474.75	0.0
474.875	0.0
475.0	0.0
475.125	0.0
475.25	0.0
475.375	0.0
475.5	0.0
475.625	0.0
475.75	0.0
475.875	0.0
476.0	0.0
476.125	0.0
476.25	0.0
476.375	0.0
476.5	0.0
476.625	0.0
476.75	0.0
476.875	0.0
477.0	0.0
477.125	0.0
477.25	0.0
477.375	0.0
477.5	0.0
477.625	0.0
477.75	0.0
477.875	0.0
478.0	0.0
478.125	0.0
478.25	0.0
478.375	0.0
478.5	0.0
478.625	0.0
478.75	0.0
478.875	0.0
479.0	0.0
479.125	0.0
479.25	0.0
479.375	0.0
479.5	0.0
479.625	0.0
479.75	0.0
479.875	0.0
480.0	0.0
480.125	0.0
480.25	0.0
480.375	0.0
480.5	0.0
480.625	0.0
480.75	0.0
480.875	0.0
481.0	0.0
481.125	0.0
481.25	0.0
481.375	0.0
481.5	0.0
481.625	0.0
481.75	0.0
481.875	0.0
482.0	0.0
482.125	0.0
482.25	0.0
482.375	0.0
482.5	0.0
482.625	0.0
482.75	0.0
482.875	0.0
483.0	0.0
483.125	0.0
483.25	0.0
483.375	0.0
483.5	0.0
483.625	0.0
483.75	0.0
483.875	0.0
484.0	0.0
484.125	0.0
484.25	0.0
484.375	0.0
484.5	0.0
484.625	0.0
484.75	0.0
484.875	0.0
485.0	0.0
485.125	0.0
485.25	0.0
485.375	0.0
485.5	0.0
485.625	0.0
485.75	0.0
485.875	0.0
486.0	0.0
486.125	0.0
486.25	0.0
486.375	0.0
486.5	0.0
486.625	0.0
486.75	0.0
486.875	0.0
487.0	0.0
487.125	0.0
487.25	0.0
487.375	0.0
487.5	0.0
487.625	0.0
487.75	0.0
487.875	0.0
488.0	0.0
488.125	0.0
488.25	0.0
488.375	0.0
488.5	0.0
488.625	0.0
488.75	0.0
488.875	0.0
489.0	0.0
489.125	0.0
489.25	0.0
489.375	0.0
489.5	0.0
489.625	0.0
489.75	0.0
489.875	0.0
490.0	0.0
490.125	0.0
490.25	0.0
490.375	0.0
490.5	0.0
490.625	0.0
490.75	0.0
490.875	0.0
491.0	0.0
491.125	0.0
491.25	0.0
491.375	0.0
491.5	0.0
491.625	0.0
491.75	0.0
491.875	0.0
492.0	0.0
492.125	0.0
492.25	0.0
492.375	0.0
492.5	0.0
492.625	0.0
492.75	0.0
492.875	0.0
493.0	0.0
493.125	0.0
493.25	0.0
493.375	0.0
493.5	0.0
493.625	0.0
493.75	0.0
493.875	0.0
494.0	0.0
494.125	0.0
494.25	0.0
494.375	0.0
494.5	0.0
494.625	0.0
494.75	0.0
494.875	0.0
495.0	0.0
495.125	0.0
495.25	0.0
495.375	0.0
495.5	0.0
495.625	0.0
495.75	0.0
495.875	0.0
496.0	0.0
496.125	0.0
496.25	0.0
496.375	0.0
496.5	0.0
496.625	0.0
496.75	0.0
496.875	0.0
497.0	0.0
497.125	0.0
497.25	0.0
497.375	0.0
497.5	0.0
497.625	0.0
497.75	0.0
497.875	0.0
498.0	0.0
498.125	0.0
498.25	0.0
498.375	0.0
498.5	0.0
498.625	0.0
498.75	0.0
498.875	0.0
499.0	0.0
499.125	0.0
499.25	0.0
499.375	0.0
499.5	0.0
499.625	0.0
499.75	0.0
499.875	0.0
500.0	0.0
500.125	0.0
500.25	0.0
500.375	0.0
500.5	0.0
500.625	0.0
500.75	0.0
500.875	0.0
501.0	0.0
501.125	0.0
501.25	0.0
501.375	0.0
501.5	0.0
501.625	0.0
501.75	0.0
501.875	0.0
502.0	0.0
502.125	0.0
502.25	0.0
502.375	0.0
502.5	0.0
502.625	0.0
502.75	0.0
502.875	0.0
503.0	0.0
503.125	0.0
503.25	0.0
503.375	0.0
503.5	0.0
503.625	0.0
503.75	0.0
503.875	0.0
504.0	0.0
504.125	0.0
504.25	0.0
504.375	0.0
504.5	0.0
504.625	0.0
504.75	0.0
504.875	0.0
505.0	0.0
505.125	0.0
505.25	0.0
505.375	0.0
505.5	0.0
505.625	0.0
505.75	0.0
505.875	0.0
506.0	0.0
506.125	0.0
506.25	0.0
506.375	0.0
506.5	0.0
506.625	0.0
506.75	0.0
506.875	0.0
507.0	0.0
507.125	0.0
507.25	0.0
507.375	0.0
507.5	0.0
507.625	0.0
507.75	0.0
507.875	0.0
508.0	0.0
508.125	0.0
508.25	0.0
508.375	0.0
508.5	0.0
508.625	0.0
508.75	0.0
508.875	0.0
509.0	0.0
509.125	0.0
509.25	0.0
509.375	0.0
509.5	0.0
509.625	0.0
509.75	0.0
509.875	0.0
510.0	0.0
510.125	0.0
510.25	0.0
510.375	0.0
510.5	0.0
510.625	0.0
510.75	0.0
510.875	0.0
511.0	0.0
511.125	0.0
511.25	0.0
511.375	0.0
511.5	0.0
511.625	0.0
511.75	0.0
511.875	0.0
512.0	0.0
512.125	0.0
512.25	0.0
512.375	0.0
512.5	0.0
512.625	0.0
512.75	0.0
512.875	0.0
513.0	0.0
513.125	0.0
513.25	0.0
513.375	0.0
513.5	0.0
513.625	0.0
513.75	0.0
513.875	0.0
514.0	0.0
514.125	0.0
514.25	0.0
514.375	0.0
514.5	0.0
514.625	0.0
514.75	0.0
514.875	0.0
515.0	0.0
515.125	0.0
515.25	0.0
515.375	0.0
515.5	0.0
515.625	0.0
515.75	0.0
515.875	0.0
516.0	0.0
516.125	0.0
516.25	0.0
516.375	0.0
516.5	0.0
516.625	0.0
516.75	0.0
516.875	0.0
517.0	0.0
517.125	0.0
517.25	0.0
517.375	0.0
517.5	0.0
517.625	0.0
517.75	0.0
517.875	0.0
518.0	0.0
518.125	0.0
518.25	0.0
518.375	0.0
518.5	0.0
518.625	0.0
518.75	0.0
518.875	0.0
519.0	0.0
519.125	0.0
519.25	0.0
519.375	0.0
519.5	0.0
519.625	0.0
519.75	0.0
519.875	0.0
520.0	0.0
520.125	0.0
520.25	0.0
520.375	0.0
520.5	0.0
520.625	0.0
520.75	0.0
520.875	0.0
521.0	0.0
521.125	0.0
521.25	0.0
521.375	0.0
521.5	0.0
521.625	0.0
521.75	0.0
521.875	0.0
522.0	0.0
522.125	0.0
522.25	0.0
522.375	0.0
522.5	0.0
522.625	0.0
522.75	0.0
522.875	0.0
523.0	0.0
523.125	0.0
523.25	0.0
523.375	0.0
523.5	0.0
523.625	0.0
523.75	0.0
523.875	0.0
524.0	0.0
524.125	0.0
524.25	0.0
524.375	0.0
524.5	0.0
524.625	0.0
524.75	0.0
524.875	0.0
525.0	0.0
525.125	0.0
525.25	0.0
525.375	0.0
525.5	0.0
525.625	0.0
525.75	0.0
525.875	0.0
526.0	0.0
526.125	0.0
526.25	0.0
526.375	0.0
526.5	0.0
526.625	0.0
526.75	0.0
526.875	0.0
527.0	0.0
527.125	0.0
527.25	0.0
527.375	0.0
527.5	0.0
527.625	0.0
527.75	0.0
527.875	0.0
528.0	0.0
528.125	0.0
528.25	0.0
528.375	0.0
528.5	0.0
528.625	0.0
528.75	0.0
528.875	0.0
529.0	0.0
529.125	0.0
529.25	0.0
529.375	0.0
529.5	0.0
529.625	0.0
529.75	0.0
529.875	0.0
530.0	0.0
530.125	0.0
530.25	0.0
530.375	0.0
530.5	0.0
530.625	0.0
530.75	0.0
530.875	0.0
531.0	0.0
531.125	0.0
531.25	0.0
531.375	0.0
531.5	0.0
531.625	0.0
531.75	0.0
531.875	0.0
532.0	0.0
532.125	0.0
532.25	0.0
532.375	0.0
532.5	0.0
532.625	0.0
532.75	0.0
532.875	0.0
533.0	0.0
533.125	0.0
533.25	0.0
533.375	0.0
533.5	0.0
533.625	0.0
533.75	0.0
533.875	0.0
534.0	0.0
534.125	0.0
534.25	0.0
534.375	0.0
534.5	0.0
534.625	0.0
534.75	0.0
534.875	0.0
535.0	0.0
535.125	0.0
535.25	0.0
535.375	0.0
535.5	0.0
535.625	0.0
535.75	0.0
535.875	0.0
536.0	0.0
536.125	0.0
536.25	0.0
536.375	0.0
536.5	0.0
536.625	0.0
536.75	0.0
536.875	0.0
537.0	0.0
537.125	0.0
537.25	0.0
537.375	0.0
537.5	0.0
537.625	0.0
537.75	0.0
537.875	0.0
538.0	0.0
538.125	0.0
538.25	0.0
538.375	0.0
538.5	0.0
538.625	0.0
538.75	0.0
538.875	0.0
539.0	0.0
539.125	0.0
539.25	0.0
539.375	0.0
539.5	0.0
539.625	0.0
539.75	0.0
539.875	0.0
540.0	0.0
540.125	0.0
540.25	0.0
540.375	0.0
540.5	0.0
540.625	0.0
540.75	0.0
540.875	0.0
541.0	0.0
541.125	0.0
541.25	0.0
541.375	0.0
541.5	0.0
541.625	0.0
541.75	0.0
541.875	0.0
542.0	0.0
542.125	0.0
542.25	0.0
542.375	0.0
542.5	0.0
542.625	0.0
542.75	0.0
542.875	0.0
543.0	0.0
543.125	0.0
543.25	0.0
543.375	0.0
543.5	0.0
543.625	0.0
543.75	0.0
543.875	0.0
544.0	0.0
544.125	0.0
544.25	0.0
544.375	0.0
544.5	0.0
544.625	0.0
544.75	0.0
544.875	0.0
545.0	0.0
545.125	0.0
545.25	0.0
545.375	0.0
545.5	0.0
545.625	0.0
545.75	0.0
545.875	0.0
546.0	0.0
546.125	0.0
546.25	0.0
546.375	0.0
546.5	0.0
546.625	0.0
546.75	0.0
546.875	0.0
547.0	0.0
547.125	0.0
547.25	0.0
547.375	0.0
547.5	0.0
547.625	0.0
547.75	0.0
547.875	0.0
548.0	0.0
548.125	0.0
548.25	0.0
548.375	0.0
548.5	0.0
548.625	0.0
548.75	0.0
548.875	0.0
549.0	0.0
549.125	0.0
549.25	0.0
549.375	0.0
549.5	0.0
549.625	0.0
549.75	0.0
549.875	0.0
550.0	0.0
550.125	0.0
550.25	0.0
550.375	0.0
550.5	0.0
550.625	0.0
550.75	0.0
550.875	0.0
551.0	0.0
551.125	0.0
551.25	0.0
551.375	0.0
551.5	0.0
551.625	0.0
551.75	0.0
551.875	0.0
552.0	0.0
552.125	0.0
552.25	0.0
552.375	0.0
552.5	0.0
552.625	0.0
552.75	0.0
552.875	0.0
553.0	0.0
553.125	0.0
553.25	0.0
553.375	0.0
553.5	0.0
553.625	0.0
553.75	0.0
553.875	0.0
554.0	0.0
554.125	0.0
554.25	0.0
554.375	0.0
554.5	0.0
554.625	0.0
554.75	0.0
554.875	0.0
555.0	0.0
555.125	0.0
555.25	0.0
555.375	0.0
555.5	0.0
555.625	0.0
555.75	0.0
555.875	0.0
556.0	0.0
556.125	0.0
556.25	0.0
556.375	0.0
556.5	0.0
556.625	0.0
556.75	0.0
556.875	0.0
557.0	0.0
557.125	0.0
557.25	0.0
557.375	0.0
557.5	0.0
557.625	0.0
557.75	0.0
557.875	0.0
558.0	0.0
558.125	0.0
558.25	0.0
558.375	0.0
558.5	0.0
558.625	0.0
558.75	0.0
558.875	0.0
559.0	0.0
559.125	0.0
559.25	0.0
559.375	0.0
559.5	0.0
559.625	0.0
559.75	0.0
559.875	0.0
560.0	0.0
560.125	0.0
560.25	0.0
560.375	0.0
560.5	0.0
560.625	0.0
560.75	0.0
560.875	0.0
561.0	0.0
561.125	0.0
561.25	0.0
561.375	0.0
561.5	0.0
561.625	0.0
561.75	0.0
561.875	0.0
562.0	0.0
562.125	0.0
562.25	0.0
562.375	0.0
562.5	0.0
562.625	0.0
562.75	0.0
562.875	0.0
563.0	0.0
563.125	0.0
563.25	0.0
563.375	0.0
563.5	0.0
563.625	0.0
563.75	0.0
563.875	0.0
564.0	0.0
564.125	0.0
564.25	0.0
564.375	0.0
564.5	0.0
564.625	0.0
564.75	0.0
564.875	0.0
565.0	0.0
565.125	0.0
565.25	0.0
565.375	0.0
565.5	0.0
565.625	0.0
565.75	0.0
565.875	0.0
566.0	0.0
566.125	0.0
566.25	0.0
566.375	0.0
566.5	0.0
566.625	0.0
566.75	0.0
566.875	0.0
567.0	0.0
567.125	0.0
567.25	0.0
567.375	0.0
567.5	0.0
567.625	0.0
567.75	0.0
567.875	0.0
568.0	0.0
568.125	0.0
568.25	0.0
568.375	0.0
568.5	0.0
568.625	0.0
568.75	0.0
568.875	0.0
569.0	0.0
569.125	0.0
569.25	0.0
569.375	0.0
569.5	0.0
569.625	0.0
569.75	0.0
569.875	0.0
570.0	0.0
570.125	0.0
570.25	0.0
570.375	0.0
570.5	0.0
570.625	0.0
570.75	0.0
570.875	0.0
571.0	0.0
571.125	0.0
571.25	0.0
571.375	0.0
571.5	0.0
571.625	0.0
571.75	0.0
571.875	0.0
572.0	0.0
572.125	0.0
572.25	0.0
572.375	0.0
572.5	0.0
572.625	0.0
572.75	0.0
572.875	0.0
573.0	0.0
573.125	0.0
573.25	0.0
573.375	0.0
573.5	0.0
573.625	0.0
573.75	0.0
573.875	0.0
574.0	0.0
574.125	0.0
574.25	0.0
574.375	0.0
574.5	0.0
574.625	0.0
574.75	0.0
574.875	0.0
575.0	0.0
575.125	0.0
575.25	0.0
575.375	0.0
575.5	0.0
575.625	0.0
575.75	0.0
575.875	0.0
576.0	0.0
576.125	0.0
576.25	0.0
576.375	0.0
576.5	0.0
576.625	0.0
576.75	0.0
576.875	0.0
577.0	0.0
577.125	0.0
577.25	0.0
577.375	0.0
577.5	0.0
577.625	0.0
577.75	0.0
577.875	0.0
578.0	0.0
578.125	0.0
578.25	0.0
578.375	0.0
578.5	0.0
578.625	0.0
578.75	0.0
578.875	0.0
579.0	0.0
579.125	0.0
579.25	0.0
579.375	0.0
579.5	0.0
579.625	0.0
579.75	0.0
579.875	0.0
580.0	0.0
580.125	0.0
580.25	0.0
580.375	0.0
580.5	0.0
580.625	0.0
580.75	0.0
580.875	0.0
581.0	0.0
581.125	0.0
581.25	0.0
581.375	0.0
581.5	0.0
581.625	0.0
581.75	0.0
581.875	0.0
582.0	0.0
582.125	0.0
582.25	0.0
582.375	0.0
582.5	0.0
582.625	0.0
582.75	0.0
582.875	0.0
583.0	0.0
583.125	0.0
583.25	0.0
583.375	0.0
583.5	0.0
583.625	0.0
583.75	0.0
583.875	0.0
584.0	0.0
584.125	0.0
584.25	0.0
584.375	0.0
584.5	0.0
584.625	0.0
584.75	0.0
584.875	0.0
585.0	0.0
585.125	0.0
585.25	0.0
585.375	0.0
585.5	0.0
585.625	0.0
585.75	0.0
585.875	0.0
586.0	0.0
586.125	0.0
586.25	0.0
586.375	0.0
586.5	0.0
586.625	0.0
586.75	0.0
586.875	0.0
587.0	0.0
587.125	0.0
587.25	0.0
587.375	0.0
587.5	0.0
587.625	0.0
587.75	0.0
587.875	0.0
588.0	0.0
588.125	0.0
588.25	0.0
588.375	0.0
588.5	0.0
588.625	0.0
588.75	0.0
588.875	0.0
589.0	0.0
589.125	0.0
589.25	0.0
589.375	0.0
589.5	0.0
589.625	0.0
589.75	0.0
589.875	0.0
590.0	0.0
590.125	0.0
590.25	0.0
590.375	0.0
590.5	0.0
590.625	0.0
590.75	0.0
590.875	0.0
591.0	0.0
591.125	0.0
591.25	0.0
591.375	0.0
591.5	0.0
591.625	0.0
591.75	0.0
591.875	0.0
592.0	0.0
592.125	0.0
592.25	0.0
592.375	0.0
592.5	0.0
592.625	0.0
592.75	0.0
592.875	0.0
593.0	0.0
593.125	0.0
593.25	0.0
593.375	0.0
593.5	0.0
593.625	0.0
593.75	0.0
593.875	0.0
594.0	0.0
594.125	0.0
594.25	0.0
594.375	0.0
594.5	0.0
594.625	0.0
594.75	0.0
594.875	0.0
595.0	0.0
595.125	0.0
595.25	0.0
595.375	0.0
595.5	0.0
595.625	0.0
595.75	0.0
595.875	0.0
596.0	0.0
596.125	0.0
596.25	0.0
596.375	0.0
596.5	0.0
596.625	0.0
596.75	0.0
596.875	0.0
597.0	0.0
597.125	0.0
597.25	0.0
597.375	0.0
597.5	0.0
597.625	0.0
597.75	0.0
597.875	0.0
598.0	0.0
598.125	0.0
598.25	0.0
598.375	0.0
598.5	0.0
598.625	0.0
598.75	0.0
598.875	0.0
599.0	0.0
599.125	0.0
599.25	0.0
599.375	0.0
599.5	0.0
599.625	0.0
599.75	0.0
599.875	0.0
600.0	0.0
600.125	0.0
600.25	0.0
600.375	0.0
600.5	0.0
600.625	0.0
600.75	0.0
600.875	0.0
601.0	0.0
601.125	0.0
601.25	0.0
601.375	0.0
601.5	0.0
601.625	0.0
601.75	0.0
601.875	0.0
602.0	0.0
602.125	0.0
602.25	0.0
602.375	0.0
602.5	0.0
602.625	0.0
602.75	0.0
602.875	0.0
603.0	0.0
603.125	0.0
603.25	0.0
603.375	0.0
603.5	0.0
603.625	0.0
603.75	0.0
603.875	0.0
604.0	0.0
604.125	0.0
604.25	0.0
604.375	0.0
604.5	0.0
604.625	0.0
604.75	0.0
604.875	0.0
605.0	0.0
605.125	0.0
605.25	0.0
605.375	0.0
605.5	0.0
605.625	0.0
605.75	0.0
605.875	0.0
606.0	0.0
606.125	0.0
606.25	0.0
606.375	0.0
606.5	0.0
606.625	0.0
606.75	0.0
606.875	0.0
607.0	0.0
607.125	0.0
607.25	0.0
607.375	0.0
607.5	0.0
607.625	0.0
607.75	0.0
607.875	0.0
608.0	0.0
608.125	0.0
608.25	0.0
608.375	0.0
608.5	0.0
608.625	0.0
608.75	0.0
608.875	0.0
609.0	0.0
609.125	0.0
609.25	0.0
609.375	0.0
609.5	0.0
609.625	0.0
609.75	0.0
609.875	0.0
610.0	0.0
610.125	0.0
610.25	0.0
610.375	0.0
610.5	0.0
610.625	0.0
610.75	0.0
610.875	0.0
611.0	0.0
611.125	0.0
611.25	0.0
611.375	0.0
611.5	0.0
611.625	0.0
611.75	0.0
611.875	0.0
612.0	0.0
612.125	0.0
612.25	0.0
612.375	0.0
612.5	0.0
612.625	0.0
612.75	0.0
612.875	0.0
613.0	0.0
613.125	0.0
613.25	0.0
613.375	0.0
613.5	0.0
613.625	0.0
613.75	0.0
613.875	0.0
614.0	0.0
614.125	0.0
614.25	0.0
614.375	0.0
614.5	0.0
614.625	0.0
614.75	0.0
614.875	0.0
615.0	0.0
615.125	0.0
615.25	0.0
615.375	0.0
615.5	0.0
615.625	0.0
615.75	0.0
615.875	0.0
616.0	0.0
616.125	0.0
616.25	0.0
616.375	0.0
616.5	0.0
616.625	0.0
616.75	0.0
616.875	0.0
617.0	0.0
617.125	0.0
617.25	0.0
617.375	0.0
617.5	0.0
617.625	0.0
617.75	0.0
617.875	0.0
618.0	0.0
618.125	0.0
618.25	0.0
618.375	0.0
618.5	0.0
618.625	0.0
618.75	0.0
618.875	0.0
619.0	0.0
619.125	0.0
619.25	0.0
619.375	0.0
619.5	0.0
619.625	0.0
619.75	0.0
619.875	0.0
620.0	0.0
620.125	0.0
620.25	0.0
620.375	0.0
620.5	0.0
620.625	0.0
620.75	0.0
620.875	0.0
621.0	0.0
621.125	0.0
621.25	0.0
621.375	0.0
621.5	0.0
621.625	0.0
621.75	0.0
621.875	0.0
622.0	0.0
622.125	0.0
622.25	0.0
622.375	0.0
622.5	0.0
622.625	0.0
622.75	0.0
622.875	0.0
623.0	0.0
623.125	0.0
623.25	0.0
623.375	0.0
623.5	0.0
623.625	0.0
623.75	0.0
623.875	0.0
624.0	0.0
624.125	0.0
624.25	0.0
624.375	0.0
624.5	0.0
624.625	0.0
624.75	0.0
624.875	0.0
625.0	0.0
625.125	0.0
625.25	0.0
625.375	0.0
625.5	0.0
625.625	0.0
625.75	0.0
625.875	0.0
626.0	0.0
626.125	0.0
626.25	0.0
626.375	0.0
626.5	0.0
626.625	0.0
626.75	0.0
626.875	0.0
627.0	0.0
627.125	0.0
627.25	0.0
627.375	0.0
627.5	0.0
627.625	0.0
627.75	0.0
627.875	0.0
628.0	0.0
628.125	0.0
628.25	0.0
628.375	0.0
628.5	0.0
628.625	0.0
628.75	0.0
628.875	0.0
629.0	0.0
629.125	0.0
629.25	0.0
629.375	0.0
629.5	0.0
629.625	0.0
629.75	0.0
629.875	0.0
630.0	0.0
630.125	0.0
630.25	0.0
630.375	0.0
630.5	0.0
630.625	0.0
630.75	0.0
630.875	0.0
631.0	0.0
631.125	0.0
631.25	0.0
631.375	0.0
631.5	0.0
631.625	0.0
631.75	0.0
631.875	0.0
632.0	0.0
632.125	0.0
632.25	0.0
632.375	0.0
632.5	0.0
632.625	0.0
632.75	0.0
632.875	0.0
633.0	0.0
633.125	0.0
633.25	0.0
633.375	0.0
633.5	0.0
633.625	0.0
633.75	0.0
633.875	0.0
634.0	0.0
634.125	0.0
634.25	0.0
634.375	0.0
634.5	0.0
634.625	0.0
634.75	0.0
634.875	0.0
635.0	0.0
635.125	0.0
635.25	0.0
635.375	0.0
635.5	0.0
635.625	0.0
635.75	0.0
635.875	0.0
636.0	0.0
636.125	0.0
636.25	0.0
636.375	0.0
636.5	0.0
636.625	0.0
636.75	0.0
636.875	0.0
637.0	0.0
637.125	0.0
637.25	0.0
637.375	0.0
637.5	0.0
637.625	0.0
637.75	0.0
637.875	0.0
638.0	0.0
638.125	0.0
638.25	0.0
638.375	0.0
638.5	0.0
638.625	0.0
638.75	0.0
638.875	0.0
639.0	0.0
639.125	0.0
639.25	0.0
639.375	0.0
639.5	0.0
639.625	0.0
639.75	0.0
639.875	0.0
640.0	0.0
640.125	0.0
640.25	0.0
640.375	0.0
640.5	0.0
640.625	0.0
640.75	0.0
640.875	0.0
641.0	0.0
641.125	0.0
641.25	0.0
641.375	0.0
641.5	0.0
641.625	0.0
641.75	0.0
641.875	0.0
642.0	0.0
642.125	0.0
642.25	0.0
642.375	0.0
642.5	0.0
642.625	0.0
642.75	0.0
642.875	0.0
643.0	0.0
643.125	0.0
643.25	0.0
643.375	0.0
643.5	0.0
643.625	0.0
643.75	0.0
643.875	0.0
644.0	0.0
644.125	0.0
644.25	0.0
644.375	0.0
644.5	0.0
644.625	0.0
644.75	0.0
644.875	0.0
645.0	0.0
645.125	0.0
645.25	0.0
645.375	0.0
645.5	0.0
645.625	0.0
645.75	0.0
645.875	0.0
646.0	0.0
646.125	0.0
646.25	0.0
646.375	0.0
646.5	0.0
646.625	0.0015
646.75	0.0031
646.875	0.0023
647.0	0.0015
647.125	7.0E-4
647.25	0.0023
647.375	0.0023
647.5	0.0015
647.625	0.0023
647.75	0.0023
647.875	0.0
648.0	0.0031
648.125	0.0031
648.25	0.0023
648.375	7.0E-4
648.5	0.0
648.625	0.0015
648.75	0.0023
648.875	0.0031
649.0	0.0015
649.125	0.0015
649.25	0.0039
649.375	0.0
649.5	0.0023
649.625	7.0E-4
649.75	0.0
649.875	0.0015
650.0	0.0039
650.125	0.0023
650.25	7.0E-4
650.375	7.0E-4
650.5	7.0E-4
650.625	0.0023
650.75	0.0
650.875	0.0031
651.0	0.0039
651.125	7.0E-4
651.25	0.0023
651.375	0.0031
651.5	0.0039
651.625	0.0023
651.75	0.0023
651.875	0.0015
652.0	0.0023
652.125	0.0023
652.25	0.0
652.375	7.0E-4
652.5	7.0E-4
652.625	0.0023
652.75	0.0031
652.875	0.0023
653.0	0.0015
653.125	7.0E-4
653.25	7.0E-4
653.375	0.0023
653.5	0.0
653.625	0.0015
653.75	0.0031
653.875	7.0E-4
654.0	7.0E-4
654.125	0.0
654.25	0.0023
654.375	0.0023
654.5	0.0039
654.625	7.0E-4
654.75	7.0E-4
654.875	0.0031
655.0	0.0015
655.125	0.0015
655.25	0.0031
655.375	0.0015
655.5	0.0015
655.625	7.0E-4
655.75	7.0E-4
655.875	7.0E-4
656.0	0.0039
656.125	7.0E-4
656.25	0.0047
656.375	0.0023
656.5	7.0E-4
656.625	0.0015
656.75	0.0
656.875	0.0015
657.0	0.0039
657.125	0.0
657.25	7.0E-4
657.375	0.0023
657.5	0.0039
657.625	0.0031
657.75	0.0015
657.875	0.0015
658.0	0.0023
658.125	7.0E-4
658.25	0.0015
658.375	0.0031
658.5	0.0015
658.625	7.0E-4
658.75	0.0023
658.875	0.0031
659.0	0.0023
659.125	0.0015
659.25	0.0015
659.375	0.0023
659.5	0.0023
659.625	7.0E-4
659.75	0.0
659.875	0.0015
660.0	0.0023
660.125	0.0023
660.25	0.0
660.375	0.0015
660.5	0.0023
660.625	0.0023
660.75	7.0E-4
660.875	0.0015
661.0	7.0E-4
661.125	0.0015
661.25	0.0015
661.375	0.0031
661.5	0.0023
661.625	7.0E-4
661.75	0.0015
661.875	0.0031
662.0	0.0031
662.125	0.0031
662.25	7.0E-4
662.375	0.0
662.5	0.0047
662.625	0.0015
662.75	0.0015
662.875	0.0031
663.0	0.0023
663.125	0.0015
663.25	0.0
663.375	0.0023
663.5	0.0023
663.625	0.0015
663.75	0.0039
663.875	0.0047
664.0	0.0031
664.125	0.0023
664.25	7.0E-4
664.375	0.0047
664.5	0.0031
664.625	0.0023
664.75	0.0023
664.875	0.0023
665.0	0.0023
665.125	0.0031
665.25	0.0015
665.375	0.0015
665.5	0.0023
665.625	0.0023
665.75	7.0E-4
665.875	0.0031
666.0	0.0
666.125	0.0
666.25	0.0031
666.375	0.0
666.5	0.0039
666.625	0.0023
666.75	0.0
666.875	0.0023
667.0	0.0023
667.125	0.0015
667.25	0.0015
667.375	0.0023
667.5	0.0023
667.625	0.0015
667.75	0.0031
667.875	0.0
668.0	7.0E-4
668.125	7.0E-4
668.25	0.0023
668.375	0.0023
668.5	0.0039
668.625	0.0031
668.75	0.0039
668.875	0.0015
669.0	7.0E-4
669.125	0.0047
669.25	0.0039
669.375	7.0E-4
669.5	0.0
669.625	0.0023
669.75	0.0015
669.875	7.0E-4
670.0	0.0
670.125	0.0015
670.25	0.0031
670.375	0.0015
670.5	7.0E-4
670.625	0.0015
670.75	0.0039
670.875	7.0E-4
671.0	0.0023
671.125	0.0
671.25	0.0039
671.375	0.0
671.5	0.0039
671.625	0.0047
671.75	0.0039
671.875	0.0
672.0	0.0
672.125	0.0023
672.25	0.0
672.375	7.0E-4
672.5	7.0E-4
672.625	0.0
672.75	7.0E-4
672.875	0.0039
673.0	0.0
673.125	0.0031
673.25	0.0
673.375	0.0
673.5	0.0015
673.625	7.0E-4
673.75	0.0031
673.875	0.0
674.0	0.0
674.125	0.0
674.25	0.0031
674.375	0.0031
674.5	0.0015
674.625	0.0031
674.75	0.0015
674.875	0.0023
675.0	7.0E-4
675.125	0.0023
675.25	0.0015
675.375	0.0015
675.5	0.0015
675.625	0.0023
675.75	0.0
675.875	7.0E-4
676.0	0.0023
676.125	7.0E-4
676.25	0.0023
676.375	7.0E-4
676.5	0.0023
676.625	0.0023
676.75	7.0E-4
676.875	0.0023
677.0	0.0015
677.125	0.0
677.25	0.0015
677.375	0.0031
677.5	0.0039
677.625	0.0015
677.75	0.0
677.875	0.0031
678.0	0.0039
678.125	0.0023
678.25	7.0E-4
678.375	0.0015
678.5	0.0023
678.625	0.0015
678.75	7.0E-4
678.875	0.0031
679.0	0.0015
679.125	0.0015
679.25	7.0E-4
679.375	7.0E-4
679.5	0.0039
679.625	7.0E-4
679.75	0.0023
679.875	0.0023
680.0	0.0015
680.125	7.0E-4
680.25	0.0047
680.375	7.0E-4
680.5	0.0015
680.625	7.0E-4
680.75	0.0031
680.875	0.0023
681.0	0.0
681.125	0.0039
681.25	0.0023
681.375	0.0015
681.5	0.0039
681.625	7.0E-4
681.75	0.0023
681.875	0.0
682.0	7.0E-4
682.125	7.0E-4
682.25	0.0015
682.375	7.0E-4
682.5	7.0E-4
682.625	7.0E-4
682.75	0.0031
682.875	0.0015
683.0	0.0023
683.125	0.0015
683.25	0.0023
683.375	7.0E-4
683.5	0.0
683.625	0.0
683.75	0.0023
683.875	0.0015
684.0	0.0
684.125	0.0047
684.25	0.0015
684.375	0.0023
684.5	0.0015
684.625	0.0023
684.75	7.0E-4
684.875	0.0031
685.0	0.0
685.125	0.0023
685.25	0.0023
685.375	0.0015
685.5	0.0039
685.625	0.0023
685.75	0.0023
685.875	7.0E-4
686.0	0.0015
686.125	0.0
686.25	7.0E-4
686.375	0.0039
686.5	0.0015
686.625	0.0015
686.75	0.0047
686.875	0.0023
687.0	0.0031
687.125	0.0023
687.25	0.0
687.375	0.0031
687.5	0.0
687.625	0.0023
687.75	7.0E-4
687.875	0.0015
688.0	0.0
688.125	0.0023
688.25	0.0
688.375	0.0015
688.5	7.0E-4
688.625	0.0023
688.75	0.0031
688.875	0.0039
689.0	7.0E-4
689.125	0.0047
689.25	7.0E-4
689.375	0.0023
689.5	0.0039
689.625	7.0E-4
689.75	7.0E-4
689.875	7.0E-4
690.0	0.0023
690.125	0.0015
690.25	0.0015
690.375	0.0031
690.5	0.0023
690.625	0.0031
690.75	7.0E-4
690.875	7.0E-4
691.0	0.0
691.125	0.0015
691.25	0.0015
691.375	0.0031
691.5	0.0015
691.625	0.0015
691.75	7.0E-4
691.875	0.0
692.0	7.0E-4
692.125	0.0031
692.25	0.0031
692.375	0.0015
692.5	0.0
692.625	0.0023
692.75	0.0023
692.875	0.0015
693.0	0.0015
693.125	0.0015
693.25	7.0E-4
693.375	0.0023
693.5	0.0015
693.625	0.0023
693.75	0.0031
693.875	0.0023
694.0	7.0E-4
694.125	0.0023
694.25	0.0015
694.375	0.0
694.5	0.0023
694.625	0.0031
694.75	0.0023
694.875	0.0023
695.0	0.0023
695.125	0.0015
695.25	0.0023
695.375	0.0039
695.5	0.0047
695.625	7.0E-4
695.75	0.0
695.875	0.0015
696.0	0.0015
696.125	7.0E-4
696.25	0.0031
696.375	0.0031
696.5	0.0023
696.625	0.0031
696.75	0.0015
696.875	0.0031
697.0	0.0023
697.125	0.0023
697.25	0.0015
697.375	0.0015
697.5	7.0E-4
697.625	0.0031
697.75	7.0E-4
697.875	0.0
698.0	7.0E-4
698.125	7.0E-4
698.25	7.0E-4
698.375	0.0023
698.5	0.0015
698.625	0.0031
698.75	0.0031
698.875	0.0023
699.0	0.0
699.125	7.0E-4
699.25	0.0
699.375	0.0015
699.5	0.0023
699.625	0.0015
699.75	0.0031
699.875	0.0047
700.0	0.0015
700.125	0.0023
700.25	0.0031
700.375	0.0039
700.5	0.0031
700.625	0.0039
700.75	0.0039
700.875	0.0015
701.0	0.0031
701.125	0.0
701.25	0.0031
701.375	0.0023
701.5	0.0015
701.625	0.0031
701.75	0.0023
701.875	0.0023
702.0	0.0047
702.125	0.0039
702.25	0.0015
702.375	0.0015
702.5	7.0E-4
702.625	0.0031
702.75	0.0015
702.875	0.0031
703.0	0.0031
703.125	0.0047
703.25	0.0023
703.375	0.0047
703.5	0.0031
703.625	0.0015
703.75	0.0031
703.875	0.0047
704.0	0.0023
704.125	0.0023
704.25	0.0023
704.375	0.0015
704.5	0.0023
704.625	0.0
704.75	0.0047
704.875	0.0047
705.0	0.0039
705.125	0.0039
705.25	0.0015
705.375	0.0023
705.5	0.0031
705.625	0.0031
705.75	0.0015
705.875	0.0023
706.0	0.0031
706.125	0.0031
706.25	0.0047
706.375	0.0031
706.5	0.0031
706.625	0.0031
706.75	7.0E-4
706.875	7.0E-4
707.0	0.0
707.125	0.0023
707.25	0.0023
707.375	0.0015
707.5	0.0015
707.625	0.0
707.75	0.0023
707.875	0.0
708.0	0.0023
708.125	0.0039
708.25	0.0015
708.375	0.0039
708.5	0.0023
708.625	0.0039
708.75	0.0
708.875	0.0047
709.0	7.0E-4
709.125	0.0
709.25	0.0023
709.375	7.0E-4
709.5	0.0023
709.625	0.0023
709.75	0.0023
709.875	0.0015
710.0	0.0023
710.125	7.0E-4
710.25	0.0023
710.375	0.0015
710.5	0.0
710.625	0.0039
710.75	0.0015
710.875	0.0023
711.0	0.0015
711.125	0.0039
711.25	0.0
711.375	0.0015
711.5	0.0
711.625	7.0E-4
711.75	7.0E-4
711.875	0.0023
712.0	0.0023
712.125	0.0015
712.25	0.0031
712.375	0.0023
712.5	0.0039
712.625	0.0023
712.75	0.0023
712.875	0.0
713.0	0.0023
713.125	7.0E-4
713.25	0.0047
713.375	0.0039
713.5	0.0023
713.625	0.0031
713.75	0.0015
713.875	0.0015
714.0	0.0039
714.125	0.0
714.25	0.0015
714.375	0.0031
714.5	0.0039
714.625	0.0015
714.75	0.0
714.875	0.0031
715.0	0.0023
715.125	0.0039
715.25	0.0031
715.375	0.0015
715.5	0.0031
715.625	7.0E-4
715.75	7.0E-4
715.875	0.0039
716.0	0.0
716.125	0.0039
716.25	0.0023
716.375	7.0E-4
716.5	0.0023
716.625	0.0015
716.75	0.0023
716.875	0.0023
717.0	0.0
717.125	0.0015
717.25	7.0E-4
717.375	0.0
717.5	7.0E-4
717.625	0.0
717.75	0.0
717.875	0.0015
718.0	0.0039
718.125	0.0
718.25	0.0
718.375	0.0023
718.5	0.0023
718.625	0.0023
718.75	0.0023
718.875	0.0015
719.0	0.0023
719.125	0.0031
719.25	0.0015
719.375	7.0E-4
719.5	0.0015
719.625	0.0015
719.75	0.0023
719.875	0.0031
720.0	0.0023
720.125	0.0039
720.25	0.0015
720.375	7.0E-4
720.5	0.0
720.625	0.0023
720.75	0.0
720.875	7.0E-4
721.0	0.0023
721.125	7.0E-4
721.25	7.0E-4
721.375	0.0023
721.5	0.0031
721.625	7.0E-4
721.75	0.0031
721.875	0.0023
722.0	0.0039
722.125	7.0E-4
722.25	0.0031
722.375	0.0031
722.5	0.0023
722.625	0.0023
722.75	7.0E-4
722.875	0.0015
723.0	0.0
723.125	7.0E-4
723.25	0.0023
723.375	0.0015
723.5	7.0E-4
723.625	0.0015
723.75	0.0023
723.875	0.0015
724.0	7.0E-4
724.125	0.0
724.25	0.0031
724.375	0.0031
724.5	0.0031
724.625	0.0
724.75	7.0E-4
724.875	0.0015
725.0	0.0023
725.125	0.0015
725.25	0.0039
725.375	0.0015
725.5	7.0E-4
725.625	0.0023
725.75	7.0E-4
725.875	0.0031
726.0	0.0015
726.125	0.0015
726.25	7.0E-4
726.375	7.0E-4
726.5	7.0E-4
726.625	0.0
726.75	0.0023
726.875	0.0031
727.0	0.0015
727.125	0.0
727.25	0.0031
727.375	0.0039
727.5	0.0031
727.625	0.0015
727.75	0.0015
727.875	0.0023
728.0	0.0031
728.125	0.0031
728.25	0.0023
728.375	7.0E-4
728.5	0.0015
728.625	0.0
728.75	0.0
728.875	0.0015
729.0	0.0015
729.125	7.0E-4
729.25	0.0015
729.375	0.0023
729.5	0.0031
729.625	0.0023
729.75	0.0031
729.875	0.0031
730.0	7.0E-4
730.125	0.0
730.25	7.0E-4
730.375	0.0
730.5	7.0E-4
730.625	7.0E-4
730.75	0.0047
730.875	0.0
731.0	0.0023
731.125	0.0015
731.25	0.0023
731.375	0.0
731.5	0.0015
731.625	0.0031
731.75	0.0015
731.875	0.0023
732.0	0.0023
732.125	0.0047
732.25	7.0E-4
732.375	0.0023
732.5	0.0015
732.625	0.0023
732.75	7.0E-4
732.875	0.0
733.0	0.0023
733.125	7.0E-4
733.25	0.0047
733.375	7.0E-4
733.5	0.0039
733.625	0.0023
733.75	7.0E-4
733.875	0.0023
734.0	0.0039
734.125	0.0039
734.25	0.0031
734.375	0.0023
734.5	0.0031
734.625	0.0031
734.75	0.0031
734.875	0.0023
735.0	0.0015
735.125	0.0023
735.25	0.0031
735.375	7.0E-4
735.5	0.0015
735.625	7.0E-4
735.75	0.0023
735.875	0.0023
736.0	0.0023
736.125	0.0015
736.25	0.0023
736.375	0.0
736.5	7.0E-4
736.625	0.0015
736.75	0.0039
736.875	0.0031
737.0	0.0023
737.125	0.0023
737.25	7.0E-4
737.375	0.0015
737.5	0.0031
737.625	7.0E-4
737.75	0.0023
737.875	7.0E-4
738.0	0.0031
738.125	0.0015
738.25	7.0E-4
738.375	0.0015
738.5	0.0
738.625	0.0031
738.75	0.0039
738.875	0.0
739.0	0.0023
739.125	0.0015
739.25	0.0039
739.375	0.0015
739.5	0.0031
739.625	0.0015
739.75	0.0023
739.875	7.0E-4
740.0	0.0023
740.125	0.0023
740.25	7.0E-4
740.375	7.0E-4
740.5	0.0015
740.625	0.0031
740.75	0.0039
740.875	0.0039
741.0	0.0031
741.125	0.0039
741.25	0.0047
741.375	0.0039
741.5	7.0E-4
741.625	0.0031
741.75	0.0023
741.875	7.0E-4
742.0	0.0039
742.125	0.0
742.25	0.0023
742.375	0.0039
742.5	0.0015
742.625	0.0031
742.75	0.0015
742.875	0.0023
743.0	0.0023
743.125	0.0047
743.25	0.0047
743.375	0.0039
743.5	0.0047
743.625	0.0015
743.75	0.0047
743.875	0.0031
744.0	0.0047
744.125	0.0031
744.25	0.0039
744.375	0.0039
744.5	0.0039
744.625	0.0023
744.75	0.0039
744.875	0.0039
745.0	0.0047
745.125	0.0039
745.25	0.0039
745.375	0.0031
745.5	0.0023
745.625	0.0047
745.75	0.0023
745.875	0.0015
746.0	0.0047
746.125	0.0039
746.25	0.0015
746.375	0.0039
746.5	0.0039
746.625	0.0031
746.75	0.0047
746.875	7.0E-4
747.0	0.0031
747.125	0.0039
747.25	0.0
747.375	0.0015
747.5	0.0039
747.625	0.0039
747.75	0.0047
747.875	0.0039
748.0	0.0015
748.125	0.0023
748.25	0.0047
748.375	0.0047
748.5	0.0047
748.625	0.0015
748.75	7.0E-4
748.875	0.0047
749.0	0.0039
749.125	0.0015
749.25	0.0047
749.375	0.0047
749.5	0.0039
749.625	0.0039
749.75	0.0031
749.875	0.0023
750.0	0.0031
750.125	0.0031
750.25	0.0047
750.375	0.0047
750.5	0.0015
750.625	0.0047
750.75	0.0047
750.875	0.0039
751.0	0.0031
751.125	0.0031
751.25	0.0023
751.375	0.0047
751.5	0.0031
751.625	0.0023
751.75	0.0039
751.875	0.0023
752.0	0.0039
752.125	0.0047
752.25	0.0047
752.375	0.0023
752.5	0.0031
752.625	0.0015
752.75	0.0015
752.875	0.0031
753.0	0.0031
753.125	0.0031
753.25	0.0039
753.375	7.0E-4
753.5	0.0023
753.625	0.0039
753.75	0.0047
753.875	0.0039
754.0	0.0015
754.125	0.0023
754.25	0.0015
754.375	0.0039
754.5	0.0015
754.625	0.0023
754.75	0.0023
754.875	0.0039
755.0	0.0031
755.125	0.0023
755.25	0.0047
755.375	0.0031
755.5	0.0039
755.625	0.0031
755.75	0.0047
755.875	0.0031
756.0	0.0015
756.125	0.0047
756.25	0.0047
756.375	0.0039
756.5	7.0E-4
756.625	7.0E-4
756.75	0.0047
756.875	0.0015
757.0	0.0031
757.125	0.0031
757.25	0.0031
757.375	0.0015
757.5	0.0023
757.625	0.0031
757.75	0.0015
757.875	0.0023
758.0	0.0031
758.125	0.0015
758.25	7.0E-4
758.375	0.0047
758.5	0.0015
758.625	0.0031
758.75	0.0031
758.875	0.0015
759.0	0.0023
759.125	0.0039
759.25	0.0031
759.375	0.0047
759.5	0.0023
759.625	0.0047
759.75	0.0047
759.875	0.0015
760.0	0.0023
760.125	0.0
760.25	7.0E-4
760.375	0.0039
760.5	0.0023
760.625	0.0015
760.75	0.0023
760.875	0.0047
761.0	0.0031
761.125	0.0039
761.25	0.0023
761.375	0.0047
761.5	0.0023
761.625	0.0031
761.75	0.0039
761.875	0.0031
762.0	0.0039
762.125	0.0047
762.25	0.0023
762.375	0.0023
762.5	0.0047
762.625	7.0E-4
762.75	0.0031
762.875	0.0047
763.0	0.0023
763.125	0.0023
763.25	0.0015
763.375	0.0023
763.5	0.0031
763.625	0.0023
763.75	0.0015
763.875	0.0023
764.0	0.0015
764.125	0.0039
764.25	7.0E-4
764.375	7.0E-4
764.5	0.0031
764.625	0.0039
764.75	0.0047
764.875	0.0023
765.0	7.0E-4
765.125	0.0039
765.25	7.0E-4
765.375	0.0015
765.5	0.0015
765.625	0.0031
765.75	0.0039
765.875	0.0039
766.0	7.0E-4
766.125	0.0047
766.25	0.0039
766.375	7.0E-4
766.5	0.0015
766.625	0.0047
766.75	0.0031
766.875	0.0023
767.0	0.0047
767.125	0.0039
767.25	0.0023
767.375	0.0031
767.5	0.0039
767.625	0.0047
767.75	0.0039
767.875	0.0015
768.0	0.0031
768.125	0.0023
768.25	7.0E-4
768.375	0.0031
768.5	7.0E-4
768.625	0.0047
768.75	0.0031
768.875	0.0047
769.0	0.0023
769.125	0.0039
769.25	0.0015
769.375	0.0031
769.5	0.0031
769.625	0.0047
769.75	0.0015
769.875	7.0E-4
770.0	7.0E-4
770.125	0.0039
770.25	0.0031
770.375	0.0031
770.5	0.0023
770.625	0.0031
770.75	0.0039
770.875	0.0023
771.0	0.0023
771.125	0.0023
771.25	7.0E-4
771.375	0.0023
771.5	0.0039
771.625	0.0023
771.75	0.0015
771.875	0.0039
772.0	0.0015
772.125	0.0031
772.25	0.0031
772.375	7.0E-4
772.5	0.0031
772.625	0.0039
772.75	0.0
772.875	0.0047
773.0	0.0039
773.125	7.0E-4
773.25	0.0039
773.375	0.0023
773.5	0.0031
773.625	0.0047
773.75	0.0015
773.875	0.0039
774.0	0.0015
774.125	0.0047
774.25	0.0031
774.375	0.0031
774.5	0.0031
774.625	0.0015
774.75	0.0031
774.875	0.0023
775.0	7.0E-4
775.125	0.0015
775.25	0.0
775.375	0.0031
775.5	0.0039
775.625	0.0031
775.75	7.0E-4
775.875	0.0031
776.0	0.0047
776.125	0.0039
776.25	0.0015
776.375	0.0031
776.5	0.0023
776.625	0.0023
776.75	7.0E-4
776.875	0.0039
777.0	0.0031
777.125	0.0031
777.25	0.0031
777.375	0.0039
777.5	0.0023
777.625	0.0047
777.75	0.0031
777.875	0.0015
778.0	0.0031
778.125	7.0E-4
778.25	0.0047
778.375	0.0031
778.5	0.0015
778.625	0.0031
778.75	0.0023
778.875	0.0031
779.0	0.0031
779.125	0.0047
779.25	0.0047
779.375	0.0015
779.5	0.0015
779.625	0.0039
779.75	0.0031
779.875	0.0039
780.0	0.0047
780.125	0.0015
780.25	7.0E-4
780.375	0.0031
780.5	0.0015
780.625	0.0031
780.75	0.0039
780.875	0.0031
781.0	0.0031
781.125	0.0039
781.25	0.0015
781.375	0.0023
781.5	7.0E-4
781.625	0.0031
781.75	0.0023
781.875	0.0047
782.0	0.0023
782.125	0.0039
782.25	0.0
782.375	0.0047
782.5	7.0E-4
782.625	0.0023
782.75	0.0023
782.875	0.0039
783.0	0.0023
783.125	0.0047
783.25	0.0031
783.375	0.0015
783.5	0.0
783.625	0.0031
783.75	0.0031
783.875	0.0047
784.0	0.0039
784.125	0.0031
784.25	7.0E-4
784.375	0.0023
784.5	0.0039
784.625	0.0023
784.75	0.0031
784.875	7.0E-4
785.0	0.0031
785.125	0.0015
785.25	0.0023
785.375	0.0023
785.5	0.0031
785.625	0.0
785.75	0.0031
785.875	0.0047
786.0	0.0039
786.125	0.0031
786.25	0.0031
786.375	0.0039
786.5	0.0031
786.625	0.0023
786.75	0.0039
786.875	0.0039
787.0	0.0031
787.125	7.0E-4
787.25	7.0E-4
787.375	0.0047
787.5	0.0023
787.625	0.0047
787.75	0.0047
787.875	0.0031
788.0	0.0031
788.125	0.0039
788.25	0.0039
788.375	0.0031
788.5	0.0023
788.625	0.0047
788.75	0.0047
788.875	0.0023
789.0	0.0047
789.125	0.0031
789.25	0.0023
789.375	0.0047
789.5	0.0015
789.625	0.0015
789.75	0.0023
789.875	0.0015
790.0	0.0031
790.125	0.0047
790.25	7.0E-4
790.375	0.0031
790.5	0.0031
790.625	0.0047
790.75	7.0E-4
790.875	0.0015
791.0	0.0031
791.125	0.0023
791.25	0.0031
791.375	0.0039
791.5	0.0031
791.625	0.0047
791.75	0.0031
791.875	0.0039
792.0	0.0047
792.125	0.0039
792.25	0.0015
792.375	0.0047
792.5	0.0031
792.625	0.0023
792.75	0.0031
792.875	0.0031
793.0	0.0031
793.125	0.0031
793.25	0.0015
793.375	0.0031
793.5	0.0015
793.625	0.0023
793.75	0.0023
793.875	0.0015
794.0	0.0023
794.125	0.0023
794.25	0.0023
794.375	0.0023
794.5	0.0039
794.625	0.0039
794.75	0.0047
794.875	0.0031
795.0	7.0E-4
795.125	0.0039
795.25	0.0031
795.375	0.0015
795.5	0.0047
795.625	0.0047
795.75	0.0023
795.875	0.0031
796.0	0.0039
796.125	0.0023
796.25	0.0023
796.375	0.0023
796.5	0.0031
796.625	0.0023
796.75	0.0023
796.875	0.0039
797.0	0.0039
797.125	0.0031
797.25	0.0023
797.375	0.0047
797.5	0.0039
797.625	0.0047
797.75	0.0047
797.875	0.0023
798.0	0.0015
798.125	0.0047
798.25	0.0039
798.375	0.0023
798.5	0.0015
798.625	0.0015
798.75	0.0023
798.875	0.0031
799.0	0.0039
799.125	0.0023
799.25	0.0015
799.375	0.0015
799.5	0.0031
799.625	0.0023
799.75	0.0039
799.875	0.0047
800.0	0.0031
800.125	0.0031
800.25	0.0039
800.375	0.0039
800.5	0.0015
800.625	0.0031
800.75	0.0039
800.875	0.0039
801.0	0.0047
801.125	0.0039
801.25	0.0031
801.375	0.0031
801.5	0.0023
801.625	0.0031
801.75	0.0023
801.875	7.0E-4
802.0	0.0031
802.125	0.0031
802.25	0.0047
802.375	0.0
802.5	0.0039
802.625	0.0039
802.75	0.0047
802.875	0.0039
803.0	0.0047
803.125	0.0023
803.25	0.0047
803.375	0.0047
803.5	0.0039
803.625	0.0039
803.75	0.0047
803.875	0.0039
804.0	0.0047
804.125	0.0047
804.25	0.0047
804.375	0.0047
804.5	0.0047
804.625	0.0031
804.75	0.0047
804.875	0.0047
805.0	0.0047
805.125	0.0047
805.25	0.0047
805.375	0.0031
805.5	0.0047
805.625	0.0047
805.75	0.0039
805.875	0.0047
806.0	0.0047
806.125	0.0047
806.25	0.0047
806.375	0.0047
806.5	0.0047
806.625	0.0015
806.75	0.0047
806.875	0.0039
807.0	0.0031
807.125	0.0039
807.25	0.0047
807.375	0.0039
807.5	7.0E-4
807.625	0.0039
807.75	0.0039
807.875	0.0047
808.0	0.0047
808.125	0.0039
808.25	0.0047
808.375	0.0031
808.5	0.0031
808.625	0.0039
808.75	0.0031
808.875	0.0023
809.0	0.0047
809.125	0.0047
809.25	0.0039
809.375	0.0
809.5	0.0023
809.625	0.0023
809.75	0.0031
809.875	0.0023
810.0	0.0039
810.125	0.0031
810.25	0.0031
810.375	7.0E-4
810.5	0.0015
810.625	0.0047
810.75	0.0015
810.875	0.0031
811.0	0.0015
811.125	0.0031
811.25	0.0015
811.375	0.0023
811.5	0.0039
811.625	0.0015
811.75	0.0031
811.875	0.0047
812.0	0.0039
812.125	0.0023
812.25	0.0015
812.375	0.0023
812.5	0.0039
812.625	0.0039
812.75	0.0
812.875	0.0047
813.0	0.0031
813.125	0.0023
813.25	0.0015
813.375	0.0031
813.5	0.0023
813.625	0.0039
813.75	0.0039
813.875	0.0047
814.0	0.0023
814.125	0.0015
814.25	0.0047
814.375	0.0039
814.5	0.0015
814.625	0.0039
814.75	0.0023
814.875	0.0047
815.0	0.0031
815.125	0.0031
815.25	0.0039
815.375	0.0031
815.5	7.0E-4
815.625	0.0023
815.75	0.0031
815.875	0.0031
816.0	0.0023
816.125	0.0039
816.25	0.0023
816.375	0.0039
816.5	0.0039
816.625	7.0E-4
816.75	0.0015
816.875	0.0039
817.0	0.0015
817.125	0.0015
817.25	0.0039
817.375	0.0047
817.5	0.0039
817.625	0.0023
817.75	0.0023
817.875	0.0039
818.0	0.0031
818.125	0.0047
818.25	0.0023
818.375	0.0047
818.5	0.0039
818.625	0.0023
818.75	0.0039
818.875	0.0031
819.0	0.0023
819.125	0.0047
819.25	0.0031
819.375	0.0023
819.5	0.0015
819.625	0.0039
819.75	0.0047
819.875	0.0031
820.0	0.0031
820.125	0.0039
820.25	0.0039
820.375	0.0039
820.5	0.0023
820.625	7.0E-4
820.75	0.0039
820.875	0.0047
821.0	0.0015
821.125	0.0047
821.25	0.0047
821.375	0.0031
821.5	0.0031
821.625	0.0039
821.75	0.0015
821.875	0.0039
822.0	0.0047
822.125	0.0023
822.25	0.0015
822.375	0.0031
822.5	0.0047
822.625	0.0039
822.75	0.0031
822.875	0.0047
823.0	0.0047
823.125	0.0031
823.25	0.0015
823.375	0.0031
823.5	7.0E-4
823.625	0.0015
823.75	0.0031
823.875	0.0015
824.0	0.0039
824.125	0.0031
824.25	0.0023
824.375	0.0047
824.5	0.0047
824.625	0.0031
824.75	0.0031
824.875	0.0039
825.0	0.0047
825.125	0.0039
825.25	0.0031
825.375	0.0031
825.5	0.0039
825.625	0.0039
825.75	0.0039
825.875	0.0015
826.0	0.0047
826.125	0.0031
826.25	0.0023
826.375	0.0031
826.5	0.0023
826.625	0.0039
826.75	0.0039
826.875	0.0015
827.0	0.0039
827.125	0.0047
827.25	0.0031
827.375	0.0023
827.5	0.0023
827.625	0.0039
827.75	0.0023
827.875	0.0031
828.0	0.0031
828.125	0.0047
828.25	0.0023
828.375	0.0039
828.5	0.0039
828.625	0.0031
828.75	0.0031
828.875	0.0023
829.0	0.0031
829.125	0.0023
829.25	7.0E-4
829.375	0.0031
829.5	0.0
829.625	0.0047
829.75	0.0039
829.875	0.0015
830.0	0.0047
830.125	0.0039
830.25	0.0031
830.375	0.0047
830.5	0.0031
830.625	0.0031
830.75	0.0031
830.875	0.0
831.0	0.0039
831.125	0.0031
831.25	0.0039
831.375	0.0015
831.5	0.0031
831.625	0.0023
831.75	0.0039
831.875	0.0023
832.0	0.0031
832.125	0.0031
832.25	0.0023
832.375	0.0023
832.5	0.0031
832.625	0.0023
832.75	0.0039
832.875	0.0015
833.0	0.0
833.125	0.0023
833.25	0.0031
833.375	0.0039
833.5	0.0031
833.625	0.0023
833.75	0.0039
833.875	0.0
834.0	0.0047
834.125	0.0039
834.25	0.0023
834.375	0.0023
834.5	0.0039
834.625	0.0047
834.75	0.0039
834.875	0.0015
835.0	0.0031
835.125	0.0039
835.25	0.0039
835.375	0.0031
835.5	0.0047
835.625	0.0015
835.75	0.0031
835.875	0.0023
836.0	0.0031
836.125	0.0047
836.25	0.0031
836.375	0.0023
836.5	0.0031
836.625	0.0047
836.75	0.0023
836.875	0.0015
837.0	0.0023
837.125	0.0015
837.25	0.0031
837.375	0.0047
837.5	0.0031
837.625	0.0047
837.75	0.0047
837.875	0.0015
838.0	0.0031
838.125	0.0023
838.25	0.0015
838.375	0.0039
838.5	0.0031
838.625	0.0039
838.75	0.0015
838.875	0.0031
839.0	0.0039
839.125	0.0023
839.25	0.0031
839.375	0.0
839.5	0.0031
839.625	0.0031
839.75	0.0023
839.875	0.0015
840.0	0.0039
840.125	0.0047
840.25	0.0039
840.375	0.0031
840.5	0.0015
840.625	0.0047
840.75	0.0039
840.875	0.0023
841.0	0.0039
841.125	0.0031
841.25	0.0039
841.375	0.0015
841.5	0.0023
841.625	0.0031
841.75	0.0039
841.875	0.0039
842.0	7.0E-4
842.125	0.0015
842.25	0.0039
842.375	0.0039
842.5	0.0023
842.625	0.0015
842.75	0.0047
842.875	0.0023
843.0	0.0023
843.125	0.0023
843.25	0.0047
843.375	0.0039
843.5	0.0047
843.625	0.0047
843.75	0.0031
843.875	0.0023
844.0	7.0E-4
844.125	7.0E-4
844.25	0.0047
844.375	0.0031
844.5	0.0031
844.625	0.0031
844.75	0.0039
844.875	0.0039
845.0	0.0039
845.125	0.0047
845.25	0.0047
845.375	0.0031
845.5	0.0031
845.625	0.0031
845.75	0.0023
845.875	0.0031
846.0	0.0047
846.125	0.0031
846.25	0.0031
846.375	0.0047
846.5	0.0031
846.625	0.0031
846.75	0.0023
846.875	0.0047
847.0	0.0047
847.125	0.0
847.25	0.0047
847.375	7.0E-4
847.5	0.0039
847.625	0.0023
847.75	0.0023
847.875	0.0023
848.0	0.0023
848.125	0.0047
848.25	0.0047
848.375	0.0015
848.5	0.0015
848.625	0.0047
848.75	0.0039
848.875	0.0039
849.0	0.0039
849.125	0.0015
849.25	0.0039
849.375	0.0039
849.5	0.0031
849.625	0.0039
849.75	0.0047
849.875	0.0031
850.0	0.0031
850.125	0.0039
850.25	0.0047
850.375	0.0031
850.5	0.0031
850.625	0.0031
850.75	0.0047
850.875	0.0031
851.0	0.0039
851.125	0.0039
851.25	0.0039
851.375	0.0031
851.5	0.0047
851.625	0.0023
851.75	0.0031
851.875	0.0039
852.0	0.0039
852.125	0.0031
852.25	0.0047
852.375	0.0023
852.5	0.0023
852.625	0.0047
852.75	0.0015
852.875	0.0039
853.0	0.0039
853.125	0.0031
853.25	0.0039
853.375	0.0039
853.5	0.0039
853.625	0.0039
853.75	0.0039
853.875	0.0015
854.0	7.0E-4
854.125	0.0031
854.25	0.0023
854.375	7.0E-4
854.5	0.0047
854.625	0.0047
854.75	0.0031
854.875	0.0023
855.0	0.0047
855.125	0.0031
855.25	0.0047
855.375	0.0047
855.5	0.0047
855.625	0.0047
855.75	0.0047
855.875	0.0031
856.0	0.0023
856.125	0.0047
856.25	0.0031
856.375	0.0031
856.5	0.0031
856.625	0.0039
856.75	0.0039
856.875	0.0023
857.0	0.0031
857.125	0.0039
857.25	0.0031
857.375	0.0039
857.5	0.0023
857.625	0.0039
857.75	0.0031
857.875	0.0047
858.0	0.0039
858.125	0.0047
858.25	0.0047
858.375	0.0031
858.5	0.0023
858.625	0.0047
858.75	0.0015
858.875	0.0039
859.0	0.0047
859.125	0.0039
859.25	0.0039
859.375	0.0023
859.5	0.0031
859.625	0.0031
859.75	0.0039
859.875	0.0047
860.0	0.0047
860.125	0.0039
860.25	0.0039
860.375	0.0031
860.5	0.0023
860.625	0.0023
860.75	0.0047
860.875	0.0039
861.0	0.0023
861.125	0.0023
861.25	0.0047
861.375	0.0031
861.5	0.0039
861.625	0.0039
861.75	0.0031
861.875	0.0031
862.0	0.0039
862.125	0.0031
862.25	7.0E-4
862.375	0.0047
862.5	0.0031
862.625	0.0023
862.75	0.0039
862.875	0.0031
863.0	0.0031
863.125	0.0015
863.25	0.0039
863.375	0.0023
863.5	0.0047
863.625	0.0023
863.75	0.0047
863.875	0.0031
864.0	0.0031
864.125	0.0039
864.25	0.0031
864.375	7.0E-4
864.5	0.0031
864.625	0.0047
864.75	0.0031
864.875	0.0031
865.0	0.0023
865.125	0.0039
865.25	0.0031
865.375	0.0031
865.5	0.0047
865.625	0.0047
865.75	0.0047
865.875	0.0047
866.0	0.0047
866.125	0.0047
866.25	0.0047
866.375	0.0047
866.5	0.0047
866.625	0.0047
866.75	0.0047
866.875	0.0047
867.0	0.0047
867.125	0.0047
867.25	0.0047
867.375	0.0047
867.5	0.0047
867.625	0.0039
867.75	0.0047
867.875	0.0031
868.0	0.0015
868.125	0.0047
868.25	0.0039
868.375	0.0031
868.5	0.0039
868.625	0.0039
868.75	0.0047
868.875	0.0039
869.0	0.0015
869.125	0.0039
869.25	0.0047
869.375	0.0039
869.5	0.0031
869.625	0.0039
869.75	0.0047
869.875	0.0023
870.0	0.0047
870.125	0.0047
870.25	0.0031
870.375	0.0031
870.5	0.0015
870.625	0.0047
870.75	0.0015
870.875	0.0039
871.0	0.0039
871.125	0.0015
871.25	0.0031
871.375	0.0023
871.5	0.0023
871.625	0.0047
871.75	0.0031
871.875	0.0015
872.0	0.0039
872.125	0.0015
872.25	0.0031
872.375	0.0047
872.5	0.0039
872.625	0.0047
872.75	0.0031
872.875	0.0047
873.0	0.0015
873.125	0.0047
873.25	0.0031
873.375	0.0047
873.5	0.0047
873.625	0.0047
873.75	7.0E-4
873.875	0.0031
874.0	0.0039
874.125	0.0031
874.25	0.0047
874.375	0.0039
874.5	0.0039
874.625	0.0039
874.75	0.0047
874.875	0.0031
875.0	0.0047
875.125	0.0031
875.25	0.0031
875.375	0.0023
875.5	0.0031
875.625	0.0015
875.75	0.0023
875.875	0.0023
876.0	0.0039
876.125	0.0047
876.25	0.0047
876.375	0.0031
876.5	0.0047
876.625	0.0047
876.75	0.0047
876.875	7.0E-4
877.0	0.0031
877.125	0.0039
877.25	0.0031
877.375	0.0047
877.5	0.0031
877.625	0.0023
877.75	0.0047
877.875	0.0023
878.0	0.0031
878.125	0.0039
878.25	0.0031
878.375	0.0031
878.5	0.0015
878.625	0.0047
878.75	0.0031
878.875	0.0047
879.0	0.0031
879.125	0.0031
879.25	0.0031
879.375	0.0023
879.5	0.0031
879.625	0.0047
879.75	0.0023
879.875	0.0039
880.0	0.0031
880.125	0.0023
880.25	0.0047
880.375	0.0031
880.5	0.0023
880.625	0.0023
880.75	0.0031
880.875	0.0015
881.0	0.0031
881.125	0.0023
881.25	0.0023
881.375	0.0039
881.5	0.0039
881.625	0.0031
881.75	0.0031
881.875	0.0023
882.0	0.0015
882.125	0.0039
882.25	0.0047
882.375	0.0015
882.5	0.0031
882.625	0.0039
882.75	0.0023
882.875	0.0031
883.0	0.0023
883.125	0.0039
883.25	0.0023
883.375	0.0023
883.5	0.0023
883.625	0.0039
883.75	0.0039
883.875	7.0E-4
884.0	0.0031
884.125	0.0023
884.25	0.0031
884.375	0.0031
884.5	0.0031
884.625	0.0031
884.75	0.0047
884.875	0.0047
885.0	0.0023
885.125	0.0031
885.25	0.0015
885.375	0.0031
885.5	0.0039
885.625	0.0031
885.75	0.0039
885.875	0.0039
886.0	0.0031
886.125	7.0E-4
886.25	0.0047
886.375	0.0031
886.5	0.0039
886.625	0.0039
886.75	0.0047
886.875	0.0047
887.0	0.0039
887.125	0.0023
887.25	0.0047
887.375	0.0039
887.5	0.0047
887.625	0.0039
887.75	0.0047
887.875	0.0047
888.0	0.0039
888.125	0.0023
888.25	0.0031
888.375	0.0039
888.5	0.0047
888.625	0.0039
888.75	0.0047
888.875	0.0047
889.0	0.0015
889.125	0.0039
889.25	0.0023
889.375	0.0039
889.5	0.0015
889.625	0.0023
889.75	0.0031
889.875	0.0039
890.0	0.0039
890.125	0.0031
890.25	0.0047
890.375	0.0
890.5	0.0039
890.625	0.0039
890.75	0.0039
890.875	0.0023
891.0	0.0015
891.125	0.0023
891.25	0.0039
891.375	0.0031
891.5	0.0023
891.625	0.0015
891.75	0.0039
891.875	0.0023
892.0	0.0023
892.125	0.0047
892.25	0.0047
892.375	0.0023
892.5	0.0023
892.625	0.0047
892.75	0.0047
892.875	0.0039
893.0	0.0015
893.125	0.0047
893.25	0.0047
893.375	0.0023
893.5	0.0031
893.625	0.0015
893.75	0.0023
893.875	0.0047
894.0	0.0031
894.125	0.0039
894.25	0.0031
894.375	0.0047
894.5	0.0031
894.625	0.0031
894.75	0.0047
894.875	0.0039
895.0	0.0039
895.125	0.0023
895.25	0.0039
895.375	0.0047
895.5	0.0031
895.625	0.0039
895.75	0.0039
895.875	0.0047
896.0	0.0047
896.125	0.0047
896.25	0.0039
896.375	0.0039
896.5	0.0047
896.625	0.0047
896.75	0.0047
896.875	0.0023
897.0	0.0047
897.125	0.0031
897.25	0.0039
897.375	0.0023
897.5	0.0031
897.625	0.0047
897.75	0.0039
897.875	0.0039
898.0	0.0031
898.125	0.0039
898.25	0.0047
898.375	0.0015
898.5	0.0031
898.625	0.0023
898.75	0.0023
898.875	0.0039
899.0	0.0039
899.125	0.0023
899.25	0.0023
899.375	0.0047
899.5	0.0031
899.625	0.0047
899.75	0.0039
899.875	0.0031
