300.0	0.0023
300.125	7.0E-4
300.25	0.0015
300.375	7.0E-4
300.5	0.0015
300.625	0.0023
300.75	7.0E-4
300.875	0.0023
301.0	0.0031
301.125	0.0
301.25	0.0031
301.375	0.0031
301.5	0.0015
301.625	0.0023
301.75	0.0
301.875	0.0015
302.0	7.0E-4
302.125	0.0031
302.25	7.0E-4
302.375	0.0023
302.5	0.0023
302.625	0.0031
302.75	0.0023
302.875	7.0E-4
303.0	0.0031
303.125	0.0023
303.25	7.0E-4
303.375	0.0015
303.5	7.0E-4
303.625	0.0023
303.75	0.0015
303.875	0.0023
304.0	0.0023
304.125	7.0E-4
304.25	0.0023
304.375	0.0015
304.5	0.0023
304.625	0.0031
304.75	0.0015
304.875	7.0E-4
305.0	0.0023
305.125	0.0
305.25	0.0015
305.375	0.0015
305.5	0.0015
305.625	7.0E-4
305.75	0.0039
305.875	0.0031
306.0	0.0039
306.125	0.0047
306.25	0.0047
306.375	0.007
306.5	0.0086
306.625	0.0094
306.75	0.0102
306.875	0.0133
307.0	0.0133
307.125	0.0133
307.25	0.0141
307.375	0.0141
307.5	0.0141
307.625	0.0141
307.75	0.0133
307.875	0.0133
308.0	0.0117
308.125	0.0125
308.25	0.011
308.375	0.0094
308.5	0.0086
308.625	0.0047
308.75	0.0047
308.875	0.0047
309.0	0.0047
309.125	0.0023
309.25	0.0015
309.375	0.0023
309.5	0.0023
309.625	0.0015
309.75	0.0031
309.875	0.0
310.0	0.0039
310.125	0.0023
310.25	0.0015
310.375	0.0031
310.5	0.0031
310.625	0.0023
310.75	7.0E-4
310.875	7.0E-4
311.0	0.0023
311.125	0.0031
311.25	0.0047
311.375	0.0047
311.5	0.0047
311.625	0.0047
311.75	0.0039
311.875	0.0047
312.0	0.0055
312.125	0.0047
312.25	0.0062
312.375	0.0086
312.5	0.0086
312.625	0.0055
312.75	0.0094
312.875	0.0094
313.0	0.0094
313.125	0.0062
313.25	0.0062
313.375	0.0055
313.5	0.0062
313.625	0.0047
313.75	0.0047
313.875	0.0047
314.0	0.0047
314.125	0.0047
314.25	0.0047
314.375	0.0031
314.5	0.0015
314.625	0.0015
314.75	0.0047
314.875	0.0023
315.0	0.0015
315.125	0.0031
315.25	0.0023
315.375	0.0023
315.5	0.0039
315.625	0.0047
315.75	0.0023
315.875	0.0023
316.0	0.0
316.125	0.0047
316.25	0.0047
316.375	0.0047
316.5	0.0031
316.625	0.0047
316.75	0.0047
316.875	0.0047
317.0	0.0015
317.125	0.0039
317.25	0.0031
317.375	0.0031
317.5	0.0047
317.625	0.0039
317.75	0.0015
317.875	0.0047
318.0	0.0039
318.125	0.0031
318.25	0.0031
318.375	0.0047
318.5	7.0E-4
318.625	0.0039
318.75	0.0047
318.875	0.0047
319.0	0.0047
319.125	0.0039
319.25	0.0047
319.375	0.0039
319.5	0.0031
319.625	0.0047
319.75	0.0039
319.875	0.0047
320.0	0.0039
320.125	0.0047
320.25	0.0039
320.375	0.0047
320.5	0.0023
320.625	0.0047
320.75	0.0047
320.875	0.0039
321.0	0.0047
321.125	0.0047
321.25	0.0047
321.375	0.0039
321.5	0.0039
321.625	0.0047
321.75	0.0039
321.875	0.0047
322.0	0.0031
322.125	0.0047
322.25	0.0047
322.375	0.0047
322.5	0.0047
322.625	0.0039
322.75	0.0047
322.875	0.0055
323.0	0.0055
323.125	0.0039
323.25	0.0047
323.375	0.0047
323.5	0.0047
323.625	0.0047
323.75	0.0039
323.875	0.0047
324.0	0.0047
324.125	0.0047
324.25	0.0047
324.375	0.0047
324.5	0.0047
324.625	0.0047
324.75	0.0047
324.875	0.0047
325.0	0.0047
325.125	0.0047
325.25	0.0047
325.375	0.0047
325.5	0.0047
325.625	0.0047
325.75	0.0047
325.875	0.0047
326.0	0.0047
326.125	0.0047
326.25	0.0047
326.375	0.0047
326.5	0.007
326.625	0.0047
326.75	0.0047
326.875	0.0062
327.0	0.0055
327.125	0.0055
327.25	0.0078
327.375	0.0094
327.5	0.0102
327.625	0.011
327.75	0.0133
327.875	0.0125
328.0	0.0149
328.125	0.0141
328.25	0.0141
328.375	0.0141
328.5	0.0157
328.625	0.0141
328.75	0.0141
328.875	0.0141
329.0	0.0141
329.125	0.0125
329.25	0.0117
329.375	0.0094
329.5	0.0086
329.625	0.0094
329.75	0.0078
329.875	0.007
330.0	0.0062
330.125	0.007
330.25	0.0078
330.375	0.0055
330.5	0.0078
330.625	0.0078
330.75	0.0086
330.875	0.007
331.0	0.0094
331.125	0.0086
331.25	0.0086
331.375	0.0094
331.5	0.0078
331.625	0.0078
331.75	0.007
331.875	0.0086
332.0	0.0094
332.125	0.0078
332.25	0.0094
332.375	0.0094
332.5	0.0062
332.625	0.0086
332.75	0.0094
332.875	0.0094
333.0	0.0094
333.125	0.0094
333.25	0.007
333.375	0.0094
333.5	0.0094
333.625	0.0094
333.75	0.0094
333.875	0.0094
334.0	0.0094
334.125	0.0094
334.25	0.0094
334.375	0.0094
334.5	0.0094
334.625	0.0094
334.75	0.0094
334.875	0.0094
335.0	0.0094
335.125	0.0094
335.25	0.0086
335.375	0.0102
335.5	0.0094
335.625	0.0102
335.75	0.0094
335.875	0.0094
336.0	0.0094
336.125	0.0094
336.25	0.011
336.375	0.0094
336.5	0.0094
336.625	0.0086
336.75	0.0094
336.875	0.0094
337.0	0.0094
337.125	0.0102
337.25	0.0094
337.375	0.0102
337.5	0.0094
337.625	0.0094
337.75	0.0117
337.875	0.011
338.0	0.0102
338.125	0.0117
338.25	0.0094
338.375	0.0117
338.5	0.0094
338.625	0.0102
338.75	0.011
338.875	0.0102
339.0	0.0133
339.125	0.011
339.25	0.0117
339.375	0.0117
339.5	0.0117
339.625	0.0102
339.75	0.0117
339.875	0.0117
340.0	0.0117
340.125	0.0125
340.25	0.0102
340.375	0.0117
340.5	0.0117
340.625	0.0125
340.75	0.0141
340.875	0.0125
341.0	0.0141
341.125	0.0141
341.25	0.0133
341.375	0.0125
341.5	0.0141
341.625	0.0141
341.75	0.0125
341.875	0.0141
342.0	0.0141
342.125	0.0141
342.25	0.0141
342.375	0.0141
342.5	0.0157
342.625	0.0141
342.75	0.0141
342.875	0.0141
343.0	0.0141
343.125	0.0141
343.25	0.0141
343.375	0.0149
343.5	0.0141
343.625	0.0141
343.75	0.0141
343.875	0.0141
344.0	0.0141
344.125	0.0149
344.25	0.0141
344.375	0.0141
344.5	0.0149
344.625	0.0141
344.75	0.0141
344.875	0.0149
345.0	0.0141
345.125	0.0141
345.25	0.0149
345.375	0.0141
345.5	0.0141
345.625	0.0165
345.75	0.0165
345.875	0.0157
346.0	0.0157
346.125	0.0157
346.25	0.0172
346.375	0.0149
346.5	0.0157
346.625	0.0157
346.75	0.0157
346.875	0.0157
347.0	0.0157
347.125	0.0157
347.25	0.0172
347.375	0.0165
347.5	0.0165
347.625	0.0172
347.75	0.0165
347.875	0.0188
348.0	0.0188
348.125	0.0188
348.25	0.0165
348.375	0.018
348.5	0.0188
348.625	0.0165
348.75	0.0172
348.875	0.0188
349.0	0.0172
349.125	0.018
349.25	0.0188
349.375	0.0172
349.5	0.018
349.625	0.0188
349.75	0.0188
349.875	0.0188
350.0	0.0196
350.125	0.0172
350.25	0.0196
350.375	0.0196
350.5	0.0196
350.625	0.0188
350.75	0.0212
350.875	0.0196
351.0	0.0204
351.125	0.0188
351.25	0.0188
351.375	0.0188
351.5	0.0188
351.625	0.0188
351.75	0.0196
351.875	0.0188
352.0	0.0188
352.125	0.0196
352.25	0.0196
352.375	0.0188
352.5	0.0188
352.625	0.0188
352.75	0.0188
352.875	0.022
353.0	0.0188
353.125	0.0196
353.25	0.0212
353.375	0.0212
353.5	0.0196
353.625	0.0212
353.75	0.0196
353.875	0.0196
354.0	0.0227
354.125	0.0188
354.25	0.0204
354.375	0.0188
354.5	0.0188
354.625	0.0212
354.75	0.0204
354.875	0.0196
355.0	0.0227
355.125	0.022
355.25	0.0204
355.375	0.0235
355.5	0.0235
355.625	0.0227
355.75	0.0227
355.875	0.0235
356.0	0.0235
356.125	0.0235
356.25	0.0235
356.375	0.0235
356.5	0.0235
356.625	0.0243
356.75	0.0243
356.875	0.0243
357.0	0.0259
357.125	0.0322
357.25	0.0424
357.375	0.0589
357.5	0.0856
357.625	0.1163
357.75	0.1533
357.875	0.1996
358.0	0.257
358.125	0.3278
358.25	0.4025
358.375	0.4842
358.5	0.5738
358.625	0.6666
358.75	0.7507
358.875	0.8144
359.0	0.8639
359.125	0.8922
359.25	0.9072
359.375	0.9103
359.5	0.9033
359.625	0.8812
359.75	0.8443
359.875	0.7861
360.0	0.7154
360.125	0.6328
360.25	0.5369
360.375	0.4473
360.5	0.3655
360.625	0.2971
360.75	0.25
360.875	0.2154
361.0	0.1823
361.125	0.1548
361.25	0.1297
361.375	0.1029
361.5	0.0794
361.625	0.0597
361.75	0.0424
361.875	0.0345
362.0	0.0283
362.125	0.0283
362.25	0.0283
362.375	0.0275
362.5	0.0259
362.625	0.0243
362.75	0.0251
362.875	0.0251
363.0	0.0243
363.125	0.0235
363.25	0.0243
363.375	0.0243
363.5	0.0235
363.625	0.0243
363.75	0.0251
363.875	0.0259
364.0	0.0251
364.125	0.0243
364.25	0.0235
364.375	0.0235
364.5	0.0243
364.625	0.0243
364.75	0.0235
364.875	0.0235
365.0	0.0235
365.125	0.0235
365.25	0.0235
365.375	0.0243
365.5	0.0235
365.625	0.0235
365.75	0.0235
365.875	0.0243
366.0	0.0235
366.125	0.0243
366.25	0.0243
366.375	0.0235
366.5	0.022
366.625	0.0235
366.75	0.022
366.875	0.0235
367.0	0.0235
367.125	0.0235
367.25	0.0235
367.375	0.0235
367.5	0.0235
367.625	0.0235
367.75	0.0235
367.875	0.0251
368.0	0.0251
368.125	0.0259
368.25	0.0283
368.375	0.0283
368.5	0.0283
368.625	0.0283
368.75	0.0283
368.875	0.0283
369.0	0.0283
369.125	0.0283
369.25	0.0283
369.375	0.0283
369.5	0.0283
369.625	0.0283
369.75	0.0275
369.875	0.029
370.0	0.0283
370.125	0.0283
370.25	0.0283
370.375	0.0283
370.5	0.0283
370.625	0.0283
370.75	0.0283
370.875	0.0283
371.0	0.0283
371.125	0.0283
371.25	0.0283
371.375	0.0283
371.5	0.0283
371.625	0.029
371.75	0.0306
371.875	0.0322
372.0	0.0322
372.125	0.033
372.25	0.0322
372.375	0.033
372.5	0.0338
372.625	0.0345
372.75	0.033
372.875	0.0338
373.0	0.0361
373.125	0.0393
373.25	0.0377
373.375	0.0408
373.5	0.0416
373.625	0.04
373.75	0.0408
373.875	0.0393
374.0	0.0393
374.125	0.0393
374.25	0.0385
374.375	0.0408
374.5	0.0385
374.625	0.0385
374.75	0.0377
374.875	0.0377
375.0	0.0377
375.125	0.0377
375.25	0.0377
375.375	0.0377
375.5	0.0369
375.625	0.0338
375.75	0.0369
375.875	0.0345
376.0	0.0338
376.125	0.0369
376.25	0.033
376.375	0.033
376.5	0.033
376.625	0.033
376.75	0.033
376.875	0.033
377.0	0.029
377.125	0.0306
377.25	0.0306
377.375	0.0298
377.5	0.029
377.625	0.0283
377.75	0.0283
377.875	0.0314
378.0	0.029
378.125	0.0283
378.25	0.0283
378.375	0.0283
378.5	0.0283
378.625	0.0283
378.75	0.0283
378.875	0.0283
379.0	0.0283
379.125	0.0283
379.25	0.0275
379.375	0.0283
379.5	0.0251
379.625	0.0267
379.75	0.0275
379.875	0.0267
380.0	0.0251
380.125	0.0259
380.25	0.0259
380.375	0.0235
380.5	0.0235
380.625	0.0243
380.75	0.0235
380.875	0.0235
381.0	0.0243
381.125	0.0235
381.25	0.0235
381.375	0.0251
381.5	0.0235
381.625	0.0235
381.75	0.0235
381.875	0.0235
382.0	0.0251
382.125	0.0235
382.25	0.0235
382.375	0.0235
382.5	0.0235
382.625	0.0235
382.75	0.0251
382.875	0.0235
383.0	0.0235
383.125	0.0235
383.25	0.0251
383.375	0.0259
383.5	0.0251
383.625	0.0283
383.75	0.0283
383.875	0.0283
384.0	0.0283
384.125	0.0298
384.25	0.0283
384.375	0.0283
384.5	0.0306
384.625	0.0298
384.75	0.0298
384.875	0.0298
385.0	0.0283
385.125	0.0283
385.25	0.0283
385.375	0.0298
385.5	0.0283
385.625	0.0283
385.75	0.0259
385.875	0.0267
386.0	0.0275
386.125	0.0275
386.25	0.0283
386.375	0.029
386.5	0.0283
386.625	0.0283
386.75	0.0283
386.875	0.0283
387.0	0.0283
387.125	0.0306
387.25	0.0306
387.375	0.0298
387.5	0.0322
387.625	0.0298
387.75	0.0322
387.875	0.0322
388.0	0.0314
388.125	0.0322
388.25	0.033
388.375	0.0322
388.5	0.033
388.625	0.033
388.75	0.033
388.875	0.0322
389.0	0.033
389.125	0.0338
389.25	0.0361
389.375	0.033
389.5	0.0338
389.625	0.0338
389.75	0.0369
389.875	0.0377
390.0	0.0377
390.125	0.0369
390.25	0.0377
390.375	0.04
390.5	0.0385
390.625	0.04
390.75	0.0393
390.875	0.0408
391.0	0.04
391.125	0.0424
391.25	0.0432
391.375	0.0448
391.5	0.0471
391.625	0.0471
391.75	0.0479
391.875	0.0471
392.0	0.0471
392.125	0.0495
392.25	0.0518
392.375	0.0518
392.5	0.0526
392.625	0.0558
392.75	0.0566
392.875	0.0566
393.0	0.0597
393.125	0.0589
393.25	0.0613
393.375	0.0613
393.5	0.0621
393.625	0.0628
393.75	0.066
393.875	0.066
394.0	0.066
394.125	0.0707
394.25	0.0707
394.375	0.0707
394.5	0.0754
394.625	0.0754
394.75	0.077
394.875	0.0801
395.0	0.0817
395.125	0.0849
395.25	0.0864
395.375	0.0888
395.5	0.0927
395.625	0.0927
395.75	0.0974
395.875	0.099
396.0	0.1045
396.125	0.1116
396.25	0.1226
396.375	0.158
396.5	0.2444
396.625	0.4276
396.75	0.7287
396.875	1.1745
397.0	1.7161
397.125	2.3301
397.25	2.8985
397.375	3.5216
397.5	4.0767
397.625	4.5767
397.75	4.7402
397.875	4.7402
398.0	4.7394
398.125	4.7394
398.25	4.7378
398.375	4.7386
398.5	4.7386
398.625	4.7378
398.75	4.7378
398.875	4.7402
399.0	4.741
399.125	4.3526
399.25	3.5845
399.375	2.8372
399.5	2.18
399.625	1.5896
399.75	1.0511
399.875	0.6839
400.0	0.4559
400.125	0.3907
400.25	0.4158
400.375	0.4693
400.5	0.5298
400.625	0.5825
400.75	0.6407
400.875	0.6926
401.0	0.7531
401.125	0.8011
401.25	0.8443
401.375	0.8734
401.5	0.8828
401.625	0.8757
401.75	0.8498
401.875	0.8144
402.0	0.761
402.125	0.7028
402.25	0.6367
402.375	0.5699
402.5	0.5031
402.625	0.4457
402.75	0.3891
402.875	0.3388
403.0	0.3011
403.125	0.2783
403.25	0.2672
403.375	0.268
403.5	0.2712
403.625	0.2783
403.75	0.2822
403.875	0.2893
404.0	0.2932
404.125	0.2987
404.25	0.3066
404.375	0.3121
404.5	0.3191
404.625	0.3246
404.75	0.3317
404.875	0.3372
405.0	0.3435
405.125	0.3482
405.25	0.3561
405.375	0.3632
405.5	0.3694
405.625	0.3757
405.75	0.3797
405.875	0.3852
406.0	0.3922
406.125	0.3977
406.25	0.404
406.375	0.4119
406.5	0.4182
406.625	0.4229
406.75	0.4308
406.875	0.4363
407.0	0.4433
407.125	0.4496
407.25	0.4575
407.375	0.463
407.5	0.4685
407.625	0.4756
407.75	0.4827
407.875	0.4882
408.0	0.496
408.125	0.5031
408.25	0.5102
408.375	0.5172
408.5	0.5259
408.625	0.5322
408.75	0.5393
408.875	0.5455
409.0	0.5542
409.125	0.5613
409.25	0.5691
409.375	0.5778
409.5	0.5856
409.625	0.5927
409.75	0.6014
409.875	0.61
410.0	0.6163
410.125	0.625
410.25	0.6344
410.375	0.6415
410.5	0.6493
410.625	0.6572
410.75	0.6674
410.875	0.6737
411.0	0.6816
411.125	0.6894
411.25	0.6965
411.375	0.7044
411.5	0.7106
411.625	0.7185
411.75	0.7279
411.875	0.7358
412.0	0.7437
412.125	0.7523
412.25	0.761
412.375	0.7688
412.5	0.7759
412.625	0.7869
412.75	0.7955
412.875	0.8042
413.0	0.8128
413.125	0.8215
413.25	0.8333
413.375	0.8396
413.5	0.849
413.625	0.8584
413.75	0.8694
413.875	0.8789
414.0	0.8883
414.125	0.8985
414.25	0.9072
414.375	0.9158
414.5	0.9261
414.625	0.9386
414.75	0.9473
414.875	0.9567
415.0	0.9677
415.125	0.9764
415.25	0.9874
415.375	0.9976
415.5	1.007
415.625	1.0165
415.75	1.0259
415.875	1.0369
416.0	1.0455
416.125	1.0558
416.25	1.0676
416.375	1.077
416.5	1.088
416.625	1.0974
416.75	1.1069
416.875	1.1179
417.0	1.1289
417.125	1.1391
417.25	1.1477
417.375	1.1603
417.5	1.1698
417.625	1.1808
417.75	1.1918
417.875	1.1996
418.0	1.2106
418.125	1.2201
418.25	1.2334
418.375	1.2444
418.5	1.2531
418.625	1.2649
418.75	1.2767
418.875	1.2869
419.0	1.2963
419.125	1.3073
419.25	1.3191
419.375	1.3301
419.5	1.3411
419.625	1.3529
419.75	1.3608
419.875	1.3726
420.0	1.3836
420.125	1.3938
420.25	1.4033
420.375	1.4127
420.5	1.4245
420.625	1.4339
420.75	1.4441
420.875	1.4559
421.0	1.4646
421.125	1.4764
421.25	1.4874
421.375	1.4976
421.5	1.5055
421.625	1.5172
421.75	1.5275
421.875	1.5385
422.0	1.5479
422.125	1.5613
422.25	1.5707
422.375	1.5817
422.5	1.5927
422.625	1.5998
422.75	1.6132
422.875	1.6242
423.0	1.6344
423.125	1.647
423.25	1.6572
423.375	1.6674
423.5	1.6768
423.625	1.691
423.75	1.6996
423.875	1.7122
424.0	1.7224
424.125	1.7334
424.25	1.7421
424.375	1.7547
424.5	1.7649
424.625	1.7759
424.75	1.7869
424.875	1.7987
425.0	1.8081
425.125	1.8183
425.25	1.8301
425.375	1.8419
425.5	1.8529
425.625	1.8671
425.75	1.8805
425.875	1.8946
426.0	1.9143
426.125	1.9323
426.25	1.9528
426.375	1.9732
426.5	2.0
426.625	2.0251
426.75	2.0566
426.875	2.0935
427.0	2.136
427.125	2.1847
427.25	2.2484
427.375	2.3333
427.5	2.5015
427.625	2.86
427.75	3.6278
427.875	4.5751
428.0	4.7394
428.125	4.7339
428.25	4.7323
428.375	4.7284
428.5	4.7268
428.625	4.7237
428.75	4.7221
428.875	4.7197
429.0	4.7189
429.125	4.7166
429.25	4.7142
429.375	4.7142
429.5	4.7142
429.625	4.715
429.75	4.7166
429.875	4.7189
430.0	4.7229
430.125	4.726
430.25	4.7292
430.375	4.7339
430.5	4.7362
430.625	4.7378
430.75	4.7378
430.875	4.3345
431.0	3.2264
431.125	2.6446
431.25	2.3844
431.375	2.3254
431.5	2.3176
431.625	2.3191
431.75	2.3207
431.875	2.3207
432.0	2.3223
432.125	2.3254
432.25	2.3301
432.375	2.3317
432.5	2.3349
432.625	2.3349
432.75	2.3396
432.875	2.3427
433.0	2.3443
433.125	2.349
433.25	2.3537
433.375	2.3569
433.5	2.3592
433.625	2.3632
433.75	2.3687
433.875	2.3694
434.0	2.375
434.125	2.3805
434.25	2.3828
434.375	2.3883
434.5	2.3922
434.625	2.3962
434.75	2.4009
434.875	2.4064
435.0	2.4103
435.125	2.4166
435.25	2.4205
435.375	2.4245
435.5	2.4323
435.625	2.4363
435.75	2.4402
435.875	2.4449
436.0	2.4544
436.125	2.4591
436.25	2.4646
436.375	2.4716
436.5	2.4787
436.625	2.485
436.75	2.4905
436.875	2.4984
437.0	2.5062
437.125	2.5125
437.25	2.5172
437.375	2.5243
437.5	2.5298
437.625	2.5338
437.75	2.5377
437.875	2.54
438.0	2.5424
438.125	2.5432
438.25	2.544
438.375	2.5471
438.5	2.5471
438.625	2.5471
438.75	2.5471
438.875	2.5495
439.0	2.5471
439.125	2.5487
439.25	2.5487
439.375	2.5487
439.5	2.5487
439.625	2.5479
439.75	2.5503
439.875	2.5471
440.0	2.5479
440.125	2.5471
440.25	2.5479
440.375	2.5455
440.5	2.5463
440.625	2.544
440.75	2.5432
440.875	2.5424
441.0	2.5424
441.125	2.5424
441.25	2.5377
441.375	2.5377
441.5	2.5361
441.625	2.533
441.75	2.533
441.875	2.529
442.0	2.5283
442.125	2.5251
442.25	2.5235
442.375	2.5212
442.5	2.5188
442.625	2.5188
442.75	2.5157
442.875	2.511
443.0	2.5094
443.125	2.5094
443.25	2.5047
443.375	2.5047
443.5	2.5
443.625	2.4968
443.75	2.4952
443.875	2.4921
444.0	2.4897
444.125	2.4858
444.25	2.485
444.375	2.4811
444.5	2.4772
444.625	2.4764
444.75	2.4716
444.875	2.4669
445.0	2.4646
445.125	2.4599
445.25	2.4575
445.375	2.4536
445.5	2.4512
445.625	2.4481
445.75	2.4433
445.875	2.4386
446.0	2.4363
446.125	2.4308
446.25	2.4292
446.375	2.4245
446.5	2.4198
446.625	2.4127
446.75	2.4103
446.875	2.4056
447.0	2.4033
447.125	2.3985
447.25	2.3922
447.375	2.3891
447.5	2.3836
447.625	2.3797
447.75	2.375
447.875	2.3694
448.0	2.3655
448.125	2.36
448.25	2.3553
448.375	2.3506
448.5	2.3459
448.625	2.3404
448.75	2.3364
448.875	2.3309
449.0	2.3262
449.125	2.3215
449.25	2.316
449.375	2.3089
449.5	2.3042
449.625	2.3011
449.75	2.2963
449.875	2.2908
450.0	2.2845
450.125	2.2798
450.25	2.2735
450.375	2.2665
450.5	2.2641
450.625	2.2586
450.75	2.2515
450.875	2.246
451.0	2.2413
451.125	2.2358
451.25	2.2295
451.375	2.2232
451.5	2.2193
451.625	2.213
451.75	2.2051
451.875	2.2012
452.0	2.1949
452.125	2.1886
452.25	2.1831
452.375	2.1776
452.5	2.1721
452.625	2.165
452.75	2.1588
452.875	2.1525
453.0	2.147
453.125	2.1383
453.25	2.132
453.375	2.1281
453.5	2.1202
453.625	2.1132
453.75	2.1069
453.875	2.0998
454.0	2.0943
454.125	2.0872
454.25	2.0825
454.375	2.0731
454.5	2.0668
454.625	2.0613
454.75	2.0542
454.875	2.0455
455.0	2.0385
455.125	2.033
455.25	2.0251
455.375	2.0188
455.5	2.0094
455.625	2.0039
455.75	1.9976
455.875	1.9905
456.0	1.9834
456.125	1.9756
456.25	1.9693
456.375	1.9614
456.5	1.9544
456.625	1.9465
456.75	1.9394
456.875	1.9292
457.0	1.9182
457.125	1.9064
457.25	1.8954
457.375	1.8844
457.5	1.8734
457.625	1.8632
457.75	1.8522
457.875	1.8443
458.0	1.8349
458.125	1.8254
458.25	1.816
458.375	1.8081
458.5	1.8026
458.625	1.7948
458.75	1.79
458.875	1.7853
459.0	1.7798
459.125	1.7759
459.25	1.7704
459.375	1.7657
459.5	1.761
459.625	1.7515
459.75	1.7476
459.875	1.7413
460.0	1.7334
460.125	1.7248
460.25	1.7177
460.375	1.7091
460.5	1.7028
460.625	1.6957
460.75	1.6902
460.875	1.6871
461.0	1.6808
461.125	1.6776
461.25	1.6737
461.375	1.669
461.5	1.6658
461.625	1.6603
461.75	1.6556
461.875	1.6501
462.0	1.6454
462.125	1.6391
462.25	1.6344
462.375	1.6289
462.5	1.6202
462.625	1.6163
462.75	1.6077
462.875	1.6029
463.0	1.5959
463.125	1.5904
463.25	1.5817
463.375	1.5762
463.5	1.5731
463.625	1.566
463.75	1.5605
463.875	1.5542
464.0	1.5479
464.125	1.5416
464.25	1.5377
464.375	1.5306
464.5	1.5227
464.625	1.5172
464.75	1.5094
464.875	1.5047
465.0	1.4992
465.125	1.4921
465.25	1.4866
465.375	1.4787
465.5	1.4748
465.625	1.4654
465.75	1.4606
465.875	1.4536
466.0	1.4481
466.125	1.4418
466.25	1.4371
466.375	1.4308
466.5	1.4245
466.625	1.419
466.75	1.4119
466.875	1.4056
467.0	1.4009
467.125	1.3946
467.25	1.3891
467.375	1.3828
467.5	1.3773
467.625	1.3694
467.75	1.3655
467.875	1.3592
468.0	1.3506
468.125	1.3466
468.25	1.3404
468.375	1.3317
468.5	1.327
468.625	1.3207
468.75	1.3152
468.875	1.3105
469.0	1.3042
469.125	1.2995
469.25	1.2932
469.375	1.29
469.5	1.2861
469.625	1.279
469.75	1.2751
469.875	1.2712
470.0	1.268
470.125	1.2641
470.25	1.261
470.375	1.2547
470.5	1.2531
470.625	1.25
470.75	1.2468
470.875	1.2437
471.0	1.2421
471.125	1.2405
471.25	1.2382
471.375	1.2366
471.5	1.235
471.625	1.2358
471.75	1.2342
471.875	1.2311
472.0	1.2319
472.125	1.2319
472.25	1.2319
472.375	1.2358
472.5	1.2358
472.625	1.2358
472.75	1.2421
472.875	1.2452
473.0	1.2484
473.125	1.2555
473.25	1.2586
473.375	1.2672
473.5	1.2735
473.625	1.2822
473.75	1.2908
473.875	1.3018
474.0	1.3128
474.125	1.3254
474.25	1.3404
474.375	1.3545
474.5	1.3694
474.625	1.3907
474.75	1.4095
474.875	1.4308
475.0	1.4544
475.125	1.4803
475.25	1.5094
475.375	1.5385
475.5	1.5723
475.625	1.6069
475.75	1.6438
475.875	1.6831
476.0	1.724
476.125	1.768
476.25	1.8144
476.375	1.8624
476.5	1.9119
476.625	1.9622
476.75	2.0141
476.875	2.0676
477.0	2.1234
477.125	2.1823
477.25	2.2382
477.375	2.2995
477.5	2.3584
477.625	2.4237
477.75	2.4889
477.875	2.5597
478.0	2.6265
478.125	2.702
478.25	2.7751
478.375	2.8537
478.5	2.9308
478.625	3.0094
478.75	3.0849
478.875	3.1588
479.0	3.235
479.125	3.3267
479.25	3.3888
479.375	3.4446
479.5	3.4957
479.625	3.5389
479.75	3.5751
479.875	3.601
480.0	3.6191
480.125	3.6301
480.25	3.6317
480.375	3.6238
480.5	3.6112
480.625	3.59
480.75	3.5649
480.875	3.535
481.0	3.4996
481.125	3.4611
481.25	3.4186
481.375	3.373
481.5	3.3251
481.625	3.25
481.75	3.1996
481.875	3.147
482.0	3.0935
482.125	3.044
482.25	2.9921
482.375	2.9402
482.5	2.8915
482.625	2.8451
482.75	2.7979
482.875	2.7539
483.0	2.7154
483.125	2.6776
483.25	2.6454
483.375	2.6155
483.5	2.5904
483.625	2.5683
483.75	2.5495
483.875	2.5322
484.0	2.5165
484.125	2.5
484.25	2.485
484.375	2.4701
484.5	2.4544
484.625	2.4371
484.75	2.4237
484.875	2.404
485.0	2.3844
485.125	2.3584
485.25	2.3356
485.375	2.305
485.5	2.2727
485.625	2.2413
485.75	2.2091
485.875	2.1753
486.0	2.1422
486.125	2.1108
486.25	2.0809
486.375	2.0511
486.5	2.0227
486.625	1.9952
486.75	1.9724
486.875	1.9496
487.0	1.9268
487.125	1.9025
487.25	1.8812
487.375	1.8608
487.5	1.8388
487.625	1.8168
487.75	1.7979
487.875	1.7783
488.0	1.7594
488.125	1.7413
488.25	1.7216
488.375	1.7028
488.5	1.6855
488.625	1.6682
488.75	1.6517
488.875	1.6336
489.0	1.6147
489.125	1.5998
489.25	1.5833
489.375	1.566
489.5	1.5503
489.625	1.5369
489.75	1.5172
489.875	1.5039
490.0	1.4874
490.125	1.474
490.25	1.4599
490.375	1.4449
490.5	1.4284
490.625	1.4143
490.75	1.3993
490.875	1.3836
491.0	1.3702
491.125	1.3553
491.25	1.3396
491.375	1.3223
491.5	1.3066
491.625	1.2924
491.75	1.2767
491.875	1.2625
492.0	1.2476
492.125	1.2327
492.25	1.2185
492.375	1.2059
492.5	1.1941
492.625	1.1792
492.75	1.1682
492.875	1.1548
493.0	1.1415
493.125	1.1328
493.25	1.1226
493.375	1.1124
493.5	1.1014
493.625	1.0911
493.75	1.0833
493.875	1.0731
494.0	1.0644
494.125	1.0558
494.25	1.0487
494.375	1.04
494.5	1.0345
494.625	1.0275
494.75	1.022
494.875	1.0133
495.0	1.0086
495.125	1.0047
495.25	0.9984
495.375	0.9944
495.5	0.9882
495.625	0.9842
495.75	0.9795
495.875	0.9772
496.0	0.9724
496.125	0.9701
496.25	0.9661
496.375	0.9622
496.5	0.9606
496.625	0.9591
496.75	0.9559
496.875	0.9544
497.0	0.9528
497.125	0.9488
497.25	0.9481
497.375	0.9481
497.5	0.9473
497.625	0.9473
497.75	0.9465
497.875	0.9465
498.0	0.9473
498.125	0.9465
498.25	0.9481
498.375	0.9481
498.5	0.9481
498.625	0.9496
498.75	0.9528
498.875	0.9528
499.0	0.9528
499.125	0.9551
499.25	0.9575
499.375	0.9599
499.5	0.9622
499.625	0.9646
499.75	0.9669
499.875	0.9716
500.0	0.9716
500.125	0.974
500.25	0.9764
500.375	0.9811
500.5	0.9819
500.625	0.9858
500.75	0.9889
500.875	0.9937
501.0	0.9976
501.125	1.0
501.25	1.0039
501.375	1.007
501.5	1.0117
501.625	1.0157
501.75	1.0188
501.875	1.0235
502.0	1.0275
502.125	1.0322
502.25	1.0338
502.375	1.0377
502.5	1.04
502.625	1.0424
502.75	1.0471
502.875	1.0495
503.0	1.0518
503.125	1.0526
503.25	1.0566
503.375	1.0573
503.5	1.0613
503.625	1.0613
503.75	1.066
503.875	1.066
504.0	1.0691
504.125	1.0707
504.25	1.0731
504.375	1.0754
504.5	1.0754
504.625	1.0794
504.75	1.0801
504.875	1.0801
505.0	1.0849
505.125	1.0849
505.25	1.0864
505.375	1.0896
505.5	1.0896
505.625	1.0896
505.75	1.0919
505.875	1.0896
506.0	1.0943
506.125	1.0943
506.25	1.0927
506.375	1.0935
506.5	1.0943
506.625	1.0927
506.75	1.0911
506.875	1.0943
507.0	1.0896
507.125	1.0888
507.25	1.0849
507.375	1.0849
507.5	1.0833
507.625	1.0801
507.75	1.077
507.875	1.0738
508.0	1.0723
508.125	1.0691
508.25	1.0691
508.375	1.066
508.5	1.0613
508.625	1.0597
508.75	1.0566
508.875	1.0534
509.0	1.0518
509.125	1.0479
509.25	1.0455
509.375	1.0424
509.5	1.0408
509.625	1.0377
509.75	1.033
509.875	1.0298
510.0	1.0259
510.125	1.0204
510.25	1.018
510.375	1.0125
510.5	1.0086
510.625	1.0031
510.75	1.0007
510.875	0.9937
511.0	0.9897
511.125	0.9842
511.25	0.9803
511.375	0.9756
511.5	0.9693
511.625	0.9669
511.75	0.9599
511.875	0.9567
512.0	0.9504
512.125	0.9465
512.25	0.941
512.375	0.9371
512.5	0.9316
512.625	0.9261
512.75	0.9229
512.875	0.9182
513.0	0.9135
513.125	0.9095
513.25	0.9025
513.375	0.8977
513.5	0.8922
513.625	0.8867
513.75	0.8812
513.875	0.8757
514.0	0.8726
514.125	0.8663
514.25	0.8616
514.375	0.8561
514.5	0.8514
514.625	0.8451
514.75	0.8411
514.875	0.8356
515.0	0.8301
515.125	0.8254
515.25	0.8223
515.375	0.816
515.5	0.8113
515.625	0.805
515.75	0.8018
515.875	0.7979
516.0	0.794
516.125	0.7885
516.25	0.7838
516.375	0.7798
516.5	0.7735
516.625	0.7696
516.75	0.7641
516.875	0.7602
517.0	0.7562
517.125	0.7515
517.25	0.7492
517.375	0.7421
517.5	0.7405
517.625	0.7358
517.75	0.7287
517.875	0.7279
518.0	0.7224
518.125	0.7169
518.25	0.7161
518.375	0.7114
518.5	0.7075
518.625	0.7044
518.75	0.6981
518.875	0.6981
519.0	0.6933
519.125	0.6902
519.25	0.6847
519.375	0.6823
519.5	0.68
519.625	0.6768
519.75	0.6729
519.875	0.6698
520.0	0.6666
520.125	0.6635
520.25	0.6619
520.375	0.6588
520.5	0.6556
520.625	0.6517
520.75	0.6477
520.875	0.6438
521.0	0.6415
521.125	0.6367
521.25	0.6344
521.375	0.6297
521.5	0.6273
521.625	0.6226
521.75	0.6194
521.875	0.6163
522.0	0.6132
522.125	0.6084
522.25	0.6069
522.375	0.6037
522.5	0.599
522.625	0.5974
522.75	0.5959
522.875	0.5927
523.0	0.5904
523.125	0.588
523.25	0.5849
523.375	0.5841
523.5	0.5809
523.625	0.5801
523.75	0.577
523.875	0.5786
524.0	0.5754
524.125	0.5754
524.25	0.5754
524.375	0.5762
524.5	0.5801
524.625	0.5809
524.75	0.5849
524.875	0.5904
525.0	0.5966
525.125	0.6061
525.25	0.6155
525.375	0.6265
525.5	0.6383
525.625	0.6517
525.75	0.6619
525.875	0.6745
526.0	0.6831
526.125	0.6926
526.25	0.7036
526.375	0.7075
526.5	0.7138
526.625	0.7177
526.75	0.7185
526.875	0.7185
527.0	0.7169
527.125	0.7146
527.25	0.7099
527.375	0.7044
527.5	0.7012
527.625	0.6981
527.75	0.6949
527.875	0.6981
528.0	0.6988
528.125	0.7044
528.25	0.7099
528.375	0.7201
528.5	0.7334
528.625	0.75
528.75	0.7665
528.875	0.7893
529.0	0.8176
529.125	0.8451
529.25	0.8781
529.375	0.9158
529.5	0.9583
529.625	1.007
529.75	1.0558
529.875	1.1092
530.0	1.1674
530.125	1.2295
530.25	1.2908
530.375	1.3561
530.5	1.4221
530.625	1.4866
530.75	1.5495
530.875	1.6132
531.0	1.6768
531.125	1.7405
531.25	1.8066
531.375	1.8742
531.5	1.9465
531.625	2.0259
531.75	2.1187
531.875	2.2201
532.0	2.3419
532.125	2.474
532.25	2.6257
532.375	2.7979
532.5	2.9944
532.625	3.2075
532.75	3.4839
532.875	3.7583
533.0	4.0633
533.125	4.4304
533.25	4.7024
533.375	4.7394
533.5	4.7394
533.625	4.7378
533.75	4.7362
533.875	4.7355
534.0	4.7362
534.125	4.7339
534.25	4.7355
534.375	4.7331
534.5	4.7331
534.625	4.7331
534.75	4.7323
534.875	4.7331
535.0	4.7331
535.125	4.7331
535.25	4.7331
535.375	4.7323
535.5	4.7339
535.625	4.7339
535.75	4.7331
535.875	4.7331
536.0	4.7331
536.125	4.7339
536.25	4.7355
536.375	4.7339
536.5	4.7339
536.625	4.7362
536.75	4.7355
536.875	4.7378
537.0	4.737
537.125	4.7362
537.25	4.7347
537.375	4.7331
537.5	4.7355
537.625	4.7347
537.75	4.7331
537.875	4.7323
538.0	4.7323
538.125	4.7268
538.25	4.7284
538.375	4.7268
538.5	4.7244
538.625	4.7244
538.75	4.7229
538.875	4.7237
539.0	4.7237
539.125	4.7237
539.25	4.7237
539.375	4.7229
539.5	4.7244
539.625	4.726
539.75	4.7268
539.875	4.7284
540.0	4.7292
540.125	4.7307
540.25	4.7331
540.375	4.7339
540.5	4.7347
540.625	4.737
540.75	4.737
540.875	4.7378
541.0	4.7378
541.125	4.7378
541.25	4.7378
541.375	4.7378
541.5	4.7378
541.625	4.7402
541.75	4.7307
541.875	4.5649
542.0	4.4147
542.125	4.259
542.25	4.1136
542.375	3.9682
542.5	3.8306
542.625	3.6875
542.75	3.5586
542.875	3.4289
543.0	3.3062
543.125	3.154
543.25	3.0353
543.375	2.9221
543.5	2.8089
543.625	2.7004
543.75	2.6022
543.875	2.5047
544.0	2.4064
544.125	2.3144
544.25	2.2248
544.375	2.1383
544.5	2.0542
544.625	1.9772
544.75	1.9025
544.875	1.8317
545.0	1.7665
545.125	1.7036
545.25	1.643
545.375	1.5856
545.5	1.5314
545.625	1.4756
545.75	1.4229
545.875	1.3726
546.0	1.327
546.125	1.2767
546.25	1.2311
546.375	1.1886
546.5	1.1462
546.625	1.1022
546.75	1.0636
546.875	1.0227
547.0	0.9827
547.125	0.9457
547.25	0.9095
547.375	0.871
547.5	0.8388
547.625	0.8058
547.75	0.7727
547.875	0.7421
548.0	0.7146
548.125	0.6855
548.25	0.6611
548.375	0.6352
548.5	0.6124
548.625	0.5927
548.75	0.5731
548.875	0.5573
549.0	0.5377
549.125	0.5212
549.25	0.5055
549.375	0.4913
549.5	0.4787
549.625	0.4654
549.75	0.4536
549.875	0.4426
550.0	0.4308
550.125	0.4213
550.25	0.4119
550.375	0.4017
550.5	0.393
550.625	0.3836
550.75	0.3742
550.875	0.3663
551.0	0.3584
551.125	0.3522
551.25	0.3443
551.375	0.3372
551.5	0.3301
551.625	0.3231
551.75	0.3168
551.875	0.3089
552.0	0.3026
552.125	0.2979
552.25	0.294
552.375	0.2877
552.5	0.2822
552.625	0.2775
552.75	0.2735
552.875	0.2665
553.0	0.2633
553.125	0.2602
553.25	0.2547
553.375	0.2507
553.5	0.2492
553.625	0.246
553.75	0.2405
553.875	0.2397
554.0	0.235
554.125	0.2358
554.25	0.2311
554.375	0.2303
554.5	0.2279
554.625	0.2264
554.75	0.2232
554.875	0.2216
555.0	0.2193
555.125	0.2169
555.25	0.2154
555.375	0.2122
555.5	0.2122
555.625	0.2075
555.75	0.2075
555.875	0.2044
556.0	0.202
556.125	0.1996
556.25	0.1973
556.375	0.1941
556.5	0.191
556.625	0.1886
556.75	0.1878
556.875	0.1839
557.0	0.1831
557.125	0.1792
557.25	0.1784
557.375	0.1745
557.5	0.1737
557.625	0.1698
557.75	0.1698
557.875	0.1658
558.0	0.1643
558.125	0.1627
558.25	0.1603
558.375	0.1603
558.5	0.1595
558.625	0.1556
558.75	0.1556
558.875	0.1533
559.0	0.1533
559.125	0.1509
559.25	0.1509
559.375	0.1509
559.5	0.1509
559.625	0.1501
559.75	0.1509
559.875	0.147
560.0	0.1462
560.125	0.147
560.25	0.147
560.375	0.147
560.5	0.1477
560.625	0.1477
560.75	0.1462
560.875	0.147
561.0	0.1462
561.125	0.1462
561.25	0.1462
561.375	0.143
561.5	0.1422
561.625	0.1422
561.75	0.1415
561.875	0.1407
562.0	0.1375
562.125	0.1367
562.25	0.136
562.375	0.132
562.5	0.132
562.625	0.1281
562.75	0.1265
562.875	0.1242
563.0	0.121
563.125	0.1187
563.25	0.1163
563.375	0.1147
563.5	0.1132
563.625	0.1116
563.75	0.1084
563.875	0.1084
564.0	0.1084
564.125	0.1045
564.25	0.1037
564.375	0.1037
564.5	0.1037
564.625	0.1022
564.75	0.1022
564.875	0.1029
565.0	0.099
565.125	0.099
565.25	0.0998
565.375	0.099
565.5	0.0998
565.625	0.099
565.75	0.1022
565.875	0.099
566.0	0.1037
566.125	0.1006
566.25	0.1037
566.375	0.1029
566.5	0.1037
566.625	0.1029
566.75	0.1053
566.875	0.1069
567.0	0.1084
567.125	0.11
567.25	0.1132
567.375	0.1155
567.5	0.1187
567.625	0.1218
567.75	0.1257
567.875	0.1297
568.0	0.1391
568.125	0.1517
568.25	0.1808
568.375	0.2327
568.5	0.3262
568.625	0.4599
568.75	0.6202
568.875	0.7814
569.0	0.9316
569.125	1.0573
569.25	1.1713
569.375	1.2798
569.5	1.3812
569.625	1.4772
569.75	1.5581
569.875	1.6265
570.0	1.6611
570.125	1.658
570.25	1.6234
570.375	1.5597
570.5	1.4882
570.625	1.4261
570.75	1.3954
570.875	1.3946
571.0	1.415
571.125	1.4371
571.25	1.4481
571.375	1.4646
571.5	1.4913
571.625	1.5361
571.75	1.6014
571.875	1.6808
572.0	1.7602
572.125	1.8191
572.25	1.8419
572.375	1.8262
572.5	1.7704
572.625	1.6784
572.75	1.5613
572.875	1.4449
573.0	1.3325
573.125	1.2397
573.25	1.1611
573.375	1.0935
573.5	1.0345
573.625	0.9819
573.75	0.9371
573.875	0.9095
574.0	0.8962
574.125	0.8907
574.25	0.8922
574.375	0.9009
574.5	0.915
574.625	0.9339
574.75	0.9591
574.875	0.9882
575.0	1.022
575.125	1.0566
575.25	1.0998
575.375	1.1391
575.5	1.1823
575.625	1.2232
575.75	1.261
575.875	1.2924
576.0	1.3238
576.125	1.3482
576.25	1.3679
576.375	1.3828
576.5	1.393
576.625	1.4001
576.75	1.4017
576.875	1.3977
577.0	1.393
577.125	1.382
577.25	1.371
577.375	1.3545
577.5	1.3364
577.625	1.3183
577.75	1.2979
577.875	1.2767
578.0	1.2586
578.125	1.2397
578.25	1.2232
578.375	1.2067
578.5	1.2012
578.625	1.1981
578.75	1.2083
578.875	1.2319
579.0	1.2672
579.125	1.3128
579.25	1.3663
579.375	1.4245
579.5	1.4787
579.625	1.5283
579.75	1.5778
579.875	1.6194
580.0	1.6564
580.125	1.6839
580.25	1.7044
580.375	1.7091
580.5	1.6973
580.625	1.669
580.75	1.6187
580.875	1.5534
581.0	1.4756
581.125	1.3938
581.25	1.2971
581.375	1.2106
581.5	1.121
581.625	1.044
581.75	0.9716
581.875	0.908
582.0	0.8553
582.125	0.8136
582.25	0.7814
582.375	0.7586
582.5	0.7397
582.625	0.7303
582.75	0.7201
582.875	0.7169
583.0	0.7169
583.125	0.7201
583.25	0.7248
583.375	0.7311
583.5	0.7405
583.625	0.7507
583.75	0.7625
583.875	0.7767
584.0	0.7916
584.125	0.8121
584.25	0.8325
584.375	0.8577
584.5	0.8883
584.625	0.9229
584.75	0.9614
584.875	1.0031
585.0	1.0487
585.125	1.0959
585.25	1.1407
585.375	1.1855
585.5	1.2224
585.625	1.2555
585.75	1.2798
585.875	1.2971
586.0	1.3066
586.125	1.3058
586.25	1.2908
586.375	1.2688
586.5	1.2327
586.625	1.1878
586.75	1.1328
586.875	1.0723
587.0	1.0086
587.125	0.9426
587.25	0.8781
587.375	0.8152
587.5	0.7578
587.625	0.7044
587.75	0.6588
587.875	0.6194
588.0	0.588
588.125	0.5605
588.25	0.54
588.375	0.522
588.5	0.511
588.625	0.5
588.75	0.4921
588.875	0.4858
589.0	0.4819
589.125	0.4803
589.25	0.4764
589.375	0.4756
589.5	0.4748
589.625	0.4764
589.75	0.4795
589.875	0.4811
590.0	0.4866
590.125	0.4921
590.25	0.5015
590.375	0.5117
590.5	0.5243
590.625	0.5385
590.75	0.5566
590.875	0.577
591.0	0.5998
591.125	0.6242
591.25	0.6485
591.375	0.6768
591.5	0.702
591.625	0.7264
591.75	0.7484
591.875	0.7665
592.0	0.7822
592.125	0.7948
592.25	0.8011
592.375	0.8042
592.5	0.8026
592.625	0.7932
592.75	0.7798
592.875	0.7617
593.0	0.7382
593.125	0.7122
593.25	0.6823
593.375	0.654
593.5	0.6218
593.625	0.5919
593.75	0.5589
593.875	0.5314
594.0	0.5015
594.125	0.4764
594.25	0.4504
594.375	0.4268
594.5	0.4056
594.625	0.3852
594.75	0.371
594.875	0.3545
595.0	0.3435
595.125	0.3317
595.25	0.3231
595.375	0.3136
595.5	0.3081
595.625	0.3018
595.75	0.2995
595.875	0.2971
596.0	0.2963
596.125	0.2963
596.25	0.294
596.375	0.2971
596.5	0.2979
596.625	0.3018
596.75	0.3042
596.875	0.3081
597.0	0.3113
597.125	0.316
597.25	0.3191
597.375	0.3231
597.5	0.3278
597.625	0.3309
597.75	0.3356
597.875	0.3411
598.0	0.3451
598.125	0.3506
598.25	0.3569
598.375	0.3639
598.5	0.371
598.625	0.3781
598.75	0.3867
598.875	0.3962
599.0	0.4072
599.125	0.4182
599.25	0.4316
599.375	0.4465
599.5	0.4606
599.625	0.4764
599.75	0.4937
599.875	0.5141
600.0	0.5369
600.125	0.5605
600.25	0.5841
600.375	0.6124
600.5	0.6438
600.625	0.6761
600.75	0.7146
600.875	0.7562
601.0	0.8011
601.125	0.8545
601.25	0.9103
601.375	0.9779
601.5	1.0495
601.625	1.1328
601.75	1.2295
601.875	1.3396
602.0	1.463
602.125	1.6171
602.25	1.794
602.375	2.0212
602.5	2.3042
602.625	2.6477
602.75	3.0683
602.875	3.627
603.0	4.2339
603.125	4.6993
603.25	4.7378
603.375	4.7378
603.5	4.7378
603.625	4.7378
603.75	4.7339
603.875	4.7355
604.0	4.7339
604.125	4.7331
604.25	4.7331
604.375	4.7331
604.5	4.7323
604.625	4.7331
604.75	4.7331
604.875	4.7331
605.0	4.7347
605.125	4.7339
605.25	4.7347
605.375	4.7378
605.5	4.7378
605.625	4.7378
605.75	4.741
605.875	4.7378
606.0	4.6222
606.125	4.2811
606.25	4.0138
606.375	3.8164
606.5	3.6545
606.625	3.5303
606.75	3.4249
606.875	3.3353
607.0	3.2232
607.125	3.143
607.25	3.0676
607.375	2.9905
607.5	2.9048
607.625	2.8168
607.75	2.7256
607.875	2.6297
608.0	2.5227
608.125	2.4127
608.25	2.2987
608.375	2.1831
608.5	2.066
608.625	1.9481
608.75	1.8317
608.875	1.7209
609.0	1.6139
609.125	1.5157
609.25	1.4245
609.375	1.3388
609.5	1.2633
609.625	1.1933
609.75	1.1305
609.875	1.0746
610.0	1.0267
610.125	0.9811
610.25	0.9418
610.375	0.9072
610.5	0.8765
610.625	0.8474
610.75	0.8254
610.875	0.805
611.0	0.7853
611.125	0.768
611.25	0.7531
611.375	0.7429
611.5	0.7327
611.625	0.7256
611.75	0.7216
611.875	0.7169
612.0	0.7122
612.125	0.7146
612.25	0.7169
612.375	0.7201
612.5	0.724
612.625	0.7311
612.75	0.7389
612.875	0.7444
613.0	0.7531
613.125	0.7625
613.25	0.772
613.375	0.7798
613.5	0.7861
613.625	0.794
613.75	0.7971
613.875	0.8003
614.0	0.8011
614.125	0.8018
614.25	0.8026
614.375	0.8026
614.5	0.8018
614.625	0.8018
614.75	0.8018
614.875	0.8018
615.0	0.8018
615.125	0.8066
615.25	0.8081
615.375	0.8128
615.5	0.8191
615.625	0.8246
615.75	0.8286
615.875	0.8364
616.0	0.8443
616.125	0.8522
616.25	0.8592
616.375	0.8647
616.5	0.871
616.625	0.8765
616.75	0.8828
616.875	0.8828
617.0	0.8867
617.125	0.8883
617.25	0.8915
617.375	0.8922
617.5	0.8954
617.625	0.8962
617.75	0.8962
617.875	0.8962
618.0	0.8962
618.125	0.897
618.25	0.8962
618.375	0.8962
618.5	0.8938
618.625	0.8922
618.75	0.8915
618.875	0.8867
619.0	0.8828
619.125	0.8773
619.25	0.871
619.375	0.8624
619.5	0.8522
619.625	0.8419
619.75	0.8333
619.875	0.8231
620.0	0.8113
620.125	0.7987
620.25	0.7869
620.375	0.7751
620.5	0.7649
620.625	0.7523
620.75	0.7452
620.875	0.7334
621.0	0.7248
621.125	0.7193
621.25	0.7154
621.375	0.7091
621.5	0.7075
621.625	0.7083
621.75	0.7146
621.875	0.7209
622.0	0.7327
622.125	0.7484
622.25	0.7688
622.375	0.8003
622.5	0.8341
622.625	0.875
622.75	0.9174
622.875	0.9669
623.0	1.0102
623.125	1.0581
623.25	1.0982
623.375	1.1352
623.5	1.1611
623.625	1.1816
623.75	1.1926
623.875	1.1933
624.0	1.1816
624.125	1.1588
624.25	1.1234
624.375	1.077
624.5	1.018
624.625	0.9528
624.75	0.8812
624.875	0.8066
625.0	0.7303
625.125	0.6595
625.25	0.5911
625.375	0.5298
625.5	0.4748
625.625	0.4245
625.75	0.3812
625.875	0.3466
626.0	0.316
626.125	0.2908
626.25	0.2727
626.375	0.2562
626.5	0.2429
626.625	0.2319
626.75	0.2256
626.875	0.2185
627.0	0.2106
627.125	0.2051
627.25	0.2004
627.375	0.1965
627.5	0.1933
627.625	0.1894
627.75	0.1863
627.875	0.1839
628.0	0.1816
628.125	0.1761
628.25	0.1776
628.375	0.1745
628.5	0.1698
628.625	0.1698
628.75	0.165
628.875	0.165
629.0	0.1619
629.125	0.1603
629.25	0.1572
629.375	0.1556
629.5	0.1525
629.625	0.1517
629.75	0.1509
629.875	0.1485
630.0	0.1462
630.125	0.143
630.25	0.1415
630.375	0.1375
630.5	0.1367
630.625	0.1328
630.75	0.132
630.875	0.1289
631.0	0.1273
631.125	0.1273
631.25	0.1257
631.375	0.1234
631.5	0.1242
631.625	0.1226
631.75	0.121
631.875	0.1194
632.0	0.1179
632.125	0.1179
632.25	0.1163
632.375	0.1139
632.5	0.1139
632.625	0.1139
632.75	0.1132
632.875	0.1132
633.0	0.1132
633.125	0.1132
633.25	0.1132
633.375	0.1132
633.5	0.1132
633.625	0.1132
633.75	0.1132
633.875	0.1116
634.0	0.1116
634.125	0.1132
634.25	0.1132
634.375	0.1139
634.5	0.1132
634.625	0.1132
634.75	0.1124
634.875	0.1132
635.0	0.1132
635.125	0.1132
635.25	0.1139
635.375	0.1139
635.5	0.1163
635.625	0.1163
635.75	0.1179
635.875	0.1155
636.0	0.1179
636.125	0.1179
636.25	0.1179
636.375	0.1179
636.5	0.1179
636.625	0.1179
636.75	0.1179
636.875	0.1171
637.0	0.1163
637.125	0.1163
637.25	0.1147
637.375	0.1163
637.5	0.1139
637.625	0.1132
637.75	0.1147
637.875	0.1132
638.0	0.1124
638.125	0.1139
638.25	0.1132
638.375	0.1132
638.5	0.1116
638.625	0.1108
638.75	0.1132
638.875	0.1124
639.0	0.1108
639.125	0.1116
639.25	0.1132
639.375	0.1116
639.5	0.1116
639.625	0.1084
639.75	0.1132
639.875	0.1132
640.0	0.1116
640.125	0.1116
640.25	0.1124
640.375	0.1108
640.5	0.1124
640.625	0.1132
640.75	0.1132
640.875	0.1132
641.0	0.1163
641.125	0.1179
641.25	0.121
641.375	0.1226
641.5	0.1289
641.625	0.1344
641.75	0.1391
641.875	0.1493
642.0	0.1611
642.125	0.1745
642.25	0.1902
642.375	0.2067
642.5	0.224
642.625	0.2397
642.75	0.2531
642.875	0.2688
643.0	0.2822
643.125	0.2932
643.25	0.3034
643.375	0.3081
643.5	0.3097
643.625	0.3113
643.75	0.3066
643.875	0.2987
644.0	0.2861
644.125	0.2743
644.25	0.261
644.375	0.2452
644.5	0.2319
644.625	0.2177
644.75	0.2083
644.875	0.1996
645.0	0.1902
645.125	0.1847
645.25	0.1831
645.375	0.1753
645.5	0.1776
645.625	0.1745
645.75	0.1737
645.875	0.1745
646.0	0.1729
646.125	0.1729
646.25	0.1698
646.375	0.1698
646.5	0.1643
646.625	0.1611
646.75	0.1572
646.875	0.1525
647.0	0.1485
647.125	0.1446
647.25	0.1391
647.375	0.1352
647.5	0.132
647.625	0.1289
647.75	0.125
647.875	0.1226
648.0	0.1226
648.125	0.1179
648.25	0.1171
648.375	0.1147
648.5	0.1132
648.625	0.1132
648.75	0.1132
648.875	0.1116
649.0	0.1124
649.125	0.1132
649.25	0.1116
649.375	0.1139
649.5	0.1139
649.625	0.1155
649.75	0.1179
649.875	0.1202
650.0	0.1226
650.125	0.1234
650.25	0.1265
650.375	0.1281
650.5	0.1289
650.625	0.1273
650.75	0.1273
650.875	0.1257
651.0	0.1226
651.125	0.1234
651.25	0.1202
651.375	0.1179
651.5	0.1147
651.625	0.1116
651.75	0.1077
651.875	0.1061
652.0	0.1037
652.125	0.099
652.25	0.0966
652.375	0.0927
652.5	0.0896
652.625	0.0896
652.75	0.0864
652.875	0.0864
653.0	0.0856
653.125	0.0849
653.25	0.0849
653.375	0.0856
653.5	0.0856
653.625	0.0904
653.75	0.0927
653.875	0.0966
654.0	0.1045
654.125	0.1116
654.25	0.1194
654.375	0.1281
654.5	0.1391
654.625	0.147
654.75	0.1548
654.875	0.1635
655.0	0.1698
655.125	0.1768
655.25	0.18
655.375	0.1863
655.5	0.1886
655.625	0.1886
655.75	0.1863
655.875	0.1823
656.0	0.1761
656.125	0.1674
656.25	0.1619
656.375	0.1533
656.5	0.1454
656.625	0.1375
656.75	0.1297
656.875	0.121
657.0	0.1155
657.125	0.1108
657.25	0.1045
657.375	0.1029
657.5	0.099
657.625	0.0943
657.75	0.0927
657.875	0.0896
658.0	0.0896
658.125	0.0896
658.25	0.0849
658.375	0.0849
658.5	0.0849
658.625	0.0849
658.75	0.0841
658.875	0.0849
659.0	0.0849
659.125	0.0849
659.25	0.0849
659.375	0.0849
659.5	0.0849
659.625	0.0849
659.75	0.0872
659.875	0.0856
660.0	0.0872
660.125	0.0864
660.25	0.0896
660.375	0.088
660.5	0.088
660.625	0.0896
660.75	0.0896
660.875	0.0896
661.0	0.0904
661.125	0.0896
661.25	0.0896
661.375	0.0888
661.5	0.0872
661.625	0.0856
661.75	0.0856
661.875	0.0849
662.0	0.0849
662.125	0.0825
662.25	0.0833
662.375	0.0809
662.5	0.0801
662.625	0.0801
662.75	0.0794
662.875	0.0786
663.0	0.077
663.125	0.0786
663.25	0.0778
663.375	0.0754
663.5	0.0762
663.625	0.0754
663.75	0.0754
663.875	0.0762
664.0	0.0754
664.125	0.0754
664.25	0.0754
664.375	0.0762
664.5	0.0754
664.625	0.0754
664.75	0.0754
664.875	0.0754
665.0	0.0746
665.125	0.0754
665.25	0.0731
665.375	0.0707
665.5	0.0707
665.625	0.0707
665.75	0.0707
665.875	0.0707
666.0	0.0707
666.125	0.0683
666.25	0.0691
666.375	0.0683
666.5	0.066
666.625	0.0668
666.75	0.066
666.875	0.0668
667.0	0.066
667.125	0.066
667.25	0.066
667.375	0.066
667.5	0.0652
667.625	0.0644
667.75	0.066
667.875	0.066
668.0	0.0644
668.125	0.0644
668.25	0.0636
668.375	0.0613
668.5	0.0652
668.625	0.0636
668.75	0.0628
668.875	0.0613
669.0	0.0613
669.125	0.0621
669.25	0.0613
669.375	0.0613
669.5	0.0613
669.625	0.0613
669.75	0.0613
669.875	0.0613
670.0	0.0613
670.125	0.0613
670.25	0.0621
670.375	0.0613
670.5	0.0613
670.625	0.0613
670.75	0.0621
670.875	0.0644
671.0	0.0636
671.125	0.0636
671.25	0.0636
671.375	0.0644
671.5	0.0644
671.625	0.066
671.75	0.0668
671.875	0.066
672.0	0.0683
672.125	0.0683
672.25	0.0691
672.375	0.0691
672.5	0.0707
672.625	0.0699
672.75	0.0707
672.875	0.0699
673.0	0.0707
673.125	0.0699
673.25	0.0683
673.375	0.0691
673.5	0.066
673.625	0.0668
673.75	0.0668
673.875	0.066
674.0	0.0668
674.125	0.066
674.25	0.0652
674.375	0.066
674.5	0.0652
674.625	0.0636
674.75	0.0628
674.875	0.0628
675.0	0.0613
675.125	0.0613
675.25	0.0597
675.375	0.0573
675.5	0.0581
675.625	0.0573
675.75	0.0566
675.875	0.055
676.0	0.0566
676.125	0.0558
676.25	0.0542
676.375	0.0542
676.5	0.0542
676.625	0.0526
676.75	0.055
676.875	0.0558
677.0	0.0518
677.125	0.0534
677.25	0.0526
677.375	0.0566
677.5	0.0558
677.625	0.055
677.75	0.0566
677.875	0.0566
678.0	0.0573
678.125	0.0589
678.25	0.0613
678.375	0.0636
678.5	0.0652
678.625	0.066
678.75	0.0707
678.875	0.0723
679.0	0.077
679.125	0.0817
679.25	0.0856
679.375	0.0927
679.5	0.0974
679.625	0.1022
679.75	0.1069
679.875	0.1155
680.0	0.1202
680.125	0.1265
680.25	0.1289
680.375	0.1328
680.5	0.1367
680.625	0.1367
680.75	0.1367
680.875	0.1367
681.0	0.1352
681.125	0.1312
681.25	0.1265
681.375	0.1218
681.5	0.1147
681.625	0.1092
681.75	0.1029
681.875	0.0951
682.0	0.088
682.125	0.0817
682.25	0.0754
682.375	0.0707
682.5	0.0668
682.625	0.0628
682.75	0.0605
682.875	0.0573
683.0	0.0566
683.125	0.0542
683.25	0.0518
683.375	0.0511
683.5	0.0511
683.625	0.0479
683.75	0.0471
683.875	0.0471
684.0	0.0479
684.125	0.0471
684.25	0.0424
684.375	0.0424
684.5	0.04
684.625	0.04
684.75	0.0385
684.875	0.04
685.0	0.04
685.125	0.0424
685.25	0.0455
685.375	0.0471
685.5	0.0542
685.625	0.0605
685.75	0.0652
685.875	0.0707
686.0	0.0762
686.125	0.0794
686.25	0.0849
686.375	0.088
686.5	0.0896
686.625	0.0927
686.75	0.0943
686.875	0.0935
687.0	0.0896
687.125	0.0856
687.25	0.0825
687.375	0.0762
687.5	0.0691
687.625	0.0652
687.75	0.0589
687.875	0.0518
688.0	0.0471
688.125	0.0432
688.25	0.0408
688.375	0.0361
688.5	0.0338
688.625	0.033
688.75	0.0322
688.875	0.0306
689.0	0.0283
689.125	0.029
689.25	0.0267
689.375	0.0283
689.5	0.0275
689.625	0.0267
689.75	0.0259
689.875	0.0251
690.0	0.0259
690.125	0.0235
690.25	0.0235
690.375	0.0235
690.5	0.0227
690.625	0.0235
690.75	0.0227
690.875	0.0196
691.0	0.022
691.125	0.0212
691.25	0.0204
691.375	0.0196
691.5	0.0204
691.625	0.022
691.75	0.0188
691.875	0.0196
692.0	0.0227
692.125	0.0188
692.25	0.0227
692.375	0.0212
692.5	0.0227
692.625	0.0235
692.75	0.0235
692.875	0.0227
693.0	0.0235
693.125	0.0235
693.25	0.0235
693.375	0.0251
693.5	0.0227
693.625	0.0235
693.75	0.0251
693.875	0.0251
694.0	0.0251
694.125	0.0259
694.25	0.0243
694.375	0.0251
694.5	0.0275
694.625	0.0259
694.75	0.0259
694.875	0.0259
695.0	0.0267
695.125	0.0267
695.25	0.0283
695.375	0.0283
695.5	0.0298
695.625	0.0314
695.75	0.033
695.875	0.033
696.0	0.0369
696.125	0.0377
696.25	0.0377
696.375	0.04
696.5	0.0424
696.625	0.0455
696.75	0.0455
696.875	0.0471
697.0	0.0503
697.125	0.0534
697.25	0.0542
697.375	0.0589
697.5	0.0613
697.625	0.066
697.75	0.0715
697.875	0.0746
698.0	0.0817
698.125	0.0856
698.25	0.0943
698.375	0.1053
698.5	0.1139
698.625	0.1257
698.75	0.1375
698.875	0.1485
699.0	0.1603
699.125	0.1737
699.25	0.1831
699.375	0.1949
699.5	0.2028
699.625	0.2106
699.75	0.2138
699.875	0.2169
700.0	0.2193
700.125	0.2209
700.25	0.2193
700.375	0.2169
700.5	0.2161
700.625	0.2169
700.75	0.2169
700.875	0.2201
701.0	0.2224
701.125	0.2248
701.25	0.2279
701.375	0.2327
701.5	0.2358
701.625	0.2366
701.75	0.2374
701.875	0.2397
702.0	0.2397
702.125	0.2358
702.25	0.2334
702.375	0.2248
702.5	0.2161
702.625	0.2012
702.75	0.1847
702.875	0.1682
703.0	0.1517
703.125	0.1367
703.25	0.1234
703.375	0.1124
703.5	0.1045
703.625	0.0998
703.75	0.099
703.875	0.1014
704.0	0.1061
704.125	0.1139
704.25	0.1226
704.375	0.1352
704.5	0.147
704.625	0.1564
704.75	0.169
704.875	0.1784
705.0	0.1886
705.125	0.1926
705.25	0.1957
705.375	0.1973
705.5	0.1941
705.625	0.1894
705.75	0.1816
705.875	0.1713
706.0	0.1564
706.125	0.1462
706.25	0.1305
706.375	0.1139
706.5	0.1006
706.625	0.0864
706.75	0.0746
706.875	0.0605
707.0	0.0526
707.125	0.0455
707.25	0.0393
707.375	0.0345
707.5	0.0283
707.625	0.0283
707.75	0.0235
707.875	0.0235
708.0	0.0204
708.125	0.0188
708.25	0.0188
708.375	0.0188
708.5	0.0188
708.625	0.018
708.75	0.0157
708.875	0.018
709.0	0.0172
709.125	0.0149
709.25	0.0149
709.375	0.0141
709.5	0.0141
709.625	0.0141
709.75	0.0149
709.875	0.0149
710.0	0.0141
710.125	0.0149
710.25	0.0149
710.375	0.0141
710.5	0.0141
710.625	0.0141
710.75	0.0141
710.875	0.0141
711.0	0.0133
711.125	0.0141
711.25	0.0133
711.375	0.0117
711.5	0.0117
711.625	0.0141
711.75	0.0141
711.875	0.0141
712.0	0.0141
712.125	0.0133
712.25	0.0141
712.375	0.0141
712.5	0.0133
712.625	0.0125
712.75	0.0125
712.875	0.011
713.0	0.011
713.125	0.0094
713.25	0.011
713.375	0.0102
713.5	0.0125
713.625	0.0117
713.75	0.0117
713.875	0.0094
714.0	0.011
714.125	0.0094
714.25	0.0102
714.375	0.0117
714.5	0.0094
714.625	0.011
714.75	0.0102
714.875	0.0117
715.0	0.0094
715.125	0.0094
715.25	0.0094
715.375	0.0102
715.5	0.0102
715.625	0.0102
715.75	0.011
715.875	0.0125
716.0	0.0094
716.125	0.0094
716.25	0.0094
716.375	0.0094
716.5	0.0094
716.625	0.0094
716.75	0.0102
716.875	0.0086
717.0	0.0094
717.125	0.0094
717.25	0.0094
717.375	0.0102
717.5	0.0086
717.625	0.0102
717.75	0.0094
717.875	0.0094
718.0	0.0094
718.125	0.0102
718.25	0.0117
718.375	0.0094
718.5	0.011
718.625	0.0102
718.75	0.0102
718.875	0.0094
719.0	0.0102
719.125	0.0094
719.25	0.0094
719.375	0.0102
719.5	0.0094
719.625	0.0102
719.75	0.0094
719.875	0.0094
720.0	0.0094
720.125	0.0094
720.25	0.0102
720.375	0.0094
720.5	0.011
720.625	0.0102
720.75	0.0094
720.875	0.0094
721.0	0.0102
721.125	0.0117
721.25	0.0094
721.375	0.0133
721.5	0.018
721.625	0.0267
721.75	0.0338
721.875	0.0479
722.0	0.0605
722.125	0.0731
722.25	0.0864
722.375	0.1053
722.5	0.1242
722.625	0.1462
722.75	0.1705
722.875	0.1918
723.0	0.2138
723.125	0.2311
723.25	0.2429
723.375	0.2484
723.5	0.25
723.625	0.246
723.75	0.2421
723.875	0.2342
724.0	0.2248
724.125	0.2075
724.25	0.1894
724.375	0.1658
724.5	0.1477
724.625	0.1305
724.75	0.1139
724.875	0.1014
725.0	0.0911
725.125	0.0872
725.25	0.0841
725.375	0.0801
725.5	0.0778
725.625	0.0762
725.75	0.0754
725.875	0.0715
726.0	0.0715
726.125	0.0691
726.25	0.066
726.375	0.0613
726.5	0.0573
726.625	0.0534
726.75	0.0471
726.875	0.04
727.0	0.033
727.125	0.0275
727.25	0.022
727.375	0.0165
727.5	0.0133
727.625	0.0117
727.75	0.0102
727.875	0.0094
728.0	0.0094
728.125	0.0094
728.25	0.0094
728.375	0.0102
728.5	0.0086
728.625	0.0086
728.75	0.0078
728.875	0.0086
729.0	0.0094
729.125	0.0094
729.25	0.0094
729.375	0.0094
729.5	0.0094
729.625	0.007
729.75	0.0094
729.875	0.0094
730.0	0.0094
730.125	0.0094
730.25	0.0086
730.375	0.0086
730.5	0.0094
730.625	0.0094
730.75	0.0094
730.875	0.0094
731.0	0.0094
731.125	0.0102
731.25	0.0094
731.375	0.0102
731.5	0.0086
731.625	0.0094
731.75	0.0094
731.875	0.0094
732.0	0.0094
732.125	0.0094
732.25	0.0094
732.375	0.011
732.5	0.0094
732.625	0.0102
732.75	0.0094
732.875	0.0094
733.0	0.007
733.125	0.0094
733.25	0.0094
733.375	0.0094
733.5	0.0094
733.625	0.0094
733.75	0.0094
733.875	0.0094
734.0	0.0078
734.125	0.0094
734.25	0.0094
734.375	0.0094
734.5	0.0094
734.625	0.0094
734.75	0.011
734.875	0.0102
735.0	0.0094
735.125	0.011
735.25	0.0117
735.375	0.0102
735.5	0.011
735.625	0.0102
735.75	0.0094
735.875	0.0094
736.0	0.0102
736.125	0.0117
736.25	0.0094
736.375	0.0094
736.5	0.0094
736.625	0.0094
736.75	0.0094
736.875	0.0086
737.0	0.0078
737.125	0.0094
737.25	0.0086
737.375	0.0094
737.5	0.0086
737.625	0.0094
737.75	0.0086
737.875	0.0086
738.0	0.0094
738.125	0.0078
738.25	0.0094
738.375	0.0094
738.5	0.007
738.625	0.0086
738.75	0.0094
738.875	0.0094
739.0	0.0094
739.125	0.0062
739.25	0.0094
739.375	0.0094
739.5	0.007
739.625	0.0086
739.75	0.0094
739.875	0.007
740.0	0.0094
740.125	0.0086
740.25	0.0094
740.375	0.0055
740.5	0.0094
740.625	0.007
740.75	0.0086
740.875	0.007
741.0	0.007
741.125	0.0055
741.25	0.007
741.375	0.0078
741.5	0.0047
741.625	0.0055
741.75	0.007
741.875	0.0047
742.0	0.0055
742.125	0.0055
742.25	0.0062
742.375	0.0078
742.5	0.0055
742.625	0.0062
742.75	0.0078
742.875	0.007
743.0	0.0094
743.125	0.0086
743.25	0.0086
743.375	0.007
743.5	0.007
743.625	0.0086
743.75	0.0078
743.875	0.0086
744.0	0.0094
744.125	0.0086
744.25	0.0094
744.375	0.0094
744.5	0.007
744.625	0.0062
744.75	0.007
744.875	0.0086
745.0	0.007
745.125	0.007
745.25	0.0047
745.375	0.0086
745.5	0.007
745.625	0.0086
745.75	0.0078
745.875	0.007
746.0	0.007
746.125	0.0078
746.25	0.0086
746.375	0.0094
746.5	0.0094
746.625	0.0086
746.75	0.0094
746.875	0.0094
747.0	0.0078
747.125	0.0094
747.25	0.0094
747.375	0.0078
747.5	0.0094
747.625	0.0094
747.75	0.0094
747.875	0.0086
748.0	0.0094
748.125	0.0086
748.25	0.0078
748.375	0.0094
748.5	0.007
748.625	0.007
748.75	0.0062
748.875	0.007
749.0	0.0062
749.125	0.0055
749.25	0.0062
749.375	0.0055
749.5	0.0078
749.625	0.007
749.75	0.0047
749.875	0.0047
750.0	0.0062
750.125	0.0078
750.25	0.0062
750.375	0.0047
750.5	0.0047
750.625	0.0055
750.75	0.0062
750.875	0.0047
751.0	0.0047
751.125	0.0062
751.25	0.0055
751.375	0.0078
751.5	0.0055
751.625	0.0047
751.75	0.0055
751.875	0.0062
752.0	0.0086
752.125	0.0062
752.25	0.0078
752.375	0.0055
752.5	0.0078
752.625	0.0078
752.75	0.0055
752.875	0.007
753.0	0.0078
753.125	0.007
753.25	0.007
753.375	0.0055
753.5	0.0078
753.625	0.0062
753.75	0.0094
753.875	0.0086
754.0	0.0086
754.125	0.007
754.25	0.0086
754.375	0.0078
754.5	0.0086
754.625	0.007
754.75	0.0062
754.875	0.0078
755.0	0.007
755.125	0.0062
755.25	0.007
755.375	0.0094
755.5	0.007
755.625	0.007
755.75	0.0094
755.875	0.0086
756.0	0.0094
756.125	0.0094
756.25	0.0094
756.375	0.0086
756.5	0.0094
756.625	0.0094
756.75	0.0078
756.875	0.0094
757.0	0.0094
757.125	0.0094
757.25	0.0078
757.375	0.0078
757.5	0.007
757.625	0.0062
757.75	0.0078
757.875	0.0062
758.0	0.0078
758.125	0.0055
758.25	0.0062
758.375	0.0062
758.5	0.0062
758.625	0.0055
758.75	0.0047
758.875	0.0055
759.0	0.0055
759.125	0.0047
759.25	0.0047
759.375	0.0047
759.5	0.0047
759.625	0.0047
759.75	0.0047
759.875	0.0047
760.0	0.0055
760.125	0.0047
760.25	0.0047
760.375	0.0047
760.5	0.0047
760.625	0.0047
760.75	0.0047
760.875	0.0055
761.0	0.0047
761.125	0.0047
761.25	0.0047
761.375	0.0047
761.5	0.0047
761.625	0.0047
761.75	0.0047
761.875	0.0047
762.0	0.0047
762.125	0.0047
762.25	0.0047
762.375	0.0047
762.5	0.0047
762.625	0.0055
762.75	0.0047
762.875	0.0047
763.0	0.0047
763.125	0.0047
763.25	0.0047
763.375	0.0047
763.5	0.0047
763.625	0.0047
763.75	0.0055
763.875	0.0047
764.0	0.0055
764.125	0.0047
764.25	0.0047
764.375	0.0047
764.5	0.0055
764.625	0.0047
764.75	0.0047
764.875	0.0047
765.0	0.0047
765.125	0.0047
765.25	0.0062
765.375	0.0062
765.5	0.0062
765.625	0.0047
765.75	0.0047
765.875	0.0055
766.0	0.007
766.125	0.0055
766.25	0.0047
766.375	0.0055
766.5	0.0047
766.625	0.0062
766.75	0.0055
766.875	0.0055
767.0	0.0047
767.125	0.0047
767.25	0.0055
767.375	0.0055
767.5	0.0047
767.625	0.0055
767.75	0.0047
767.875	0.0047
768.0	0.0047
768.125	0.0047
768.25	0.0047
768.375	0.0062
768.5	0.0055
768.625	0.0055
768.75	0.0055
768.875	0.0047
769.0	0.0047
769.125	0.0055
769.25	0.0047
769.375	0.0047
769.5	0.0055
769.625	0.0047
769.75	0.0047
769.875	0.0047
770.0	0.0047
770.125	0.0047
770.25	0.0047
770.375	0.0047
770.5	0.0047
770.625	0.0047
770.75	0.0047
770.875	0.0047
771.0	0.0047
771.125	0.0047
771.25	0.0047
771.375	0.0047
771.5	0.0047
771.625	0.0047
771.75	0.0047
771.875	0.0047
772.0	0.0047
772.125	0.0047
772.25	0.0047
772.375	0.0047
772.5	0.0047
772.625	0.0023
772.75	0.0047
772.875	0.0047
773.0	0.0047
773.125	0.0047
773.25	0.0062
773.375	0.0047
773.5	0.0047
773.625	0.0047
773.75	0.0047
773.875	0.0047
774.0	0.0047
774.125	0.0047
774.25	0.0047
774.375	0.0047
774.5	0.0047
774.625	0.0047
774.75	0.0047
774.875	0.0047
775.0	0.0047
775.125	0.0055
775.25	0.0047
775.375	0.0047
775.5	0.0039
775.625	0.0047
775.75	0.0047
775.875	0.0047
776.0	0.0047
776.125	0.0047
776.25	0.0039
776.375	0.0023
776.5	0.0047
776.625	0.0047
776.75	0.0031
776.875	0.0039
777.0	0.0031
777.125	0.0039
777.25	0.0047
777.375	0.0039
777.5	0.0047
777.625	0.0047
777.75	0.0039
777.875	0.0039
778.0	0.0047
778.125	0.0055
778.25	0.0031
778.375	0.0023
778.5	0.0039
778.625	0.0047
778.75	0.0039
778.875	0.0047
779.0	0.0039
779.125	0.0039
779.25	0.0039
779.375	0.0047
779.5	0.0047
779.625	0.0039
779.75	0.0047
779.875	0.0047
780.0	0.0015
780.125	0.0047
780.25	0.0023
780.375	0.0047
780.5	0.0047
780.625	0.0047
780.75	0.0047
780.875	0.0047
781.0	0.0015
781.125	0.0039
781.25	0.0047
781.375	0.0047
781.5	0.0047
781.625	0.0047
781.75	0.0047
781.875	0.0047
782.0	0.0047
782.125	0.0047
782.25	0.0039
782.375	0.0047
782.5	0.0047
782.625	0.0039
782.75	0.0047
782.875	0.0047
783.0	0.0047
783.125	0.0047
783.25	0.0047
783.375	0.0047
783.5	0.0047
783.625	0.0055
783.75	0.0047
783.875	0.0047
784.0	0.0047
784.125	0.0047
784.25	0.0039
784.375	0.0047
784.5	0.0047
784.625	0.0047
784.75	0.0047
784.875	0.0047
785.0	0.0047
785.125	0.0047
785.25	0.0047
785.375	0.0047
785.5	0.0047
785.625	0.0047
785.75	0.0047
785.875	0.0047
786.0	0.0047
786.125	0.0047
786.25	0.0047
786.375	0.0039
786.5	0.0047
786.625	0.0047
786.75	0.0047
786.875	0.0047
787.0	0.0055
787.125	0.0047
787.25	0.0047
787.375	0.0047
787.5	0.0047
787.625	0.0047
787.75	0.0047
787.875	0.0047
788.0	0.0047
788.125	0.0055
788.25	0.0055
788.375	0.0078
788.5	0.0047
788.625	0.0047
788.75	0.0055
788.875	0.0047
789.0	0.0055
789.125	0.0047
789.25	0.0047
789.375	0.0055
789.5	0.0047
789.625	0.0055
789.75	0.0047
789.875	0.0055
790.0	0.0047
790.125	0.007
790.25	0.0055
790.375	0.0047
790.5	0.0055
790.625	0.0055
790.75	0.007
790.875	0.0062
791.0	0.0047
791.125	0.007
791.25	0.0055
791.375	0.0047
791.5	0.0062
791.625	0.0062
791.75	0.0055
791.875	0.0055
792.0	0.0062
792.125	0.007
792.25	0.007
792.375	0.0086
792.5	0.007
792.625	0.0047
792.75	0.0062
792.875	0.0055
793.0	0.0078
793.125	0.0086
793.25	0.0062
793.375	0.0062
793.5	0.0094
793.625	0.0055
793.75	0.0062
793.875	0.0062
794.0	0.0078
794.125	0.0086
794.25	0.0078
794.375	0.0094
794.5	0.0094
794.625	0.007
794.75	0.0055
794.875	0.0078
795.0	0.0086
795.125	0.0086
795.25	0.0078
795.375	0.0086
795.5	0.0062
795.625	0.0094
795.75	0.0094
795.875	0.0094
796.0	0.0086
796.125	0.007
796.25	0.0078
796.375	0.0086
796.5	0.0086
796.625	0.0094
796.75	0.0078
796.875	0.0086
797.0	0.0086
797.125	0.0078
797.25	0.0094
797.375	0.0094
797.5	0.007
797.625	0.0078
797.75	0.0094
797.875	0.0094
798.0	0.0086
798.125	0.0094
798.25	0.0102
798.375	0.011
798.5	0.0117
798.625	0.0094
798.75	0.0102
798.875	0.0094
799.0	0.0102
799.125	0.0094
799.25	0.0125
799.375	0.0102
799.5	0.0141
799.625	0.0141
799.75	0.0141
799.875	0.0141
800.0	0.0141
800.125	0.0141
800.25	0.0141
800.375	0.0141
800.5	0.0165
800.625	0.018
800.75	0.0204
800.875	0.0251
801.0	0.0385
801.125	0.0707
801.25	0.1312
801.375	0.2232
801.5	0.3443
801.625	0.474
801.75	0.6029
801.875	0.7169
802.0	0.8223
802.125	0.9221
802.25	1.0235
802.375	1.1194
802.5	1.213
802.625	1.2971
802.75	1.36
802.875	1.3836
803.0	1.3632
803.125	1.2955
803.25	1.1941
803.375	1.0605
803.5	0.9174
803.625	0.7735
803.75	0.6407
803.875	0.5117
804.0	0.3954
804.125	0.2963
804.25	0.1996
804.375	0.1242
804.5	0.0691
804.625	0.0408
804.75	0.0251
804.875	0.0235
805.0	0.022
805.125	0.0227
805.25	0.0204
805.375	0.0196
805.5	0.0188
805.625	0.0188
805.75	0.0188
805.875	0.0188
806.0	0.0188
806.125	0.0188
806.25	0.0188
806.375	0.0188
806.5	0.0188
806.625	0.0188
806.75	0.0188
806.875	0.0188
807.0	0.0188
807.125	0.0188
807.25	0.0188
807.375	0.022
807.5	0.0251
807.625	0.0345
807.75	0.0448
807.875	0.0597
808.0	0.0715
808.125	0.0833
808.25	0.0951
808.375	0.1037
808.5	0.1147
808.625	0.1242
808.75	0.1312
808.875	0.1391
809.0	0.1462
809.125	0.1509
809.25	0.147
809.375	0.1422
809.5	0.132
809.625	0.121
809.75	0.1053
809.875	0.0896
810.0	0.0778
810.125	0.0668
810.25	0.0566
810.375	0.0471
810.5	0.0377
810.625	0.0306
810.75	0.0243
810.875	0.0235
811.0	0.0204
811.125	0.0196
811.25	0.0212
811.375	0.0204
811.5	0.0204
811.625	0.0227
811.75	0.0235
811.875	0.0204
812.0	0.0204
812.125	0.0235
812.25	0.0235
812.375	0.0235
812.5	0.0235
812.625	0.0235
812.75	0.0235
812.875	0.0235
813.0	0.0235
813.125	0.0235
813.25	0.0235
813.375	0.0251
813.5	0.0267
813.625	0.0235
813.75	0.0235
813.875	0.0259
814.0	0.0267
814.125	0.0259
814.25	0.0259
814.375	0.0283
814.5	0.0283
814.625	0.0283
814.75	0.0283
814.875	0.0251
815.0	0.029
815.125	0.0283
815.25	0.0298
815.375	0.029
815.5	0.0283
815.625	0.0283
815.75	0.0283
815.875	0.0298
816.0	0.029
816.125	0.0283
816.25	0.0306
816.375	0.0298
816.5	0.0322
816.625	0.029
816.75	0.033
816.875	0.033
817.0	0.0306
817.125	0.0322
817.25	0.033
817.375	0.033
817.5	0.033
817.625	0.033
817.75	0.033
817.875	0.033
818.0	0.033
818.125	0.0345
818.25	0.033
818.375	0.033
818.5	0.0338
818.625	0.033
818.75	0.0369
818.875	0.0353
819.0	0.0353
819.125	0.0377
819.25	0.0361
819.375	0.0353
819.5	0.0377
819.625	0.0369
819.75	0.0377
819.875	0.0377
820.0	0.0377
820.125	0.0377
820.25	0.0377
820.375	0.0377
820.5	0.0377
820.625	0.0385
820.75	0.0393
820.875	0.0385
821.0	0.0393
821.125	0.0385
821.25	0.04
821.375	0.04
821.5	0.0424
821.625	0.0424
821.75	0.0416
821.875	0.0424
822.0	0.0424
822.125	0.0432
822.25	0.0432
822.375	0.044
822.5	0.0432
822.625	0.0455
822.75	0.0448
822.875	0.0448
823.0	0.0455
823.125	0.0463
823.25	0.0455
823.375	0.044
823.5	0.0463
823.625	0.0471
823.75	0.0448
823.875	0.0455
824.0	0.0471
824.125	0.0471
824.25	0.0448
824.375	0.0455
824.5	0.0471
824.625	0.0471
824.75	0.0471
824.875	0.0487
825.0	0.0479
825.125	0.0471
825.25	0.0471
825.375	0.0487
825.5	0.0495
825.625	0.0471
825.75	0.0479
825.875	0.0503
826.0	0.0503
826.125	0.0503
826.25	0.0503
826.375	0.0518
826.5	0.0518
826.625	0.0518
826.75	0.0518
826.875	0.0518
827.0	0.0526
827.125	0.0534
827.25	0.0526
827.375	0.0526
827.5	0.0534
827.625	0.0526
827.75	0.0542
827.875	0.0566
828.0	0.0526
828.125	0.0558
828.25	0.0566
828.375	0.0558
828.5	0.0573
828.625	0.0566
828.75	0.0566
828.875	0.0566
829.0	0.0558
829.125	0.0566
829.25	0.0566
829.375	0.0573
829.5	0.0566
829.625	0.0566
829.75	0.0589
829.875	0.0566
830.0	0.0581
830.125	0.0566
830.25	0.0573
830.375	0.0597
830.5	0.0589
830.625	0.0581
830.75	0.0589
830.875	0.0597
831.0	0.0605
831.125	0.0613
831.25	0.0613
831.375	0.0613
831.5	0.0621
831.625	0.0613
831.75	0.0613
831.875	0.0613
832.0	0.0613
832.125	0.0636
832.25	0.0613
832.375	0.0652
832.5	0.0652
832.625	0.0621
832.75	0.0644
832.875	0.0644
833.0	0.0644
833.125	0.0636
833.25	0.0652
833.375	0.066
833.5	0.0652
833.625	0.066
833.75	0.066
833.875	0.066
834.0	0.066
834.125	0.066
834.25	0.066
834.375	0.0668
834.5	0.0676
834.625	0.066
834.75	0.0707
834.875	0.0699
835.0	0.0707
835.125	0.0691
835.25	0.0707
835.375	0.0715
835.5	0.0707
835.625	0.0707
835.75	0.0707
835.875	0.0731
836.0	0.0715
836.125	0.0707
836.25	0.0723
836.375	0.0731
836.5	0.0707
836.625	0.0738
836.75	0.0746
836.875	0.0738
837.0	0.0723
837.125	0.0746
837.25	0.0731
837.375	0.0754
837.5	0.0746
837.625	0.0762
837.75	0.0754
837.875	0.0754
838.0	0.0754
838.125	0.0754
838.25	0.0754
838.375	0.0762
838.5	0.0762
838.625	0.077
838.75	0.0786
838.875	0.0786
839.0	0.0801
839.125	0.0801
839.25	0.0794
839.375	0.0801
839.5	0.0794
839.625	0.0801
839.75	0.0801
839.875	0.0825
840.0	0.0817
840.125	0.0841
840.25	0.0801
840.375	0.0841
840.5	0.0809
840.625	0.0849
840.75	0.0841
840.875	0.0849
841.0	0.0841
841.125	0.0849
841.25	0.0849
841.375	0.0841
841.5	0.0849
841.625	0.0841
841.75	0.0856
841.875	0.0864
842.0	0.0849
842.125	0.0864
842.25	0.0864
842.375	0.088
842.5	0.088
842.625	0.088
842.75	0.0896
842.875	0.0896
843.0	0.0904
843.125	0.0896
843.25	0.0888
843.375	0.0896
843.5	0.0904
843.625	0.0904
843.75	0.0911
843.875	0.0896
844.0	0.0896
844.125	0.0896
844.25	0.0919
844.375	0.0919
844.5	0.0935
844.625	0.0904
844.75	0.0911
844.875	0.0935
845.0	0.0935
845.125	0.0927
845.25	0.0943
845.375	0.0943
845.5	0.0943
845.625	0.0943
845.75	0.0943
845.875	0.0974
846.0	0.0943
846.125	0.0943
846.25	0.0943
846.375	0.0966
846.5	0.0951
846.625	0.0959
846.75	0.0974
846.875	0.0974
847.0	0.099
847.125	0.099
847.25	0.0982
847.375	0.099
847.5	0.099
847.625	0.099
847.75	0.099
847.875	0.1006
848.0	0.1006
848.125	0.0998
848.25	0.099
848.375	0.099
848.5	0.1006
848.625	0.1014
848.75	0.1022
848.875	0.1029
849.0	0.1037
849.125	0.1014
849.25	0.1029
849.375	0.1022
849.5	0.1037
849.625	0.1037
849.75	0.1014
849.875	0.1037
850.0	0.1037
850.125	0.1037
850.25	0.1037
850.375	0.1037
850.5	0.1037
850.625	0.1037
850.75	0.1045
850.875	0.1045
851.0	0.1053
851.125	0.1069
851.25	0.1061
851.375	0.1077
851.5	0.1061
851.625	0.1069
851.75	0.1077
851.875	0.1069
852.0	0.1077
852.125	0.1084
852.25	0.1077
852.375	0.1077
852.5	0.1092
852.625	0.1084
852.75	0.1084
852.875	0.1084
853.0	0.11
853.125	0.1084
853.25	0.1092
853.375	0.1108
853.5	0.1092
853.625	0.1092
853.75	0.1124
853.875	0.11
854.0	0.1124
854.125	0.1124
854.25	0.1132
854.375	0.1124
854.5	0.1116
854.625	0.1132
854.75	0.1132
854.875	0.1124
855.0	0.1132
855.125	0.1132
855.25	0.1132
855.375	0.1139
855.5	0.1132
855.625	0.1139
855.75	0.1132
855.875	0.1132
856.0	0.1139
856.125	0.1139
856.25	0.1139
856.375	0.1147
856.5	0.1171
856.625	0.1179
856.75	0.1179
856.875	0.1179
857.0	0.1179
857.125	0.1179
857.25	0.1171
857.375	0.1179
857.5	0.1179
857.625	0.1179
857.75	0.1179
857.875	0.1179
858.0	0.1179
858.125	0.121
858.25	0.1202
858.375	0.1218
858.5	0.121
858.625	0.121
858.75	0.1218
858.875	0.1218
859.0	0.1226
859.125	0.1226
859.25	0.1226
859.375	0.1218
859.5	0.121
859.625	0.1234
859.75	0.125
859.875	0.1234
860.0	0.125
860.125	0.1257
860.25	0.1273
860.375	0.1273
860.5	0.1281
860.625	0.1305
860.75	0.132
860.875	0.132
861.0	0.132
861.125	0.1344
861.25	0.1367
861.375	0.1367
861.5	0.1375
861.625	0.1399
861.75	0.1415
861.875	0.1422
862.0	0.1438
862.125	0.1485
862.25	0.1509
862.375	0.1517
862.5	0.1525
862.625	0.1556
862.75	0.1556
862.875	0.1572
863.0	0.1588
863.125	0.1603
863.25	0.165
863.375	0.1682
863.5	0.18
863.625	0.1973
863.75	0.2507
863.875	0.3561
864.0	0.5385
864.125	0.8073
864.25	1.1305
864.375	1.4512
864.5	1.7311
864.625	1.9536
864.75	2.1509
864.875	2.3317
865.0	2.4937
865.125	2.6454
865.25	2.7759
865.375	2.8694
865.5	2.8907
865.625	2.8168
865.75	2.6422
865.875	2.3781
866.0	2.04
866.125	1.6894
866.25	1.3632
866.375	1.1053
866.5	0.8781
866.625	0.6996
866.75	0.5361
866.875	0.4001
867.0	0.2838
867.125	0.2067
867.25	0.1619
867.375	0.1454
867.5	0.1407
867.625	0.1383
867.75	0.1391
867.875	0.1367
868.0	0.1367
868.125	0.1367
868.25	0.1367
868.375	0.1367
868.5	0.1367
868.625	0.1367
868.75	0.1367
868.875	0.1352
869.0	0.1328
869.125	0.1328
869.25	0.1352
869.375	0.1344
869.5	0.1328
869.625	0.132
869.75	0.1328
869.875	0.1336
870.0	0.132
870.125	0.132
870.25	0.132
870.375	0.1344
870.5	0.132
870.625	0.132
870.75	0.132
870.875	0.132
871.0	0.1328
871.125	0.132
871.25	0.1328
871.375	0.132
871.5	0.132
871.625	0.132
871.75	0.132
871.875	0.132
872.0	0.132
872.125	0.132
872.25	0.132
872.375	0.132
872.5	0.132
872.625	0.132
872.75	0.132
872.875	0.132
873.0	0.132
873.125	0.132
873.25	0.132
873.375	0.132
873.5	0.132
873.625	0.1305
873.75	0.132
873.875	0.132
874.0	0.1297
874.125	0.1305
874.25	0.132
874.375	0.1305
874.5	0.1312
874.625	0.1312
874.75	0.1312
874.875	0.132
875.0	0.1305
875.125	0.1289
875.25	0.1289
875.375	0.1305
875.5	0.1305
875.625	0.1305
875.75	0.1312
875.875	0.1289
876.0	0.1297
876.125	0.1297
876.25	0.1312
876.375	0.1289
876.5	0.1312
876.625	0.132
876.75	0.1297
876.875	0.1297
877.0	0.1305
877.125	0.1289
877.25	0.1289
877.375	0.1312
877.5	0.1289
877.625	0.1273
877.75	0.1297
877.875	0.1297
878.0	0.1273
878.125	0.1297
878.25	0.1289
878.375	0.1289
878.5	0.1297
878.625	0.1305
878.75	0.1289
878.875	0.1289
879.0	0.1297
879.125	0.1305
879.25	0.1281
879.375	0.1281
879.5	0.1273
879.625	0.1297
879.75	0.1273
879.875	0.1281
880.0	0.1297
880.125	0.1297
880.25	0.1305
880.375	0.1281
880.5	0.1281
880.625	0.1273
880.75	0.1273
880.875	0.1281
881.0	0.1273
881.125	0.1289
881.25	0.1273
881.375	0.1281
881.5	0.1273
881.625	0.1273
881.75	0.1273
881.875	0.1273
882.0	0.1281
882.125	0.1273
882.25	0.1273
882.375	0.1281
882.5	0.1273
882.625	0.1281
882.75	0.1273
882.875	0.1273
883.0	0.1273
883.125	0.1289
883.25	0.1273
883.375	0.1273
883.5	0.1273
883.625	0.1273
883.75	0.1273
883.875	0.1273
884.0	0.1273
884.125	0.1273
884.25	0.1273
884.375	0.1273
884.5	0.1273
884.625	0.1273
884.75	0.1273
884.875	0.1265
885.0	0.1273
885.125	0.1273
885.25	0.1273
885.375	0.1273
885.5	0.1273
885.625	0.1273
885.75	0.1265
885.875	0.1273
886.0	0.1273
886.125	0.1273
886.25	0.1273
886.375	0.1257
886.5	0.1265
886.625	0.1265
886.75	0.1257
886.875	0.1257
887.0	0.1234
887.125	0.1242
887.25	0.1226
887.375	0.1257
887.5	0.1234
887.625	0.1226
887.75	0.1234
887.875	0.1226
888.0	0.1234
888.125	0.1242
888.25	0.1226
888.375	0.1234
888.5	0.1242
888.625	0.1226
888.75	0.1226
888.875	0.1242
889.0	0.1218
889.125	0.1226
889.25	0.1226
889.375	0.1226
889.5	0.1226
889.625	0.1226
889.75	0.1226
889.875	0.1202
890.0	0.1202
890.125	0.1226
890.25	0.1218
890.375	0.1218
890.5	0.1218
890.625	0.1202
890.75	0.121
890.875	0.1202
891.0	0.121
891.125	0.121
891.25	0.1226
891.375	0.121
891.5	0.1218
891.625	0.121
891.75	0.1194
891.875	0.1218
892.0	0.1218
892.125	0.1179
892.25	0.1194
892.375	0.1202
892.5	0.1202
892.625	0.1187
892.75	0.1179
892.875	0.1179
893.0	0.1179
893.125	0.1194
893.25	0.1187
893.375	0.1179
893.5	0.1187
893.625	0.1179
893.75	0.1179
893.875	0.1179
894.0	0.1179
894.125	0.1179
894.25	0.1171
894.375	0.1179
894.5	0.1179
894.625	0.1179
894.75	0.1171
894.875	0.1179
895.0	0.1179
895.125	0.1171
895.25	0.1171
895.375	0.1179
895.5	0.1132
895.625	0.1139
895.75	0.1139
895.875	0.1147
896.0	0.1132
896.125	0.1155
896.25	0.1147
896.375	0.1132
896.5	0.1132
896.625	0.1132
896.75	0.1132
896.875	0.1132
897.0	0.1132
897.125	0.1132
897.25	0.1132
897.375	0.1132
897.5	0.1132
897.625	0.1132
897.75	0.1116
897.875	0.1108
898.0	0.1139
898.125	0.1132
898.25	0.1124
898.375	0.1132
898.5	0.1124
898.625	0.1132
898.75	0.1108
898.875	0.1116
899.0	0.1132
899.125	0.1132
899.25	0.1124
899.375	0.11
899.5	0.11
899.625	0.1116
899.75	0.1108
899.875	0.1084
