300.0	0.1344
300.125	0.1446
300.25	0.1595
300.375	0.1823
300.5	0.2036
300.625	0.2382
300.75	0.2743
300.875	0.3121
301.0	0.3466
301.125	0.3773
301.25	0.404
301.375	0.4245
301.5	0.4426
301.625	0.4512
301.75	0.4528
301.875	0.4512
302.0	0.4473
302.125	0.4316
302.25	0.4174
302.375	0.3915
302.5	0.3632
302.625	0.3309
302.75	0.3011
302.875	0.2665
303.0	0.2421
303.125	0.2193
303.25	0.2012
303.375	0.191
303.5	0.1839
303.625	0.1863
303.75	0.1926
303.875	0.2036
304.0	0.2169
304.125	0.2342
304.25	0.257
304.375	0.279
304.5	0.3128
304.625	0.349
304.75	0.3946
304.875	0.452
305.0	0.5369
305.125	0.6399
305.25	0.7783
305.375	0.9544
305.5	1.1902
305.625	1.4583
305.75	1.7625
305.875	2.0746
306.0	2.3812
306.125	2.6839
306.25	2.9465
306.375	3.1556
306.5	3.3384
306.625	3.443
306.75	3.4815
306.875	3.4658
307.0	3.3809
307.125	3.2232
307.25	3.04
307.375	2.7971
307.5	2.5196
307.625	2.2012
307.75	1.8584
307.875	1.566
308.0	1.2555
308.125	0.9834
308.25	0.7562
308.375	0.5778
308.5	0.4418
308.625	0.3411
308.75	0.2869
308.875	0.2547
309.0	0.2413
309.125	0.2279
309.25	0.2201
309.375	0.2106
309.5	0.2004
309.625	0.1926
309.75	0.1871
309.875	0.1831
310.0	0.1776
310.125	0.1705
310.25	0.1713
310.375	0.1729
310.5	0.1674
310.625	0.169
310.75	0.1705
310.875	0.1729
311.0	0.1729
311.125	0.1776
311.25	0.1839
311.375	0.1894
311.5	0.1965
311.625	0.2012
311.75	0.2051
311.875	0.2122
312.0	0.2193
312.125	0.2232
312.25	0.2224
312.375	0.2264
312.5	0.2287
312.625	0.2264
312.75	0.2201
312.875	0.2154
313.0	0.2106
313.125	0.2051
313.25	0.2036
313.375	0.1965
313.5	0.1894
313.625	0.1871
313.75	0.1831
313.875	0.1784
314.0	0.1792
314.125	0.1792
314.25	0.1776
314.375	0.1823
314.5	0.1902
314.625	0.1941
314.75	0.2051
314.875	0.2138
315.0	0.224
315.125	0.2319
315.25	0.2437
315.375	0.2523
315.5	0.2657
315.625	0.2806
315.75	0.2979
315.875	0.3191
316.0	0.3451
316.125	0.3757
316.25	0.4182
316.375	0.4764
316.5	0.5487
316.625	0.6328
316.75	0.7146
316.875	0.7963
317.0	0.8734
317.125	0.9473
317.25	1.0094
317.375	1.0621
317.5	1.1022
317.625	1.121
317.75	1.1242
317.875	1.1155
318.0	1.0896
318.125	1.0605
318.25	1.0015
318.375	0.93
318.5	0.8608
318.625	0.783
318.75	0.7044
318.875	0.6305
319.0	0.5668
319.125	0.5078
319.25	0.4591
319.375	0.4268
319.5	0.4072
319.625	0.393
319.75	0.3891
319.875	0.386
320.0	0.3875
320.125	0.3907
320.25	0.4001
320.375	0.4017
320.5	0.4182
320.625	0.4205
320.75	0.4284
320.875	0.4386
321.0	0.4551
321.125	0.4787
321.25	0.5117
321.375	0.54
321.5	0.5896
321.625	0.6485
321.75	0.7224
321.875	0.8183
322.0	0.9426
322.125	1.0998
322.25	1.2822
322.375	1.5141
322.5	1.7641
322.625	2.0298
322.75	2.305
322.875	2.5707
323.0	2.8191
323.125	3.0377
323.25	3.2067
323.375	3.3502
323.5	3.4351
323.625	3.4469
323.75	3.4163
323.875	3.3156
324.0	3.143
324.125	2.9606
324.25	2.7287
324.375	2.4599
324.5	2.1863
324.625	1.8954
324.75	1.6171
324.875	1.349
325.0	1.1139
325.125	0.9017
325.25	0.7311
325.375	0.6061
325.5	0.5039
325.625	0.4386
325.75	0.3985
325.875	0.3797
326.0	0.371
326.125	0.3663
326.25	0.3632
326.375	0.3584
326.5	0.3569
326.625	0.3561
326.75	0.3514
326.875	0.3537
327.0	0.3506
327.125	0.3466
327.25	0.349
327.375	0.3498
327.5	0.3537
327.625	0.3584
327.75	0.3679
327.875	0.3757
328.0	0.3922
328.125	0.404
328.25	0.419
328.375	0.4378
328.5	0.452
328.625	0.4606
328.75	0.4748
328.875	0.4858
329.0	0.4937
329.125	0.4937
329.25	0.4952
329.375	0.4937
329.5	0.4866
329.625	0.4764
329.75	0.4661
329.875	0.4536
330.0	0.4394
330.125	0.4221
330.25	0.4088
330.375	0.4009
330.5	0.3962
330.625	0.3867
330.75	0.3828
330.875	0.3781
331.0	0.3828
331.125	0.3891
331.25	0.3938
331.375	0.404
331.5	0.4135
331.625	0.4261
331.75	0.4371
331.875	0.4504
332.0	0.4559
332.125	0.4669
332.25	0.4716
332.375	0.4772
332.5	0.4858
332.625	0.4937
332.75	0.5047
332.875	0.5149
333.0	0.5275
333.125	0.5377
333.25	0.5495
333.375	0.5691
333.5	0.5919
333.625	0.6171
333.75	0.6635
333.875	0.7193
334.0	0.7845
334.125	0.8632
334.25	0.9465
334.375	1.0353
334.5	1.1163
334.625	1.2012
334.75	1.2665
334.875	1.3278
335.0	1.382
335.125	1.4127
335.25	1.4371
335.375	1.4331
335.5	1.4056
335.625	1.3608
335.75	1.3058
335.875	1.2232
336.0	1.1415
336.125	1.0448
336.25	0.9614
336.375	0.8647
336.5	0.7853
336.625	0.7083
336.75	0.6415
336.875	0.5825
337.0	0.5424
337.125	0.5133
337.25	0.496
337.375	0.4874
337.5	0.4819
337.625	0.4779
337.75	0.4764
337.875	0.4724
338.0	0.4701
338.125	0.4614
338.25	0.4622
338.375	0.4551
338.5	0.4528
338.625	0.4528
338.75	0.452
338.875	0.4544
339.0	0.4544
339.125	0.4606
339.25	0.4677
339.375	0.4772
339.5	0.4937
339.625	0.518
339.75	0.5393
339.875	0.566
340.0	0.5998
340.125	0.6352
340.25	0.6949
340.375	0.757
340.5	0.838
340.625	0.9371
340.75	1.0613
340.875	1.1941
341.0	1.3474
341.125	1.507
341.25	1.6753
341.375	1.8529
341.5	2.0055
341.625	2.1352
341.75	2.2578
341.875	2.3506
342.0	2.4119
342.125	2.4371
342.25	2.4347
342.375	2.4017
342.5	2.3254
342.625	2.2193
342.75	2.0825
342.875	1.9363
343.0	1.7704
343.125	1.5966
343.25	1.4261
343.375	1.2649
343.5	1.121
343.625	1.0015
343.75	0.8985
343.875	0.8089
344.0	0.7507
344.125	0.7051
344.25	0.68
344.375	0.6627
344.5	0.6682
344.625	0.6729
344.75	0.6816
344.875	0.6831
345.0	0.691
345.125	0.6973
345.25	0.6957
345.375	0.6988
345.5	0.6981
345.625	0.7004
345.75	0.7036
345.875	0.7122
346.0	0.7169
346.125	0.7272
346.25	0.7374
346.375	0.7515
346.5	0.7594
346.625	0.7727
346.75	0.7845
346.875	0.7916
347.0	0.7995
347.125	0.8018
347.25	0.8066
347.375	0.8066
347.5	0.8026
347.625	0.7948
347.75	0.7869
347.875	0.7751
348.0	0.7586
348.125	0.7397
348.25	0.7232
348.375	0.6973
348.5	0.6831
348.625	0.665
348.75	0.6501
348.875	0.6399
349.0	0.6281
349.125	0.6273
349.25	0.6202
349.375	0.6202
349.5	0.6163
349.625	0.6179
349.75	0.6226
349.875	0.6218
350.0	0.6226
350.125	0.6265
350.25	0.6328
350.375	0.6407
350.5	0.647
350.625	0.6548
350.75	0.6595
350.875	0.6737
351.0	0.6855
351.125	0.6926
351.25	0.7051
351.375	0.7161
351.5	0.7311
351.625	0.75
351.75	0.772
351.875	0.7877
352.0	0.8121
352.125	0.827
352.25	0.8419
352.375	0.8608
352.5	0.8757
352.625	0.8993
352.75	0.9292
352.875	0.9654
353.0	1.0086
353.125	1.0581
353.25	1.1132
353.375	1.1761
353.5	1.2476
353.625	1.3081
353.75	1.3624
353.875	1.415
354.0	1.4693
354.125	1.511
354.25	1.5518
354.375	1.5738
354.5	1.5746
354.625	1.5676
354.75	1.5377
354.875	1.4952
355.0	1.4355
355.125	1.3734
355.25	1.2948
355.375	1.2051
355.5	1.1312
355.625	1.0613
355.75	0.9882
355.875	0.9229
356.0	0.8655
356.125	0.8176
356.25	0.7775
356.375	0.7515
356.5	0.7279
356.625	0.7185
356.75	0.7138
356.875	0.7028
357.0	0.7051
357.125	0.6996
357.25	0.6941
357.375	0.6926
357.5	0.6847
357.625	0.6792
357.75	0.6729
357.875	0.6674
358.0	0.6682
358.125	0.6588
358.25	0.6588
358.375	0.658
358.5	0.6572
358.625	0.6572
358.75	0.6635
358.875	0.6682
359.0	0.6776
359.125	0.6894
359.25	0.7122
359.375	0.7342
359.5	0.757
359.625	0.779
359.75	0.805
359.875	0.8349
360.0	0.8726
360.125	0.9088
360.25	0.9504
360.375	1.0055
360.5	1.0613
360.625	1.1179
360.75	1.1816
360.875	1.25
361.0	1.3207
361.125	1.397
361.25	1.474
361.375	1.5487
361.5	1.6328
361.625	1.7146
361.75	1.8144
361.875	1.8946
362.0	1.9709
362.125	2.0243
362.25	2.0833
362.375	2.1139
362.5	2.1312
362.625	2.1367
362.75	2.1218
362.875	2.1006
363.0	2.0518
363.125	1.9937
363.25	1.9182
363.375	1.8411
363.5	1.7555
363.625	1.6603
363.75	1.5786
363.875	1.4976
364.0	1.4292
364.125	1.3639
364.25	1.3026
364.375	1.2562
364.5	1.213
364.625	1.1886
364.75	1.1643
364.875	1.1485
365.0	1.1415
365.125	1.1375
365.25	1.1273
365.375	1.1218
365.5	1.1084
365.625	1.1092
365.75	1.1061
365.875	1.1037
366.0	1.1037
366.125	1.1006
366.25	1.0966
366.375	1.0943
366.5	1.0927
366.625	1.0896
366.75	1.0849
366.875	1.0746
367.0	1.066
367.125	1.0605
367.25	1.0393
367.375	1.0227
367.5	0.9984
367.625	0.9693
367.75	0.9339
367.875	0.9001
368.0	0.8726
368.125	0.8356
368.25	0.8066
368.375	0.7783
368.5	0.7547
368.625	0.7358
368.75	0.7201
368.875	0.713
369.0	0.7161
369.125	0.7122
369.25	0.7216
369.375	0.7311
369.5	0.7452
369.625	0.7641
369.75	0.7767
369.875	0.8034
370.0	0.8246
370.125	0.8419
370.25	0.8671
370.375	0.8844
370.5	0.9009
370.625	0.9253
370.75	0.9465
370.875	0.9693
371.0	0.9937
371.125	1.0117
371.25	1.0424
371.375	1.0691
371.5	1.0911
371.625	1.1084
371.75	1.1202
371.875	1.1422
372.0	1.1572
372.125	1.1784
372.25	1.1878
372.375	1.2036
372.5	1.213
372.625	1.2224
372.75	1.2232
372.875	1.2303
373.0	1.2279
373.125	1.2358
373.25	1.2405
373.375	1.2578
373.5	1.2751
373.625	1.2979
373.75	1.3349
373.875	1.3671
374.0	1.415
374.125	1.4677
374.25	1.5212
374.375	1.5856
374.5	1.6352
374.625	1.6949
374.75	1.7484
374.875	1.7932
375.0	1.838
375.125	1.882
375.25	1.9033
375.375	1.9064
375.5	1.9009
375.625	1.893
375.75	1.8561
375.875	1.816
376.0	1.768
376.125	1.7114
376.25	1.647
376.375	1.5738
376.5	1.5007
376.625	1.4355
376.75	1.3694
376.875	1.3168
377.0	1.261
377.125	1.2051
377.25	1.1713
377.375	1.1281
377.5	1.0998
377.625	1.0754
377.75	1.0495
377.875	1.0353
378.0	1.0251
378.125	1.0172
378.25	1.0031
378.375	0.9929
378.5	0.9834
378.625	0.9748
378.75	0.9606
378.875	0.9496
379.0	0.93
379.125	0.919
379.25	0.9064
379.375	0.8828
379.5	0.8694
379.625	0.8529
379.75	0.8427
379.875	0.8325
380.0	0.8144
380.125	0.8034
380.25	0.7987
380.375	0.7877
380.5	0.7822
380.625	0.7814
380.75	0.7845
380.875	0.8011
381.0	0.8191
381.125	0.8466
381.25	0.8844
381.375	0.9221
381.5	0.9724
381.625	1.0283
381.75	1.0809
381.875	1.1383
382.0	1.202
382.125	1.2617
382.25	1.3246
382.375	1.3828
382.5	1.4339
382.625	1.4716
382.75	1.5141
382.875	1.5463
383.0	1.5746
383.125	1.5974
383.25	1.6336
383.375	1.6666
383.5	1.7012
383.625	1.7397
383.75	1.7735
383.875	1.8113
384.0	1.8545
384.125	1.8962
384.25	1.9394
384.375	1.9905
384.5	2.0267
384.625	2.066
384.75	2.1022
384.875	2.1218
385.0	2.1438
385.125	2.1477
385.25	2.1312
385.375	2.1187
385.5	2.088
385.625	2.0495
385.75	2.0094
385.875	1.9724
386.0	1.9261
386.125	1.8812
386.25	1.8388
386.375	1.8128
386.5	1.79
386.625	1.7688
386.75	1.7617
386.875	1.75
387.0	1.757
387.125	1.7586
387.25	1.7767
387.375	1.7971
387.5	1.8128
387.625	1.8419
387.75	1.86
387.875	1.882
388.0	1.8922
388.125	1.8985
388.25	1.9088
388.375	1.9009
388.5	1.8985
388.625	1.886
388.75	1.8718
388.875	1.8404
389.0	1.8089
389.125	1.7633
389.25	1.7256
389.375	1.6698
389.5	1.6116
389.625	1.5589
389.75	1.5141
389.875	1.4544
390.0	1.404
390.125	1.3474
390.25	1.2908
390.375	1.2334
390.5	1.1886
390.625	1.1383
390.75	1.099
390.875	1.0503
391.0	1.0204
391.125	0.9882
391.25	0.9559
391.375	0.9245
391.5	0.9009
391.625	0.8781
391.75	0.8569
391.875	0.8411
392.0	0.8191
392.125	0.8105
392.25	0.7948
392.375	0.7877
392.5	0.7727
392.625	0.7633
392.75	0.7617
392.875	0.7523
393.0	0.7452
393.125	0.7405
393.25	0.7319
393.375	0.7334
393.5	0.7358
393.625	0.746
393.75	0.7578
393.875	0.7735
394.0	0.7987
394.125	0.8144
394.25	0.8435
394.375	0.8655
394.5	0.8954
394.625	0.9213
394.75	0.9575
394.875	0.9984
395.0	1.0471
395.125	1.1069
395.25	1.165
395.375	1.2161
395.5	1.272
395.625	1.3183
395.75	1.3608
395.875	1.4135
396.0	1.4575
396.125	1.5157
396.25	1.5817
396.375	1.6627
396.5	1.7295
396.625	1.8073
396.75	1.882
396.875	1.9363
397.0	2.0023
397.125	2.055
397.25	2.1147
397.375	2.1784
397.5	2.2444
397.625	2.3011
397.75	2.3466
397.875	2.4025
398.0	2.4386
398.125	2.4693
398.25	2.4756
398.375	2.4709
398.5	2.4575
398.625	2.4496
398.75	2.4276
398.875	2.3993
399.0	2.3592
399.125	2.3246
399.25	2.2838
399.375	2.2342
399.5	2.1902
399.625	2.136
399.75	2.0904
399.875	2.0534
400.0	2.0165
400.125	1.9772
400.25	1.9504
400.375	1.9284
400.5	1.9048
400.625	1.897
400.75	1.8867
400.875	1.8773
401.0	1.875
401.125	1.8694
401.25	1.8694
401.375	1.8679
401.5	1.8687
401.625	1.8679
401.75	1.8702
401.875	1.8655
402.0	1.8584
402.125	1.8671
402.25	1.8694
402.375	1.8797
402.5	1.8891
402.625	1.9064
402.75	1.9394
402.875	1.9701
403.0	2.0149
403.125	2.0754
403.25	2.1509
403.375	2.2421
403.5	2.3679
403.625	2.5165
403.75	2.68
403.875	2.8726
404.0	3.0927
404.125	3.3636
404.25	3.6804
404.375	3.9933
404.5	4.3652
404.625	4.693
404.75	4.7284
404.875	4.7307
405.0	4.7292
405.125	4.7292
405.25	4.7284
405.375	4.7292
405.5	4.73
405.625	4.7284
405.75	4.73
405.875	4.7307
406.0	4.7292
406.125	4.7315
406.25	4.395
406.375	3.9218
406.5	3.4383
406.625	2.8891
406.75	2.3639
406.875	1.8852
407.0	1.5157
407.125	1.2342
407.25	1.0833
407.375	1.0102
407.5	0.9889
407.625	0.9811
407.75	0.9905
407.875	1.0007
408.0	1.0204
408.125	1.0487
408.25	1.0833
408.375	1.1242
408.5	1.1761
408.625	1.2256
408.75	1.2783
408.875	1.3364
409.0	1.3922
409.125	1.4418
409.25	1.4756
409.375	1.522
409.5	1.5691
409.625	1.6179
409.75	1.6643
409.875	1.7185
410.0	1.7838
410.125	1.8459
410.25	1.9025
410.375	1.9599
410.5	2.0031
410.625	2.0416
410.75	2.0927
410.875	2.1383
411.0	2.1926
411.125	2.2492
411.25	2.3073
411.375	2.3694
411.5	2.4158
411.625	2.4709
411.75	2.5086
411.875	2.5416
412.0	2.5621
412.125	2.5723
412.25	2.6006
412.375	2.6265
412.5	2.6415
412.625	2.6737
412.75	2.6957
412.875	2.7209
413.0	2.7311
413.125	2.7311
413.25	2.7248
413.375	2.7059
413.5	2.6981
413.625	2.6603
413.75	2.6477
413.875	2.6242
414.0	2.6061
414.125	2.5644
414.25	2.5314
414.375	2.4874
414.5	2.4449
414.625	2.3883
414.75	2.338
414.875	2.2877
415.0	2.2421
415.125	2.2004
415.25	2.1674
415.375	2.1422
415.5	2.1179
415.625	2.0888
415.75	2.0786
415.875	2.0408
416.0	2.0283
416.125	2.0
416.25	1.9811
416.375	1.9622
416.5	1.9441
416.625	1.915
416.75	1.8891
416.875	1.8671
417.0	1.8317
417.125	1.8011
417.25	1.7633
417.375	1.7311
417.5	1.6863
417.625	1.6485
417.75	1.6116
417.875	1.577
418.0	1.5471
418.125	1.5259
418.25	1.5015
418.375	1.4795
418.5	1.463
418.625	1.4528
418.75	1.4504
418.875	1.4363
419.0	1.4339
419.125	1.4426
419.25	1.4441
419.375	1.4528
419.5	1.4567
419.625	1.4646
419.75	1.4779
419.875	1.4787
420.0	1.4827
420.125	1.4889
420.25	1.4803
420.375	1.4693
420.5	1.4583
420.625	1.4394
420.75	1.4237
420.875	1.4009
421.0	1.375
421.125	1.3466
421.25	1.3223
421.375	1.2893
421.5	1.2672
421.625	1.2358
421.75	1.2138
421.875	1.1886
422.0	1.169
422.125	1.1564
422.25	1.1415
422.375	1.1407
422.5	1.1415
422.625	1.1477
422.75	1.1588
422.875	1.1682
423.0	1.18
423.125	1.1949
423.25	1.2169
423.375	1.2295
423.5	1.2421
423.625	1.2555
423.75	1.2893
423.875	1.3152
424.0	1.349
424.125	1.3781
424.25	1.4198
424.375	1.4457
424.5	1.4685
424.625	1.4897
424.75	1.5165
424.875	1.5345
425.0	1.5503
425.125	1.5833
425.25	1.6022
425.375	1.6407
425.5	1.669
425.625	1.7067
425.75	1.7319
425.875	1.7531
426.0	1.7665
426.125	1.7877
426.25	1.8121
426.375	1.838
426.5	1.8742
426.625	1.9166
426.75	1.9701
426.875	2.0283
427.0	2.0809
427.125	2.1273
427.25	2.1808
427.375	2.2224
427.5	2.261
427.625	2.2979
427.75	2.3262
427.875	2.3671
428.0	2.4064
428.125	2.4386
428.25	2.4669
428.375	2.5047
428.5	2.5062
428.625	2.5235
428.75	2.529
428.875	2.5212
429.0	2.5283
429.125	2.5338
429.25	2.5573
429.375	2.5809
429.5	2.625
429.625	2.6776
429.75	2.7397
429.875	2.7995
430.0	2.8875
430.125	2.9716
430.25	3.0628
430.375	3.1761
430.5	3.3054
430.625	3.4257
430.75	3.5507
430.875	3.6718
431.0	3.8039
431.125	3.9438
431.25	4.0782
431.375	4.2284
431.5	4.362
431.625	4.4949
431.75	4.5947
431.875	4.6474
432.0	4.6419
432.125	4.5861
432.25	4.4674
432.375	4.3141
432.5	4.1458
432.625	3.9729
432.75	3.7842
432.875	3.5735
433.0	3.3707
433.125	3.1116
433.25	2.8962
433.375	2.6477
433.5	2.4276
433.625	2.1981
433.75	2.0204
433.875	1.8773
434.0	1.7948
434.125	1.7468
434.25	1.735
434.375	1.7122
434.5	1.6996
434.625	1.6886
434.75	1.6627
434.875	1.6336
435.0	1.6092
435.125	1.5841
435.25	1.5487
435.375	1.5243
435.5	1.4874
435.625	1.4544
435.75	1.4316
435.875	1.4088
436.0	1.3867
436.125	1.3569
436.25	1.3435
436.375	1.327
436.5	1.327
436.625	1.3191
436.75	1.3183
436.875	1.3191
437.0	1.3372
437.125	1.3388
437.25	1.3569
437.375	1.3757
437.5	1.3962
437.625	1.4221
437.75	1.4402
437.875	1.4669
438.0	1.4842
438.125	1.5047
438.25	1.5235
438.375	1.5275
438.5	1.5432
438.625	1.5503
438.75	1.5621
438.875	1.5691
439.0	1.5817
439.125	1.5833
439.25	1.5872
439.375	1.5849
439.5	1.5849
439.625	1.5856
439.75	1.5731
439.875	1.5746
440.0	1.5746
440.125	1.5801
440.25	1.5919
440.375	1.6116
440.5	1.6305
440.625	1.6564
440.75	1.6839
440.875	1.7193
441.0	1.761
441.125	1.8215
441.25	1.8938
441.375	1.9803
441.5	2.077
441.625	2.2044
441.75	2.3325
441.875	2.474
442.0	2.6415
442.125	2.8168
442.25	3.0023
442.375	3.2059
442.5	3.465
442.625	3.7158
442.75	4.0004
442.875	4.2952
443.0	4.6057
443.125	4.7276
443.25	4.73
443.375	4.7284
443.5	4.7292
443.625	4.7292
443.75	4.7284
443.875	4.7284
444.0	4.73
444.125	4.7292
444.25	4.7284
444.375	4.7284
444.5	4.7284
444.625	4.7284
444.75	4.5672
444.875	4.2331
445.0	3.9092
445.125	3.5759
445.25	3.2358
445.375	2.9433
445.5	2.7232
445.625	2.5605
445.75	2.4819
445.875	2.4481
446.0	2.4245
446.125	2.4119
446.25	2.3962
446.375	2.3805
446.5	2.3663
446.625	2.3364
446.75	2.3081
446.875	2.2759
447.0	2.2429
447.125	2.2185
447.25	2.1863
447.375	2.147
447.5	2.121
447.625	2.099
447.75	2.0817
447.875	2.0573
448.0	2.0338
448.125	2.0251
448.25	2.0149
448.375	2.0047
448.5	1.9937
448.625	1.9709
448.75	1.9559
448.875	1.9347
449.0	1.9158
449.125	1.908
449.25	1.8946
449.375	1.8867
449.5	1.875
449.625	1.8679
449.75	1.8561
449.875	1.8482
450.0	1.8223
450.125	1.8003
450.25	1.7602
450.375	1.7389
450.5	1.7146
450.625	1.6894
450.75	1.6705
450.875	1.6399
451.0	1.6273
451.125	1.6045
451.25	1.5974
451.375	1.5841
451.5	1.5589
451.625	1.5455
451.75	1.5369
451.875	1.5188
452.0	1.507
452.125	1.5047
452.25	1.5031
452.375	1.4976
452.5	1.5015
452.625	1.5062
452.75	1.5133
452.875	1.518
453.0	1.5275
453.125	1.529
453.25	1.5314
453.375	1.5212
453.5	1.522
453.625	1.5227
453.75	1.5188
453.875	1.5125
454.0	1.5094
454.125	1.4858
454.25	1.474
454.375	1.4512
454.5	1.4158
454.625	1.393
454.75	1.3577
454.875	1.3199
455.0	1.2845
455.125	1.2389
455.25	1.202
455.375	1.1619
455.5	1.1289
455.625	1.0919
455.75	1.0613
455.875	1.0314
456.0	1.0062
456.125	0.9858
456.25	0.9748
456.375	0.9599
456.5	0.952
456.625	0.9371
456.75	0.9339
456.875	0.9292
457.0	0.9418
457.125	0.9441
457.25	0.9567
457.375	0.9772
457.5	0.9913
457.625	1.0157
457.75	1.0369
457.875	1.0715
458.0	1.1037
458.125	1.1477
458.25	1.1745
458.375	1.2216
458.5	1.2539
458.625	1.2971
458.75	1.3364
458.875	1.371
459.0	1.4017
459.125	1.4276
459.25	1.4654
459.375	1.4913
459.5	1.5125
459.625	1.5448
459.75	1.5723
459.875	1.5974
460.0	1.6187
460.125	1.636
460.25	1.665
460.375	1.6855
460.5	1.7185
460.625	1.7523
460.75	1.7916
460.875	1.8317
461.0	1.8718
461.125	1.9143
461.25	1.9402
461.375	1.9819
461.5	1.9984
461.625	1.9968
461.75	2.0047
461.875	1.9905
462.0	1.9677
462.125	1.9465
462.25	1.9229
462.375	1.886
462.5	1.8624
462.625	1.8121
462.75	1.7625
462.875	1.7154
463.0	1.6658
463.125	1.6218
463.25	1.5731
463.375	1.5369
463.5	1.5094
463.625	1.4858
463.75	1.4669
463.875	1.4614
464.0	1.4457
464.125	1.4339
464.25	1.4292
464.375	1.4253
464.5	1.4198
464.625	1.3993
464.75	1.3954
464.875	1.3922
465.0	1.3899
465.125	1.3875
465.25	1.3899
465.375	1.4056
465.5	1.4158
465.625	1.4276
465.75	1.4465
465.875	1.4512
466.0	1.4528
466.125	1.4512
466.25	1.4528
466.375	1.4481
466.5	1.4465
466.625	1.4559
466.75	1.4638
466.875	1.4654
467.0	1.4764
467.125	1.4772
467.25	1.4795
467.375	1.4866
467.5	1.4811
467.625	1.4779
467.75	1.4882
467.875	1.4803
468.0	1.4874
468.125	1.4819
468.25	1.4882
468.375	1.4929
468.5	1.4968
468.625	1.496
468.75	1.4992
468.875	1.5117
469.0	1.5165
469.125	1.5212
469.25	1.5212
469.375	1.529
469.5	1.5235
469.625	1.5298
469.75	1.5283
469.875	1.5283
470.0	1.529
470.125	1.5275
470.25	1.5196
470.375	1.5047
470.5	1.5007
470.625	1.4787
470.75	1.4591
470.875	1.4465
471.0	1.4292
471.125	1.4237
471.25	1.4308
471.375	1.441
471.5	1.452
471.625	1.4724
471.75	1.4889
471.875	1.5102
472.0	1.5377
472.125	1.5723
472.25	1.6179
472.375	1.6533
472.5	1.7122
472.625	1.7696
472.75	1.8286
472.875	1.8985
473.0	1.9748
473.125	2.0448
473.25	2.1179
473.375	2.2106
473.5	2.3073
473.625	2.408
473.75	2.5267
473.875	2.6477
474.0	2.7932
474.125	2.9331
474.25	3.1084
474.375	3.2657
474.5	3.4988
474.625	3.7064
474.75	3.9281
474.875	4.1686
475.0	4.4226
475.125	4.6694
475.25	4.7284
475.375	4.726
475.5	4.7276
475.625	4.7284
475.75	4.7268
475.875	4.726
476.0	4.7284
476.125	4.7284
476.25	4.7284
476.375	4.7284
476.5	4.7284
476.625	4.7268
476.75	4.7284
476.875	4.476
477.0	4.0884
477.125	3.7032
477.25	3.3054
477.375	2.8647
477.5	2.4866
477.625	2.1069
477.75	1.7932
477.875	1.5298
478.0	1.3734
478.125	1.2893
478.25	1.2767
478.375	1.2759
478.5	1.2853
478.625	1.3058
478.75	1.3294
478.875	1.3514
479.0	1.3663
479.125	1.3883
479.25	1.4009
479.375	1.4276
479.5	1.452
479.625	1.4685
479.75	1.4889
479.875	1.5023
480.0	1.5235
480.125	1.5393
480.25	1.5487
480.375	1.5566
480.5	1.5636
480.625	1.5738
480.75	1.5801
480.875	1.5896
481.0	1.5966
481.125	1.6053
481.25	1.6108
481.375	1.6226
481.5	1.6179
481.625	1.6194
481.75	1.6179
481.875	1.6155
482.0	1.6234
482.125	1.6132
482.25	1.6084
482.375	1.6084
482.5	1.6092
482.625	1.5982
482.75	1.5864
482.875	1.5778
483.0	1.5589
483.125	1.5455
483.25	1.5361
483.375	1.5283
483.5	1.5102
483.625	1.4968
483.75	1.4921
483.875	1.4724
484.0	1.4512
484.125	1.4347
484.25	1.4127
484.375	1.3938
484.5	1.3757
484.625	1.3498
484.75	1.3325
484.875	1.3034
485.0	1.2853
485.125	1.261
485.25	1.2468
485.375	1.2193
485.5	1.2091
485.625	1.1871
485.75	1.1753
485.875	1.1619
486.0	1.154
486.125	1.1438
486.25	1.1383
486.375	1.1257
486.5	1.1202
486.625	1.1155
486.75	1.1155
486.875	1.1108
487.0	1.1077
487.125	1.0974
487.25	1.0919
487.375	1.0856
487.5	1.0715
487.625	1.0652
487.75	1.0503
487.875	1.0416
488.0	1.0361
488.125	1.0235
488.25	1.0227
488.375	1.0306
488.5	1.0361
488.625	1.0408
488.75	1.044
488.875	1.0503
489.0	1.0479
489.125	1.0518
489.25	1.0605
489.375	1.0597
489.5	1.0652
489.625	1.0738
489.75	1.0778
489.875	1.0794
490.0	1.0794
490.125	1.0738
490.25	1.0738
490.375	1.0683
490.5	1.0707
490.625	1.0715
490.75	1.0746
490.875	1.0786
491.0	1.0715
491.125	1.0754
491.25	1.0754
491.375	1.0762
491.5	1.0786
491.625	1.0872
491.75	1.0959
491.875	1.1053
492.0	1.1124
492.125	1.121
492.25	1.132
492.375	1.1454
492.5	1.158
492.625	1.1674
492.75	1.1745
492.875	1.1847
493.0	1.1886
493.125	1.1933
493.25	1.1965
493.375	1.1894
493.5	1.1792
493.625	1.1666
493.75	1.1548
493.875	1.1289
494.0	1.0982
494.125	1.0762
494.25	1.0455
494.375	1.0204
494.5	0.9905
494.625	0.9654
494.75	0.9371
494.875	0.9237
495.0	0.8985
495.125	0.882
495.25	0.8765
495.375	0.8726
495.5	0.8852
495.625	0.9009
495.75	0.9174
495.875	0.9323
496.0	0.9512
496.125	0.9724
496.25	0.9913
496.375	1.0125
496.5	1.0377
496.625	1.0628
496.75	1.0959
496.875	1.132
497.0	1.1619
497.125	1.1941
497.25	1.2193
497.375	1.2476
497.5	1.272
497.625	1.294
497.75	1.3223
497.875	1.3545
498.0	1.3828
498.125	1.4001
498.25	1.4229
498.375	1.4441
498.5	1.452
498.625	1.4614
498.75	1.4748
498.875	1.4827
499.0	1.4882
499.125	1.4913
499.25	1.5
499.375	1.5055
499.5	1.5094
499.625	1.5149
499.75	1.5188
499.875	1.5306
500.0	1.5463
500.125	1.5597
500.25	1.5691
500.375	1.5817
500.5	1.5841
500.625	1.5817
500.75	1.5801
500.875	1.5825
501.0	1.5723
501.125	1.5503
501.25	1.5361
501.375	1.5078
501.5	1.4795
501.625	1.4378
501.75	1.4064
501.875	1.3773
502.0	1.3427
502.125	1.3144
502.25	1.2861
502.375	1.2547
502.5	1.2256
502.625	1.191
502.75	1.1666
502.875	1.1399
503.0	1.1155
503.125	1.0896
503.25	1.0644
503.375	1.0432
503.5	1.0235
503.625	1.0047
503.75	0.9889
503.875	0.9772
504.0	0.9709
504.125	0.9716
504.25	0.9701
504.375	0.9709
504.5	0.9779
504.625	0.9834
504.75	0.9968
504.875	1.0102
505.0	1.0283
505.125	1.0479
505.25	1.0691
505.375	1.0888
505.5	1.1139
505.625	1.1352
505.75	1.1533
505.875	1.1745
506.0	1.1996
506.125	1.2216
506.25	1.2397
506.375	1.2727
506.5	1.2987
506.625	1.3223
506.75	1.3482
506.875	1.3663
507.0	1.3852
507.125	1.4064
507.25	1.4198
507.375	1.4331
507.5	1.4488
507.625	1.4606
507.75	1.4764
507.875	1.4827
508.0	1.4913
508.125	1.5007
508.25	1.5125
508.375	1.5165
508.5	1.5338
508.625	1.5652
508.75	1.5888
508.875	1.6147
509.0	1.6595
509.125	1.6981
509.25	1.7531
509.375	1.8105
509.5	1.8702
509.625	1.9418
509.75	2.0251
509.875	2.0998
510.0	2.1965
510.125	2.2948
510.25	2.4158
510.375	2.5275
510.5	2.6454
510.625	2.7814
510.75	2.9339
510.875	3.0864
511.0	3.2358
511.125	3.4367
511.25	3.6246
511.375	3.8172
511.5	4.0185
511.625	4.2292
511.75	4.4194
511.875	4.6002
512.0	4.7166
512.125	4.726
512.25	4.7268
512.375	4.7174
512.5	4.535
512.625	4.3188
512.75	4.0609
512.875	3.8046
513.0	3.5145
513.125	3.1745
513.25	2.849
513.375	2.5039
513.5	2.1603
513.625	1.8207
513.75	1.4952
513.875	1.2044
514.0	0.9772
514.125	0.827
514.25	0.7547
514.375	0.7264
514.5	0.7248
514.625	0.7216
514.75	0.7224
514.875	0.7248
515.0	0.7287
515.125	0.7358
515.25	0.7374
515.375	0.7484
515.5	0.7586
515.625	0.7633
515.75	0.7657
515.875	0.7735
516.0	0.7845
516.125	0.7987
516.25	0.8144
516.375	0.8309
516.5	0.8506
516.625	0.8694
516.75	0.8946
516.875	0.9072
517.0	0.9268
517.125	0.9418
517.25	0.9575
517.375	0.9716
517.5	0.9882
517.625	1.0102
517.75	1.0212
517.875	1.0322
518.0	1.0471
518.125	1.0589
518.25	1.0731
518.375	1.0927
518.5	1.1045
518.625	1.1226
518.75	1.1352
518.875	1.143
519.0	1.1509
519.125	1.154
519.25	1.1572
519.375	1.1595
519.5	1.1564
519.625	1.147
519.75	1.1438
519.875	1.1297
520.0	1.1077
520.125	1.0951
520.25	1.0715
520.375	1.0566
520.5	1.0377
520.625	1.0227
520.75	1.0055
520.875	0.9905
521.0	0.9787
521.125	0.9599
521.25	0.9441
521.375	0.9331
521.5	0.9182
521.625	0.8993
521.75	0.8828
521.875	0.8679
522.0	0.8616
522.125	0.8427
522.25	0.8349
522.375	0.8294
522.5	0.8128
522.625	0.8073
522.75	0.8018
522.875	0.7979
523.0	0.8026
523.125	0.8136
523.25	0.8231
523.375	0.8364
523.5	0.8522
523.625	0.8522
523.75	0.8694
523.875	0.8781
524.0	0.8922
524.125	0.9001
524.25	0.9127
524.375	0.9284
524.5	0.941
524.625	0.9559
524.75	0.9669
524.875	0.9772
525.0	0.985
525.125	0.9897
525.25	1.0062
525.375	1.0196
525.5	1.0361
525.625	1.0589
525.75	1.0746
525.875	1.0911
526.0	1.1006
526.125	1.1022
526.25	1.1155
526.375	1.1242
526.5	1.1289
526.625	1.1375
526.75	1.1446
526.875	1.1509
527.0	1.1517
527.125	1.1517
527.25	1.1438
527.375	1.1493
527.5	1.1509
527.625	1.1572
527.75	1.1658
527.875	1.18
528.0	1.1863
528.125	1.191
528.25	1.1996
528.375	1.1996
528.5	1.1981
528.625	1.1981
528.75	1.1823
528.875	1.1776
529.0	1.1705
529.125	1.1635
529.25	1.1422
529.375	1.1289
529.5	1.1037
529.625	1.088
529.75	1.0715
529.875	1.0621
530.0	1.0542
530.125	1.0338
530.25	1.0353
530.375	1.0314
530.5	1.0235
530.625	1.0251
530.75	1.0235
530.875	1.022
531.0	1.0259
531.125	1.0314
531.25	1.0369
531.375	1.0353
531.5	1.0338
531.625	1.0369
531.75	1.0369
531.875	1.0369
532.0	1.033
532.125	1.0251
532.25	1.0149
532.375	0.9921
532.5	0.9748
532.625	0.9512
532.75	0.9323
532.875	0.9103
533.0	0.8907
533.125	0.8663
533.25	0.8443
533.375	0.8223
533.5	0.7948
533.625	0.7751
533.75	0.7515
533.875	0.7319
534.0	0.724
534.125	0.7099
534.25	0.7091
534.375	0.7036
534.5	0.6996
534.625	0.7004
534.75	0.6949
534.875	0.6933
535.0	0.691
535.125	0.691
535.25	0.6902
535.375	0.6918
535.5	0.6855
535.625	0.6839
535.75	0.6831
535.875	0.6831
536.0	0.6808
536.125	0.68
536.25	0.6839
536.375	0.6745
536.5	0.6745
536.625	0.6737
536.75	0.6713
536.875	0.6682
537.0	0.6643
537.125	0.6619
537.25	0.6603
537.375	0.6595
537.5	0.6548
537.625	0.6533
537.75	0.6509
537.875	0.6501
538.0	0.6477
538.125	0.6493
538.25	0.6485
538.375	0.6485
538.5	0.6509
538.625	0.6517
538.75	0.6485
538.875	0.6533
539.0	0.6548
539.125	0.6588
539.25	0.6603
539.375	0.6627
539.5	0.6603
539.625	0.6572
539.75	0.6603
539.875	0.6525
540.0	0.6485
540.125	0.6399
540.25	0.6289
540.375	0.6265
540.5	0.6163
540.625	0.6077
540.75	0.5959
540.875	0.5849
541.0	0.5786
541.125	0.566
541.25	0.5605
541.375	0.5542
541.5	0.5518
541.625	0.5408
541.75	0.5385
541.875	0.533
542.0	0.5251
542.125	0.5243
542.25	0.5188
542.375	0.5125
542.5	0.5165
542.625	0.5125
542.75	0.5094
542.875	0.5141
543.0	0.5165
543.125	0.5243
543.25	0.5267
543.375	0.533
543.5	0.5424
543.625	0.5463
543.75	0.5518
543.875	0.5644
544.0	0.566
544.125	0.5707
544.25	0.5778
544.375	0.5872
544.5	0.5911
544.625	0.5943
544.75	0.5966
544.875	0.6037
545.0	0.6045
545.125	0.6116
545.25	0.6163
545.375	0.6297
545.5	0.643
545.625	0.6533
545.75	0.665
545.875	0.6823
546.0	0.6981
546.125	0.7067
546.25	0.7201
546.375	0.7295
546.5	0.7444
546.625	0.7547
546.75	0.768
546.875	0.7751
547.0	0.7908
547.125	0.8011
547.25	0.805
547.375	0.8113
547.5	0.8168
547.625	0.8317
547.75	0.8427
547.875	0.8592
548.0	0.8773
548.125	0.8946
548.25	0.9127
548.375	0.9205
548.5	0.9371
548.625	0.9551
548.75	0.9669
548.875	0.9795
549.0	0.9882
549.125	1.0047
549.25	1.0141
549.375	1.0235
549.5	1.0298
549.625	1.04
549.75	1.0503
549.875	1.0566
550.0	1.0699
550.125	1.0809
550.25	1.0919
550.375	1.1163
550.5	1.1399
550.625	1.1627
550.75	1.1847
550.875	1.2138
551.0	1.2468
551.125	1.2971
551.25	1.3286
551.375	1.3765
551.5	1.4261
551.625	1.4693
551.75	1.5306
551.875	1.5888
552.0	1.6548
552.125	1.724
552.25	1.7948
552.375	1.8671
552.5	1.9488
552.625	2.029
552.75	2.1092
552.875	2.1745
553.0	2.2515
553.125	2.3058
553.25	2.3254
553.375	2.3254
553.5	2.2838
553.625	2.2059
553.75	2.0998
553.875	1.996
554.0	1.875
554.125	1.7523
554.25	1.6194
554.375	1.4874
554.5	1.3537
554.625	1.2106
554.75	1.0731
554.875	0.9591
555.0	0.8341
555.125	0.7319
555.25	0.6619
555.375	0.6273
555.5	0.6139
555.625	0.6187
555.75	0.6218
555.875	0.6273
556.0	0.6336
556.125	0.643
556.25	0.6446
556.375	0.647
556.5	0.6462
556.625	0.6509
556.75	0.6595
556.875	0.6682
557.0	0.6886
557.125	0.7122
557.25	0.7319
557.375	0.7437
557.5	0.7578
557.625	0.768
557.75	0.7798
557.875	0.7845
558.0	0.7932
558.125	0.7963
558.25	0.8066
558.375	0.8183
558.5	0.8223
558.625	0.8262
558.75	0.8309
558.875	0.8341
559.0	0.8301
559.125	0.838
559.25	0.849
559.375	0.8679
559.5	0.8867
559.625	0.9111
559.75	0.9316
559.875	0.9496
560.0	0.9724
560.125	0.9842
560.25	1.0007
560.375	1.0055
560.5	1.0196
560.625	1.0298
560.75	1.0353
560.875	1.0322
561.0	1.0448
561.125	1.04
561.25	1.033
561.375	1.0251
561.5	1.0102
561.625	0.9976
561.75	0.9842
561.875	0.9709
562.0	0.9551
562.125	0.9449
562.25	0.9308
562.375	0.9135
562.5	0.8977
562.625	0.8812
562.75	0.8679
562.875	0.8459
563.0	0.8317
563.125	0.805
563.25	0.7869
563.375	0.7641
563.5	0.7389
563.625	0.7279
563.75	0.7099
563.875	0.6878
564.0	0.6698
564.125	0.6556
564.25	0.6407
564.375	0.6242
564.5	0.6092
564.625	0.5974
564.75	0.5825
564.875	0.5699
565.0	0.5589
565.125	0.5487
565.25	0.5377
565.375	0.5275
565.5	0.5235
565.625	0.5149
565.75	0.5039
565.875	0.4976
566.0	0.4897
566.125	0.4834
566.25	0.4748
566.375	0.4701
566.5	0.4622
566.625	0.4614
566.75	0.4567
566.875	0.4512
567.0	0.4488
567.125	0.4481
567.25	0.4473
567.375	0.4512
567.5	0.4544
567.625	0.4575
567.75	0.4638
567.875	0.4716
568.0	0.4764
568.125	0.4827
568.25	0.4905
568.375	0.5015
568.5	0.511
568.625	0.522
568.75	0.5322
568.875	0.5416
569.0	0.5455
569.125	0.5503
569.25	0.5621
569.375	0.5636
569.5	0.5683
569.625	0.5738
569.75	0.5794
569.875	0.5849
570.0	0.5935
570.125	0.6029
570.25	0.6053
570.375	0.6124
570.5	0.6187
570.625	0.6179
570.75	0.6226
570.875	0.6305
571.0	0.6312
571.125	0.632
571.25	0.636
571.375	0.6407
571.5	0.6454
571.625	0.6367
571.75	0.6399
571.875	0.6399
572.0	0.6367
572.125	0.6344
572.25	0.6297
572.375	0.6273
572.5	0.6297
572.625	0.6265
572.75	0.6281
572.875	0.625
573.0	0.6273
573.125	0.6218
573.25	0.6312
573.375	0.6242
573.5	0.6281
573.625	0.6257
573.75	0.6273
573.875	0.6265
574.0	0.6218
574.125	0.6139
574.25	0.5982
574.375	0.5872
574.5	0.5683
574.625	0.5479
574.75	0.5345
574.875	0.5149
575.0	0.4921
575.125	0.4709
575.25	0.4536
575.375	0.4323
575.5	0.4158
575.625	0.3977
575.75	0.382
575.875	0.371
576.0	0.3632
576.125	0.3577
576.25	0.36
576.375	0.3608
576.5	0.3679
576.625	0.3687
576.75	0.3773
576.875	0.3805
577.0	0.3852
577.125	0.3883
577.25	0.3915
577.375	0.397
577.5	0.4001
577.625	0.4025
577.75	0.4017
577.875	0.4088
578.0	0.4103
578.125	0.415
578.25	0.419
578.375	0.4221
578.5	0.4284
578.625	0.4339
578.75	0.4394
578.875	0.4441
579.0	0.4528
579.125	0.4551
579.25	0.4661
579.375	0.4685
579.5	0.4764
579.625	0.4772
579.75	0.4842
579.875	0.4858
580.0	0.4866
580.125	0.4897
580.25	0.4905
580.375	0.4897
580.5	0.4889
580.625	0.4921
580.75	0.4905
580.875	0.4897
581.0	0.4905
581.125	0.4937
581.25	0.5
581.375	0.5031
581.5	0.5094
581.625	0.518
581.75	0.5243
581.875	0.5283
582.0	0.5338
582.125	0.5393
582.25	0.5463
582.375	0.5534
582.5	0.5589
582.625	0.5628
582.75	0.5707
582.875	0.5731
583.0	0.5738
583.125	0.5801
583.25	0.5754
583.375	0.5754
583.5	0.5762
583.625	0.5801
583.75	0.5849
583.875	0.5888
584.0	0.5927
584.125	0.6061
584.25	0.6116
584.375	0.6163
584.5	0.6297
584.625	0.643
584.75	0.6635
584.875	0.6847
585.0	0.7209
585.125	0.7625
585.25	0.8183
585.375	0.8836
585.5	0.9504
585.625	1.0251
585.75	1.1084
585.875	1.1902
586.0	1.2633
586.125	1.3435
586.25	1.4166
586.375	1.4882
586.5	1.5542
586.625	1.6194
586.75	1.6674
586.875	1.6941
587.0	1.7051
587.125	1.6863
587.25	1.6501
587.375	1.6006
587.5	1.5314
587.625	1.4504
587.75	1.3647
587.875	1.2743
588.0	1.1863
588.125	1.0841
588.25	0.9874
588.375	0.8883
588.5	0.7955
588.625	0.7114
588.75	0.6391
588.875	0.5707
589.0	0.5212
589.125	0.4779
589.25	0.4488
589.375	0.4198
589.5	0.4048
589.625	0.3962
589.75	0.3907
589.875	0.3899
590.0	0.393
590.125	0.3977
590.25	0.4095
590.375	0.4198
590.5	0.4339
590.625	0.4465
590.75	0.4591
590.875	0.4716
591.0	0.4819
591.125	0.4952
591.25	0.5031
591.375	0.5125
591.5	0.5204
591.625	0.5283
591.75	0.5455
591.875	0.5542
592.0	0.5621
592.125	0.5644
592.25	0.5699
592.375	0.5715
592.5	0.5801
592.625	0.5856
592.75	0.5951
592.875	0.6014
593.0	0.6116
593.125	0.6242
593.25	0.6367
593.375	0.6556
593.5	0.6666
593.625	0.6745
593.75	0.6847
593.875	0.6941
594.0	0.6996
594.125	0.7067
594.25	0.7067
594.375	0.7138
594.5	0.7154
594.625	0.7256
594.75	0.7287
594.875	0.735
595.0	0.7342
595.125	0.7366
595.25	0.7334
595.375	0.7374
595.5	0.7429
595.625	0.75
595.75	0.7562
595.875	0.7688
596.0	0.7869
596.125	0.8003
596.25	0.8136
596.375	0.8294
596.5	0.8427
596.625	0.8514
596.75	0.8671
596.875	0.8702
597.0	0.882
597.125	0.893
597.25	0.9048
597.375	0.9095
597.5	0.9127
597.625	0.9213
597.75	0.9229
597.875	0.9221
598.0	0.9237
598.125	0.9292
598.25	0.9308
598.375	0.9347
598.5	0.941
598.625	0.9481
598.75	0.9583
598.875	0.9685
599.0	0.9803
599.125	0.9968
599.25	1.0055
599.375	1.0212
599.5	1.0408
599.625	1.0534
599.75	1.0676
599.875	1.0841
600.0	1.0935
600.125	1.0943
600.25	1.0864
600.375	1.0621
600.5	1.0275
600.625	0.9811
600.75	0.9347
600.875	0.8875
601.0	0.8364
601.125	0.7814
601.25	0.7303
601.375	0.665
601.5	0.6116
601.625	0.5605
601.75	0.5015
601.875	0.4504
602.0	0.4056
602.125	0.3702
602.25	0.3451
602.375	0.3349
602.5	0.3372
602.625	0.3333
602.75	0.338
602.875	0.3396
603.0	0.3443
603.125	0.349
603.25	0.3545
603.375	0.3584
603.5	0.3679
603.625	0.3726
603.75	0.3781
603.875	0.386
604.0	0.3962
604.125	0.4025
604.25	0.4135
604.375	0.4158
604.5	0.4245
604.625	0.4268
604.75	0.4331
604.875	0.4426
605.0	0.4512
605.125	0.4528
605.25	0.4591
605.375	0.4654
605.5	0.4709
605.625	0.4724
605.75	0.4827
605.875	0.4905
606.0	0.5015
606.125	0.5102
606.25	0.5283
606.375	0.5448
606.5	0.5636
606.625	0.5809
606.75	0.599
606.875	0.6147
607.0	0.636
607.125	0.6525
607.25	0.6784
607.375	0.6933
607.5	0.713
607.625	0.7256
607.75	0.7389
607.875	0.7523
608.0	0.7586
608.125	0.7649
608.25	0.7594
608.375	0.7523
608.5	0.7311
608.625	0.7146
608.75	0.6847
608.875	0.6658
609.0	0.6289
609.125	0.6053
609.25	0.5754
609.375	0.5471
609.5	0.5204
609.625	0.4913
609.75	0.4591
609.875	0.4323
610.0	0.4056
610.125	0.3828
610.25	0.3679
610.375	0.3569
610.5	0.3498
610.625	0.3443
610.75	0.3443
610.875	0.3404
611.0	0.3396
611.125	0.3396
611.25	0.3404
611.375	0.3396
611.5	0.338
611.625	0.3404
611.75	0.3396
611.875	0.3443
612.0	0.3443
612.125	0.3419
612.25	0.3443
612.375	0.3404
612.5	0.3396
612.625	0.3396
612.75	0.3419
612.875	0.338
613.0	0.3396
613.125	0.3443
613.25	0.3474
613.375	0.3553
613.5	0.3632
613.625	0.3655
613.75	0.3718
613.875	0.3757
614.0	0.3828
614.125	0.3875
614.25	0.3985
614.375	0.4143
614.5	0.4323
614.625	0.4441
614.75	0.4646
614.875	0.4827
615.0	0.4984
615.125	0.5165
615.25	0.5322
615.375	0.5558
615.5	0.5801
615.625	0.6163
615.75	0.6572
615.875	0.7075
616.0	0.7727
616.125	0.8498
616.25	0.9347
616.375	1.0377
616.5	1.1493
616.625	1.2806
616.75	1.4229
616.875	1.5699
617.0	1.7295
617.125	1.8781
617.25	2.0188
617.375	2.158
617.5	2.2877
617.625	2.4174
617.75	2.5306
617.875	2.6187
618.0	2.6768
618.125	2.7122
618.25	2.7161
618.375	2.6918
618.5	2.6399
618.625	2.5503
618.75	2.4504
618.875	2.3215
619.0	2.2004
619.125	2.0613
619.25	1.9119
619.375	1.7547
619.5	1.5974
619.625	1.4331
619.75	1.2877
619.875	1.1533
620.0	1.0345
620.125	0.9229
620.25	0.8372
620.375	0.7641
620.5	0.7044
620.625	0.6485
620.75	0.61
620.875	0.5754
621.0	0.5621
621.125	0.5518
621.25	0.5518
621.375	0.5511
621.5	0.5518
621.625	0.5487
621.75	0.544
621.875	0.5377
622.0	0.5251
622.125	0.5149
622.25	0.5039
622.375	0.4882
622.5	0.4677
622.625	0.4544
622.75	0.4339
622.875	0.4182
623.0	0.4001
623.125	0.3852
623.25	0.3655
623.375	0.3459
623.5	0.3317
623.625	0.3199
623.75	0.3097
623.875	0.2955
624.0	0.2893
624.125	0.2877
624.25	0.2861
624.375	0.2822
624.5	0.2759
624.625	0.2759
624.75	0.2712
624.875	0.2712
625.0	0.2696
625.125	0.268
625.25	0.2617
625.375	0.2586
625.5	0.2562
625.625	0.2547
625.75	0.25
625.875	0.246
626.0	0.2468
626.125	0.2429
626.25	0.2437
626.375	0.2437
626.5	0.2444
626.625	0.2437
626.75	0.2421
626.875	0.2437
627.0	0.246
627.125	0.2468
627.25	0.2476
627.375	0.25
627.5	0.2547
627.625	0.2539
627.75	0.2547
627.875	0.2547
628.0	0.2578
628.125	0.257
628.25	0.2594
628.375	0.257
628.5	0.2625
628.625	0.2641
628.75	0.268
628.875	0.2688
629.0	0.2759
629.125	0.2806
629.25	0.283
629.375	0.2877
629.5	0.2948
629.625	0.2955
629.75	0.3034
629.875	0.3089
630.0	0.3113
630.125	0.316
630.25	0.3231
630.375	0.3278
630.5	0.3301
630.625	0.3364
630.75	0.3364
630.875	0.3388
631.0	0.3396
631.125	0.3396
631.25	0.3396
631.375	0.3349
631.5	0.3349
631.625	0.3341
631.75	0.3341
631.875	0.3349
632.0	0.3388
632.125	0.3411
632.25	0.349
632.375	0.3537
632.5	0.3663
632.625	0.3734
632.75	0.3781
632.875	0.3875
633.0	0.4001
633.125	0.4009
633.25	0.4072
633.375	0.415
633.5	0.4205
633.625	0.4229
633.75	0.4213
633.875	0.4245
634.0	0.4237
634.125	0.4198
634.25	0.419
634.375	0.415
634.5	0.4088
634.625	0.4056
634.75	0.4088
634.875	0.4017
635.0	0.4056
635.125	0.4056
635.25	0.4103
635.375	0.415
635.5	0.4253
635.625	0.43
635.75	0.4363
635.875	0.4371
636.0	0.4433
636.125	0.4433
636.25	0.4433
636.375	0.4441
636.5	0.4465
636.625	0.4481
636.75	0.4551
636.875	0.4591
637.0	0.4646
637.125	0.4669
637.25	0.4716
637.375	0.4701
637.5	0.4685
637.625	0.4685
637.75	0.4693
637.875	0.4811
638.0	0.4882
638.125	0.5047
638.25	0.5243
638.375	0.5448
638.5	0.5723
638.625	0.5959
638.75	0.6257
638.875	0.6572
639.0	0.6926
639.125	0.7319
639.25	0.7751
639.375	0.8144
639.5	0.8514
639.625	0.8773
639.75	0.9103
639.875	0.9402
640.0	0.9599
640.125	0.974
640.25	0.9811
640.375	0.9827
640.5	0.9874
640.625	0.9779
640.75	0.9622
640.875	0.9308
641.0	0.8946
641.125	0.8506
641.25	0.8128
641.375	0.7704
641.5	0.7358
641.625	0.6878
641.75	0.647
641.875	0.6147
642.0	0.5809
642.125	0.5432
642.25	0.5102
642.375	0.4724
642.5	0.4449
642.625	0.4253
642.75	0.4111
642.875	0.4001
643.0	0.3907
643.125	0.3922
643.25	0.3899
643.375	0.3867
643.5	0.3915
643.625	0.393
643.75	0.397
643.875	0.4048
644.0	0.4064
644.125	0.4127
644.25	0.4166
644.375	0.4213
644.5	0.4268
644.625	0.4339
644.75	0.4371
644.875	0.4363
645.0	0.4426
645.125	0.4473
645.25	0.4496
645.375	0.4528
645.5	0.4528
645.625	0.4575
645.75	0.463
645.875	0.4599
646.0	0.4559
646.125	0.4622
646.25	0.4661
646.375	0.4724
646.5	0.4834
646.625	0.4866
646.75	0.4944
646.875	0.5031
647.0	0.511
647.125	0.5165
647.25	0.5283
647.375	0.5345
647.5	0.54
647.625	0.5455
647.75	0.5503
647.875	0.5636
648.0	0.5738
648.125	0.5825
648.25	0.5927
648.375	0.5966
648.5	0.6092
648.625	0.6179
648.75	0.625
648.875	0.6344
649.0	0.6422
649.125	0.6493
649.25	0.6666
649.375	0.6745
649.5	0.6918
649.625	0.7154
649.75	0.7382
649.875	0.7688
650.0	0.8018
650.125	0.8404
650.25	0.8891
650.375	0.9402
650.5	0.9952
650.625	1.0605
650.75	1.1367
650.875	1.2161
651.0	1.3018
651.125	1.3985
651.25	1.485
651.375	1.5778
651.5	1.6564
651.625	1.7311
651.75	1.7877
651.875	1.8584
652.0	1.897
652.125	1.9316
652.25	1.9504
652.375	1.963
652.5	1.9551
652.625	1.9284
652.75	1.8852
652.875	1.8349
653.0	1.761
653.125	1.6894
653.25	1.6108
653.375	1.5322
653.5	1.441
653.625	1.3427
653.75	1.2366
653.875	1.1391
654.0	1.0416
654.125	0.9544
654.25	0.8616
654.375	0.7885
654.5	0.7138
654.625	0.6477
654.75	0.5794
654.875	0.5243
655.0	0.4724
655.125	0.4261
655.25	0.3805
655.375	0.3466
655.5	0.3262
655.625	0.3089
655.75	0.2908
655.875	0.2759
656.0	0.2625
656.125	0.25
656.25	0.2429
656.375	0.2366
656.5	0.2342
656.625	0.235
656.75	0.2303
656.875	0.2287
657.0	0.2264
657.125	0.2216
657.25	0.2216
657.375	0.2224
657.5	0.2209
657.625	0.2201
657.75	0.2161
657.875	0.2138
658.0	0.2091
658.125	0.2051
658.25	0.2051
658.375	0.2044
658.5	0.2036
658.625	0.202
658.75	0.2028
658.875	0.202
659.0	0.2012
659.125	0.1996
659.25	0.1988
659.375	0.1996
659.5	0.1981
659.625	0.1996
659.75	0.2036
659.875	0.2028
660.0	0.2036
660.125	0.2067
660.25	0.2051
660.375	0.2075
660.5	0.2099
660.625	0.2114
660.75	0.2099
660.875	0.2122
661.0	0.2138
661.125	0.2216
661.25	0.2216
661.375	0.2264
661.5	0.2334
661.625	0.2382
661.75	0.2452
661.875	0.2562
662.0	0.2594
662.125	0.2688
662.25	0.2775
662.375	0.2838
662.5	0.2932
662.625	0.3011
662.75	0.3073
662.875	0.3105
663.0	0.3207
663.125	0.3254
663.25	0.327
663.375	0.3294
663.5	0.3349
663.625	0.3309
663.75	0.3349
663.875	0.3325
664.0	0.327
664.125	0.3278
664.25	0.3207
664.375	0.3168
664.5	0.3113
664.625	0.3097
664.75	0.3003
664.875	0.2955
665.0	0.2893
665.125	0.2845
665.25	0.2783
665.375	0.2751
665.5	0.2672
665.625	0.2617
665.75	0.2594
665.875	0.2562
666.0	0.2523
666.125	0.2547
666.25	0.2547
666.375	0.2547
666.5	0.2594
666.625	0.2594
666.75	0.261
666.875	0.2625
667.0	0.2617
667.125	0.2633
667.25	0.2688
667.375	0.268
667.5	0.272
667.625	0.2735
667.75	0.2783
667.875	0.2783
668.0	0.2743
668.125	0.2783
668.25	0.2806
668.375	0.2759
668.5	0.2751
668.625	0.2696
668.75	0.2727
668.875	0.2688
669.0	0.2672
669.125	0.268
669.25	0.2641
669.375	0.2617
669.5	0.2617
669.625	0.261
669.75	0.2594
669.875	0.257
670.0	0.2602
670.125	0.2602
670.25	0.2625
670.375	0.2641
670.5	0.2641
670.625	0.2649
670.75	0.2665
670.875	0.2649
671.0	0.261
671.125	0.2657
671.25	0.2665
671.375	0.2704
671.5	0.2727
671.625	0.2759
671.75	0.2814
671.875	0.283
672.0	0.2877
672.125	0.2908
672.25	0.2893
672.375	0.2916
672.5	0.2908
672.625	0.2924
672.75	0.294
672.875	0.2971
673.0	0.3003
673.125	0.3113
673.25	0.3191
673.375	0.3294
673.5	0.3411
673.625	0.3537
673.75	0.3639
673.875	0.382
674.0	0.404
674.125	0.4245
674.25	0.4583
674.375	0.4921
674.5	0.5227
674.625	0.5542
674.75	0.5849
674.875	0.6037
675.0	0.6257
675.125	0.6446
675.25	0.6595
675.375	0.6721
675.5	0.68
675.625	0.691
675.75	0.6933
675.875	0.7028
676.0	0.6957
676.125	0.6886
676.25	0.6729
676.375	0.6517
676.5	0.6273
676.625	0.6069
676.75	0.5856
676.875	0.5652
677.0	0.5267
677.125	0.507
677.25	0.485
677.375	0.4536
677.5	0.4268
677.625	0.3954
677.75	0.3679
677.875	0.3411
678.0	0.3176
678.125	0.2979
678.25	0.2845
678.375	0.2775
678.5	0.268
678.625	0.2586
678.75	0.2507
678.875	0.2444
679.0	0.2413
679.125	0.2405
679.25	0.235
679.375	0.2358
679.5	0.2334
679.625	0.2358
679.75	0.2334
679.875	0.2319
680.0	0.2311
680.125	0.2279
680.25	0.2272
680.375	0.2279
680.5	0.224
680.625	0.2224
680.75	0.2193
680.875	0.2185
681.0	0.2201
681.125	0.2161
681.25	0.2169
681.375	0.2138
681.5	0.213
681.625	0.2099
681.75	0.2099
681.875	0.2075
682.0	0.2059
682.125	0.2028
682.25	0.2028
682.375	0.2028
682.5	0.1996
682.625	0.1988
682.75	0.1957
682.875	0.1933
683.0	0.1949
683.125	0.1941
683.25	0.1941
683.375	0.1981
683.5	0.1965
683.625	0.1996
683.75	0.202
683.875	0.2036
684.0	0.2059
684.125	0.2044
684.25	0.2051
684.375	0.2075
684.5	0.2122
684.625	0.2114
684.75	0.2177
684.875	0.2193
685.0	0.2224
685.125	0.2248
685.25	0.2264
685.375	0.2279
685.5	0.2334
685.625	0.2374
685.75	0.2413
685.875	0.25
686.0	0.2515
686.125	0.2594
686.25	0.2641
686.375	0.2665
686.5	0.2735
686.625	0.2853
686.75	0.2908
686.875	0.3003
687.0	0.3136
687.125	0.3294
687.25	0.3506
687.375	0.3694
687.5	0.3962
687.625	0.4158
687.75	0.4418
687.875	0.4677
688.0	0.4968
688.125	0.5283
688.25	0.5668
688.375	0.6022
688.5	0.6422
688.625	0.6816
688.75	0.7122
688.875	0.7382
689.0	0.7688
689.125	0.7861
689.25	0.8066
689.375	0.8176
689.5	0.8309
689.625	0.8317
689.75	0.8349
689.875	0.8278
690.0	0.8113
690.125	0.7893
690.25	0.7625
690.375	0.735
690.5	0.7036
690.625	0.6745
690.75	0.6415
690.875	0.6084
691.0	0.5754
691.125	0.5353
691.25	0.4984
691.375	0.4669
691.5	0.4316
691.625	0.4017
691.75	0.3742
691.875	0.349
692.0	0.3317
692.125	0.3121
692.25	0.2955
692.375	0.2822
692.5	0.2704
692.625	0.261
692.75	0.2515
692.875	0.25
693.0	0.2492
693.125	0.2547
693.25	0.2515
693.375	0.2562
693.5	0.2562
693.625	0.2594
693.75	0.2594
693.875	0.2594
694.0	0.2633
694.125	0.2641
694.25	0.2657
694.375	0.2688
694.5	0.2688
694.625	0.2712
694.75	0.272
694.875	0.272
695.0	0.2727
695.125	0.2735
695.25	0.2767
695.375	0.2743
695.5	0.2783
695.625	0.2798
695.75	0.2806
695.875	0.2806
696.0	0.2822
696.125	0.2806
696.25	0.2798
696.375	0.2806
696.5	0.2767
696.625	0.2735
696.75	0.2735
696.875	0.2727
697.0	0.2767
697.125	0.272
697.25	0.2696
697.375	0.2641
697.5	0.2617
697.625	0.261
697.75	0.2594
697.875	0.2578
698.0	0.257
698.125	0.2594
698.25	0.2578
698.375	0.2633
698.5	0.2617
698.625	0.2617
698.75	0.2649
698.875	0.2625
699.0	0.2672
699.125	0.2672
699.25	0.2696
699.375	0.2712
699.5	0.2712
699.625	0.272
699.75	0.2783
699.875	0.2751
700.0	0.2712
700.125	0.272
700.25	0.2657
700.375	0.2657
700.5	0.2617
700.625	0.2594
700.75	0.257
700.875	0.2531
701.0	0.2429
701.125	0.2382
701.25	0.235
701.375	0.2287
701.5	0.2256
701.625	0.2224
701.75	0.2201
701.875	0.2122
702.0	0.2122
702.125	0.202
702.25	0.2028
702.375	0.1973
702.5	0.1933
702.625	0.1902
702.75	0.1918
702.875	0.1855
703.0	0.1839
703.125	0.1823
703.25	0.1776
703.375	0.1792
703.5	0.1721
703.625	0.1737
703.75	0.1698
703.875	0.1674
704.0	0.1705
704.125	0.1658
704.25	0.165
704.375	0.1682
704.5	0.1658
704.625	0.1666
704.75	0.1698
704.875	0.1721
705.0	0.1705
705.125	0.1698
705.25	0.1721
705.375	0.1705
705.5	0.1737
705.625	0.1753
705.75	0.1745
705.875	0.1745
706.0	0.1745
706.125	0.1737
706.25	0.1745
706.375	0.1737
706.5	0.1729
706.625	0.1713
706.75	0.1745
706.875	0.1753
707.0	0.1753
707.125	0.1729
707.25	0.1745
707.375	0.1745
707.5	0.1753
707.625	0.1745
707.75	0.1784
707.875	0.1792
708.0	0.1839
708.125	0.1831
708.25	0.1839
708.375	0.1878
708.5	0.1894
708.625	0.1926
708.75	0.1918
708.875	0.1933
709.0	0.1933
709.125	0.1988
709.25	0.2004
709.375	0.2012
709.5	0.2051
709.625	0.2075
709.75	0.2122
709.875	0.2146
710.0	0.2169
710.125	0.2216
710.25	0.2256
710.375	0.2272
710.5	0.2264
710.625	0.2232
710.75	0.2295
710.875	0.2295
711.0	0.2295
711.125	0.2272
711.25	0.2295
711.375	0.2311
711.5	0.2311
711.625	0.235
711.75	0.2366
711.875	0.2421
712.0	0.2452
712.125	0.2531
712.25	0.261
712.375	0.268
712.5	0.2759
712.625	0.2877
712.75	0.3034
712.875	0.3199
713.0	0.3349
713.125	0.3561
713.25	0.3694
713.375	0.3805
713.5	0.3962
713.625	0.404
713.75	0.415
713.875	0.4213
714.0	0.4331
714.125	0.4386
714.25	0.4441
714.375	0.4536
714.5	0.452
714.625	0.4536
714.75	0.4488
714.875	0.4441
715.0	0.4394
715.125	0.4276
715.25	0.4166
715.375	0.4103
715.5	0.4033
715.625	0.3899
715.75	0.3765
715.875	0.3679
716.0	0.3545
716.125	0.3411
716.25	0.327
716.375	0.316
716.5	0.3018
716.625	0.2869
716.75	0.2767
716.875	0.2727
717.0	0.2657
717.125	0.261
717.25	0.261
717.375	0.2547
717.5	0.2507
717.625	0.2492
717.75	0.25
717.875	0.2452
718.0	0.2452
718.125	0.2492
718.25	0.2452
718.375	0.246
718.5	0.2452
718.625	0.2476
718.75	0.2429
718.875	0.2429
719.0	0.2413
719.125	0.2389
719.25	0.2397
719.375	0.2389
719.5	0.2382
719.625	0.235
719.75	0.2311
719.875	0.2327
720.0	0.2248
720.125	0.2264
720.25	0.2224
720.375	0.2201
720.5	0.2161
720.625	0.2146
720.75	0.2138
720.875	0.2122
721.0	0.2091
721.125	0.2028
721.25	0.1988
721.375	0.1981
721.5	0.1957
721.625	0.1926
721.75	0.191
721.875	0.1894
722.0	0.1886
722.125	0.1878
722.25	0.1855
722.375	0.1823
722.5	0.1823
722.625	0.1792
722.75	0.1792
722.875	0.1792
723.0	0.1776
723.125	0.1768
723.25	0.1753
723.375	0.1784
723.5	0.1776
723.625	0.1792
723.75	0.1776
723.875	0.1816
724.0	0.1792
724.125	0.1776
724.25	0.1792
724.375	0.1808
724.5	0.1839
724.625	0.1855
724.75	0.1839
724.875	0.1886
725.0	0.1933
725.125	0.1949
725.25	0.1965
725.375	0.202
725.5	0.2075
725.625	0.2083
725.75	0.2122
725.875	0.2146
726.0	0.2201
726.125	0.224
726.25	0.2279
726.375	0.2327
726.5	0.2405
726.625	0.2405
726.75	0.2429
726.875	0.2468
727.0	0.2515
727.125	0.2547
727.25	0.2625
727.375	0.2704
727.5	0.2759
727.625	0.2798
727.75	0.29
727.875	0.2979
728.0	0.3034
728.125	0.3136
728.25	0.3176
728.375	0.3301
728.5	0.3341
728.625	0.3427
728.75	0.3474
728.875	0.3569
729.0	0.3679
729.125	0.371
729.25	0.3797
729.375	0.3899
729.5	0.397
729.625	0.4048
729.75	0.4135
729.875	0.4245
730.0	0.4292
730.125	0.4347
730.25	0.4386
730.375	0.4473
730.5	0.4488
730.625	0.4575
730.75	0.4599
730.875	0.463
731.0	0.4638
731.125	0.4646
731.25	0.4575
731.375	0.452
731.5	0.4418
731.625	0.4355
731.75	0.4284
731.875	0.4174
732.0	0.408
732.125	0.3962
732.25	0.3828
732.375	0.375
732.5	0.3577
732.625	0.3482
732.75	0.3325
732.875	0.3176
733.0	0.305
733.125	0.2948
733.25	0.283
733.375	0.2759
733.5	0.2672
733.625	0.2578
733.75	0.2507
733.875	0.2429
734.0	0.2413
734.125	0.2358
734.25	0.2334
734.375	0.2311
734.5	0.2311
734.625	0.2303
734.75	0.2334
734.875	0.2287
735.0	0.2327
735.125	0.2311
735.25	0.2287
735.375	0.2303
735.5	0.2311
735.625	0.2295
735.75	0.2334
735.875	0.2303
736.0	0.2303
736.125	0.2287
736.25	0.2287
736.375	0.2272
736.5	0.2248
736.625	0.2232
736.75	0.2232
736.875	0.2232
737.0	0.2201
737.125	0.2177
737.25	0.2154
737.375	0.2169
737.5	0.2146
737.625	0.2122
737.75	0.2106
737.875	0.2083
738.0	0.2114
738.125	0.2075
738.25	0.2122
738.375	0.2122
738.5	0.2122
738.625	0.213
738.75	0.2169
738.875	0.2185
739.0	0.2177
739.125	0.2169
739.25	0.2169
739.375	0.2185
739.5	0.2216
739.625	0.2232
739.75	0.2232
739.875	0.2256
740.0	0.2216
740.125	0.2224
740.25	0.2224
740.375	0.2193
740.5	0.2185
740.625	0.2122
740.75	0.2099
740.875	0.2091
741.0	0.2059
741.125	0.1973
741.25	0.1949
741.375	0.1886
741.5	0.1808
741.625	0.1737
741.75	0.169
741.875	0.1595
742.0	0.1556
742.125	0.1493
742.25	0.1438
742.375	0.1407
742.5	0.1375
742.625	0.132
742.75	0.1297
742.875	0.1281
743.0	0.1273
743.125	0.1257
743.25	0.1257
743.375	0.1226
743.5	0.1226
743.625	0.1218
743.75	0.125
743.875	0.1273
744.0	0.1273
744.125	0.1297
744.25	0.132
744.375	0.1352
744.5	0.1367
744.625	0.1367
744.75	0.1399
744.875	0.1415
745.0	0.1462
745.125	0.1454
745.25	0.1462
745.375	0.1501
745.5	0.1509
745.625	0.1509
745.75	0.154
745.875	0.1525
746.0	0.1525
746.125	0.1556
746.25	0.1572
746.375	0.1603
746.5	0.1603
746.625	0.1611
746.75	0.1627
746.875	0.1643
747.0	0.1666
747.125	0.1698
747.25	0.169
747.375	0.1698
747.5	0.1745
747.625	0.1761
747.75	0.1768
747.875	0.1768
748.0	0.1816
748.125	0.1823
748.25	0.1871
748.375	0.1863
748.5	0.1886
748.625	0.1933
748.75	0.1973
748.875	0.2004
749.0	0.2044
749.125	0.2067
749.25	0.2106
749.375	0.2122
749.5	0.2177
749.625	0.2216
749.75	0.2232
749.875	0.2232
750.0	0.224
750.125	0.2248
750.25	0.2264
750.375	0.2279
750.5	0.2264
750.625	0.2287
750.75	0.2264
750.875	0.2279
751.0	0.224
751.125	0.2256
751.25	0.2264
751.375	0.2264
751.5	0.2256
751.625	0.2264
751.75	0.2272
751.875	0.2279
752.0	0.2287
752.125	0.2279
752.25	0.2264
752.375	0.2256
752.5	0.2264
752.625	0.2272
752.75	0.2272
752.875	0.2264
753.0	0.2264
753.125	0.2272
753.25	0.2264
753.375	0.2264
753.5	0.2295
753.625	0.2311
753.75	0.2334
753.875	0.2397
754.0	0.2405
754.125	0.2492
754.25	0.2523
754.375	0.2594
754.5	0.2641
754.625	0.2649
754.75	0.2735
754.875	0.2775
755.0	0.2853
755.125	0.2948
755.25	0.3042
755.375	0.3105
755.5	0.3183
755.625	0.3246
755.75	0.3286
755.875	0.3333
756.0	0.3396
756.125	0.3404
756.25	0.3435
756.375	0.3443
756.5	0.3466
756.625	0.3522
756.75	0.3474
756.875	0.3482
757.0	0.3474
757.125	0.3427
757.25	0.338
757.375	0.3309
757.5	0.327
757.625	0.3215
757.75	0.3128
757.875	0.3105
758.0	0.2987
758.125	0.2916
758.25	0.2861
758.375	0.2798
758.5	0.268
758.625	0.2602
758.75	0.2523
758.875	0.2421
759.0	0.2311
759.125	0.2224
759.25	0.2161
759.375	0.2059
759.5	0.2028
759.625	0.1988
759.75	0.1918
759.875	0.1902
760.0	0.1871
760.125	0.1776
760.25	0.1784
760.375	0.1768
760.5	0.1768
760.625	0.1721
760.75	0.169
760.875	0.1698
761.0	0.1674
761.125	0.1674
761.25	0.1705
761.375	0.1666
761.5	0.169
761.625	0.165
761.75	0.1666
761.875	0.1627
762.0	0.1603
762.125	0.158
762.25	0.1603
762.375	0.1611
762.5	0.1611
762.625	0.1572
762.75	0.1588
762.875	0.1572
763.0	0.1548
763.125	0.1517
763.25	0.1509
763.375	0.1525
763.5	0.1501
763.625	0.1485
763.75	0.1485
763.875	0.1493
764.0	0.1493
764.125	0.147
764.25	0.1462
764.375	0.1462
764.5	0.143
764.625	0.1415
764.75	0.1407
764.875	0.1375
765.0	0.1352
765.125	0.1352
765.25	0.132
765.375	0.1297
765.5	0.1281
765.625	0.1257
765.75	0.1242
765.875	0.1226
766.0	0.1187
766.125	0.1202
766.25	0.1187
766.375	0.1179
766.5	0.1179
766.625	0.1163
766.75	0.1132
766.875	0.1155
767.0	0.1139
767.125	0.1163
767.25	0.1163
767.375	0.1139
767.5	0.1132
767.625	0.1155
767.75	0.1179
767.875	0.1155
768.0	0.1155
768.125	0.1163
768.25	0.1187
768.375	0.1179
768.5	0.125
768.625	0.1234
768.75	0.1257
768.875	0.1297
769.0	0.1352
769.125	0.1446
769.25	0.1611
769.375	0.1949
769.5	0.2539
769.625	0.3309
769.75	0.4221
769.875	0.518
770.0	0.5833
770.125	0.6391
770.25	0.6619
770.375	0.6737
770.5	0.6831
770.625	0.6839
770.75	0.6949
770.875	0.6941
771.0	0.6941
771.125	0.6761
771.25	0.6399
771.375	0.5778
771.5	0.4968
771.625	0.4009
771.75	0.3325
771.875	0.2743
772.0	0.2452
772.125	0.2358
772.25	0.2319
772.375	0.2295
772.5	0.2248
772.625	0.2256
772.75	0.2216
772.875	0.2201
773.0	0.2209
773.125	0.2209
773.25	0.2232
773.375	0.2224
773.5	0.2279
773.625	0.235
773.75	0.2374
773.875	0.246
774.0	0.2492
774.125	0.2578
774.25	0.2688
774.375	0.2704
774.5	0.2783
774.625	0.2869
774.75	0.2948
774.875	0.2948
775.0	0.3018
775.125	0.3089
775.25	0.3136
775.375	0.316
775.5	0.316
775.625	0.3168
775.75	0.316
775.875	0.3121
776.0	0.316
776.125	0.316
776.25	0.316
776.375	0.3168
776.5	0.3136
776.625	0.3105
776.75	0.3081
776.875	0.3034
777.0	0.2987
777.125	0.2971
777.25	0.2916
777.375	0.29
777.5	0.2861
777.625	0.283
777.75	0.2783
777.875	0.2735
778.0	0.272
778.125	0.268
778.25	0.2633
778.375	0.2594
778.5	0.2539
778.625	0.2507
778.75	0.2484
778.875	0.25
779.0	0.2468
779.125	0.2452
779.25	0.246
779.375	0.2452
779.5	0.2405
779.625	0.2397
779.75	0.2413
779.875	0.2382
780.0	0.2429
780.125	0.2429
780.25	0.2452
780.375	0.2437
780.5	0.2468
780.625	0.25
780.75	0.2523
780.875	0.2531
781.0	0.2555
781.125	0.2594
781.25	0.261
781.375	0.261
781.5	0.2641
781.625	0.2641
781.75	0.268
781.875	0.2712
782.0	0.2759
782.125	0.279
782.25	0.2814
782.375	0.2814
782.5	0.283
782.625	0.283
782.75	0.283
782.875	0.2838
783.0	0.279
783.125	0.2814
783.25	0.2775
783.375	0.2735
783.5	0.2775
783.625	0.2712
783.75	0.2704
783.875	0.2665
784.0	0.2649
784.125	0.261
784.25	0.2539
784.375	0.2515
784.5	0.25
784.625	0.2437
784.75	0.2437
784.875	0.2405
785.0	0.2342
785.125	0.2311
785.25	0.2256
785.375	0.2216
785.5	0.2177
785.625	0.213
785.75	0.2059
785.875	0.2028
786.0	0.1973
786.125	0.1918
786.25	0.1886
786.375	0.1831
786.5	0.1784
786.625	0.1753
786.75	0.1698
786.875	0.1643
787.0	0.1611
787.125	0.1572
787.25	0.154
787.375	0.1525
787.5	0.1485
787.625	0.1462
787.75	0.1415
787.875	0.1383
788.0	0.1344
788.125	0.1328
788.25	0.1312
788.375	0.1281
788.5	0.1265
788.625	0.1257
788.75	0.1234
788.875	0.1218
789.0	0.1179
789.125	0.1179
789.25	0.1155
789.375	0.1132
789.5	0.1108
789.625	0.11
789.75	0.1092
789.875	0.1084
790.0	0.1053
790.125	0.1053
790.25	0.1037
790.375	0.1037
790.5	0.1037
790.625	0.1022
790.75	0.1014
790.875	0.0998
791.0	0.099
791.125	0.0982
791.25	0.099
791.375	0.0959
791.5	0.0951
791.625	0.0966
791.75	0.0943
791.875	0.0927
792.0	0.0935
792.125	0.0888
792.25	0.0896
792.375	0.0904
792.5	0.0888
792.625	0.0896
792.75	0.0888
792.875	0.088
793.0	0.0864
793.125	0.0872
793.25	0.0856
793.375	0.0864
793.5	0.0849
793.625	0.0872
793.75	0.0841
793.875	0.0849
794.0	0.0825
794.125	0.0833
794.25	0.0833
794.375	0.0856
794.5	0.0849
794.625	0.0872
794.75	0.0872
794.875	0.0896
795.0	0.0919
795.125	0.0974
795.25	0.0998
795.375	0.1045
795.5	0.1077
795.625	0.1108
795.75	0.1155
795.875	0.1171
796.0	0.1179
796.125	0.1179
796.25	0.121
796.375	0.1226
796.5	0.1218
796.625	0.1234
796.75	0.1273
796.875	0.1273
797.0	0.1305
797.125	0.1297
797.25	0.1344
797.375	0.1391
797.5	0.1446
797.625	0.147
797.75	0.1533
797.875	0.1564
798.0	0.1588
798.125	0.1666
798.25	0.1682
798.375	0.1761
798.5	0.1776
798.625	0.1792
798.75	0.1839
798.875	0.1839
799.0	0.1823
799.125	0.1871
799.25	0.1878
799.375	0.1886
799.5	0.1886
799.625	0.1933
799.75	0.1981
799.875	0.202
800.0	0.2059
800.125	0.2106
800.25	0.213
800.375	0.2216
800.5	0.2256
800.625	0.2319
800.75	0.2382
800.875	0.2444
801.0	0.2476
801.125	0.2547
801.25	0.2547
801.375	0.2594
801.5	0.2657
801.625	0.2641
801.75	0.2657
801.875	0.268
802.0	0.2688
802.125	0.2735
802.25	0.2751
802.375	0.2751
802.5	0.279
802.625	0.2783
802.75	0.2814
802.875	0.2838
803.0	0.2806
803.125	0.2838
803.25	0.2822
803.375	0.283
803.5	0.2845
803.625	0.2814
803.75	0.2798
803.875	0.2783
804.0	0.2783
804.125	0.2735
804.25	0.2672
804.375	0.2649
804.5	0.2625
804.625	0.2562
804.75	0.2547
804.875	0.25
805.0	0.2452
805.125	0.2429
805.25	0.2374
805.375	0.2311
805.5	0.2272
805.625	0.2248
805.75	0.2185
805.875	0.2169
806.0	0.2146
806.125	0.2099
806.25	0.2051
806.375	0.2059
806.5	0.2004
806.625	0.1996
806.75	0.1981
806.875	0.2004
807.0	0.1981
807.125	0.1933
807.25	0.1941
807.375	0.1957
807.5	0.1949
807.625	0.1957
807.75	0.1965
807.875	0.1941
808.0	0.1933
808.125	0.1918
808.25	0.1941
808.375	0.1933
808.5	0.1965
808.625	0.1949
808.75	0.1949
808.875	0.1933
809.0	0.1941
809.125	0.1926
809.25	0.1933
809.375	0.1933
809.5	0.1926
809.625	0.1926
809.75	0.1894
809.875	0.191
810.0	0.1918
810.125	0.191
810.25	0.1902
810.375	0.1902
810.5	0.1886
810.625	0.1878
810.75	0.1902
810.875	0.1894
811.0	0.1886
811.125	0.1878
811.25	0.1878
811.375	0.1878
811.5	0.1863
811.625	0.1855
811.75	0.1839
811.875	0.1839
812.0	0.1886
812.125	0.1886
812.25	0.1902
812.375	0.1933
812.5	0.1941
812.625	0.1981
812.75	0.2028
812.875	0.202
813.0	0.2083
813.125	0.213
813.25	0.213
813.375	0.2169
813.5	0.2232
813.625	0.2311
813.75	0.2413
813.875	0.2515
814.0	0.2602
814.125	0.268
814.25	0.2767
814.375	0.2885
814.5	0.3034
814.625	0.3176
814.75	0.3301
814.875	0.3466
815.0	0.3639
815.125	0.3805
815.25	0.3985
815.375	0.4127
815.5	0.43
815.625	0.452
815.75	0.4701
815.875	0.496
816.0	0.5165
816.125	0.5393
816.25	0.566
816.375	0.5943
816.5	0.6226
816.625	0.6517
816.75	0.6886
816.875	0.7193
817.0	0.75
817.125	0.7775
817.25	0.7971
817.375	0.8207
817.5	0.8223
817.625	0.8089
817.75	0.7798
817.875	0.7484
818.0	0.7059
818.125	0.6635
818.25	0.6061
818.375	0.5526
818.5	0.4944
818.625	0.4355
818.75	0.3789
818.875	0.3183
819.0	0.2657
819.125	0.213
819.25	0.165
819.375	0.1383
819.5	0.1187
819.625	0.1084
819.75	0.1037
819.875	0.099
820.0	0.0951
820.125	0.0904
820.25	0.0872
820.375	0.0849
820.5	0.0841
820.625	0.0809
820.75	0.0809
820.875	0.0786
821.0	0.0762
821.125	0.0754
821.25	0.077
821.375	0.0754
821.5	0.0762
821.625	0.0754
821.75	0.0754
821.875	0.0801
822.0	0.0825
822.125	0.0841
822.25	0.0841
822.375	0.0904
822.5	0.0872
822.625	0.0904
822.75	0.0927
822.875	0.0943
823.0	0.0943
823.125	0.0982
823.25	0.099
823.375	0.1029
823.5	0.1014
823.625	0.1053
823.75	0.1069
823.875	0.1061
824.0	0.11
824.125	0.11
824.25	0.1132
824.375	0.1139
824.5	0.1171
824.625	0.1194
824.75	0.1242
824.875	0.1297
825.0	0.132
825.125	0.136
825.25	0.1399
825.375	0.1422
825.5	0.1446
825.625	0.1454
825.75	0.1438
825.875	0.1462
826.0	0.1477
826.125	0.1485
826.25	0.1509
826.375	0.147
826.5	0.1509
826.625	0.1517
826.75	0.1517
826.875	0.1517
827.0	0.1533
827.125	0.1556
827.25	0.1556
827.375	0.1564
827.5	0.1619
827.625	0.1698
827.75	0.1753
827.875	0.1816
828.0	0.1863
828.125	0.1863
828.25	0.1926
828.375	0.1933
828.5	0.1957
828.625	0.1981
828.75	0.1973
828.875	0.1996
829.0	0.1996
829.125	0.2012
829.25	0.2051
829.375	0.2051
829.5	0.2028
829.625	0.2028
829.75	0.2051
829.875	0.2059
830.0	0.2028
830.125	0.2091
830.25	0.2099
830.375	0.2161
830.5	0.2169
830.625	0.2224
830.75	0.224
830.875	0.2264
831.0	0.2264
831.125	0.2295
831.25	0.2311
831.375	0.2279
831.5	0.2295
831.625	0.2303
831.75	0.2303
831.875	0.2287
832.0	0.2264
832.125	0.2232
832.25	0.2232
832.375	0.2224
832.5	0.2216
832.625	0.2232
832.75	0.2224
832.875	0.2216
833.0	0.2256
833.125	0.2232
833.25	0.2303
833.375	0.2311
833.5	0.2311
833.625	0.2319
833.75	0.2311
833.875	0.2311
834.0	0.235
834.125	0.2295
834.25	0.2295
834.375	0.2264
834.5	0.2264
834.625	0.2201
834.75	0.2201
834.875	0.2114
835.0	0.2114
835.125	0.2083
835.25	0.2036
835.375	0.2004
835.5	0.2012
835.625	0.1981
835.75	0.1941
835.875	0.1894
836.0	0.1894
836.125	0.1878
836.25	0.1886
836.375	0.1847
836.5	0.1831
836.625	0.1816
836.75	0.1761
836.875	0.1792
837.0	0.1745
837.125	0.1745
837.25	0.1784
837.375	0.1823
837.5	0.1902
837.625	0.1949
837.75	0.1996
837.875	0.1981
838.0	0.1981
838.125	0.2004
838.25	0.1981
838.375	0.1981
838.5	0.1981
838.625	0.1981
838.75	0.1965
838.875	0.1981
839.0	0.1902
839.125	0.1831
839.25	0.1753
839.375	0.165
839.5	0.1627
839.625	0.1564
839.75	0.1595
839.875	0.1556
840.0	0.1556
840.125	0.1548
840.25	0.154
840.375	0.1509
840.5	0.1462
840.625	0.147
840.75	0.1462
840.875	0.1454
841.0	0.1438
841.125	0.1391
841.25	0.1415
841.375	0.136
841.5	0.1328
841.625	0.1336
841.75	0.132
841.875	0.1273
842.0	0.125
842.125	0.125
842.25	0.1218
842.375	0.1226
842.5	0.1179
842.625	0.1179
842.75	0.1179
842.875	0.1147
843.0	0.1139
843.125	0.1124
843.25	0.1084
843.375	0.1084
843.5	0.1077
843.625	0.1069
843.75	0.1029
843.875	0.1037
844.0	0.1037
844.125	0.1037
844.25	0.1029
844.375	0.1045
844.5	0.1037
844.625	0.1045
844.75	0.1045
844.875	0.1037
845.0	0.1077
845.125	0.1061
845.25	0.1037
845.375	0.1045
845.5	0.1053
845.625	0.1077
845.75	0.1077
845.875	0.1077
846.0	0.1084
846.125	0.1077
846.25	0.1084
846.375	0.1069
846.5	0.1084
846.625	0.1084
846.75	0.1069
846.875	0.1092
847.0	0.1084
847.125	0.1116
847.25	0.1084
847.375	0.1108
847.5	0.1132
847.625	0.1084
847.75	0.1084
847.875	0.1108
848.0	0.1084
848.125	0.1069
848.25	0.1037
848.375	0.1045
848.5	0.1045
848.625	0.1037
848.75	0.1006
848.875	0.099
849.0	0.099
849.125	0.0966
849.25	0.0935
849.375	0.0919
849.5	0.0888
849.625	0.0864
849.75	0.0856
849.875	0.0833
850.0	0.0849
850.125	0.0801
850.25	0.0801
850.375	0.077
850.5	0.0754
850.625	0.0762
850.75	0.0754
850.875	0.0746
851.0	0.0754
851.125	0.0738
851.25	0.0731
851.375	0.0731
851.5	0.0715
851.625	0.0707
851.75	0.0715
851.875	0.0707
852.0	0.0723
852.125	0.0723
852.25	0.0731
852.375	0.0715
852.5	0.0715
852.625	0.0723
852.75	0.0754
852.875	0.0738
853.0	0.0754
853.125	0.0754
853.25	0.077
853.375	0.0794
853.5	0.0786
853.625	0.0801
853.75	0.0833
853.875	0.0841
854.0	0.0841
854.125	0.0809
854.25	0.0849
854.375	0.0849
854.5	0.0841
854.625	0.0841
854.75	0.0849
854.875	0.0849
855.0	0.0841
855.125	0.0849
855.25	0.0849
855.375	0.0849
855.5	0.0864
855.625	0.088
855.75	0.0896
855.875	0.0919
856.0	0.0943
856.125	0.0966
856.25	0.0974
856.375	0.099
856.5	0.0998
856.625	0.1037
856.75	0.1029
856.875	0.1077
857.0	0.1092
857.125	0.1116
857.25	0.1069
857.375	0.1084
857.5	0.1092
857.625	0.1084
857.75	0.1053
857.875	0.1037
858.0	0.1045
858.125	0.1053
858.25	0.1037
858.375	0.1045
858.5	0.1037
858.625	0.1037
858.75	0.1061
858.875	0.1116
859.0	0.1108
859.125	0.1132
859.25	0.1139
859.375	0.1179
859.5	0.1179
859.625	0.1226
859.75	0.121
859.875	0.1226
860.0	0.125
860.125	0.125
860.25	0.1234
860.375	0.1257
860.5	0.1257
860.625	0.1242
860.75	0.1265
860.875	0.1273
861.0	0.1273
861.125	0.1297
861.25	0.1328
861.375	0.1344
861.5	0.1383
861.625	0.1415
861.75	0.1454
861.875	0.1477
862.0	0.1509
862.125	0.154
862.25	0.1556
862.375	0.1572
862.5	0.1603
862.625	0.1603
862.75	0.1627
862.875	0.1611
863.0	0.1627
863.125	0.1611
863.25	0.1603
863.375	0.1611
863.5	0.1619
863.625	0.1603
863.75	0.1619
863.875	0.1572
864.0	0.158
864.125	0.1595
864.25	0.1595
864.375	0.1595
864.5	0.1603
864.625	0.1603
864.75	0.1595
864.875	0.1572
865.0	0.1603
865.125	0.1603
865.25	0.1619
865.375	0.1595
865.5	0.1556
865.625	0.1603
865.75	0.1603
865.875	0.1603
866.0	0.1603
866.125	0.158
866.25	0.1603
866.375	0.1619
866.5	0.1643
866.625	0.1666
866.75	0.1721
866.875	0.1745
867.0	0.1776
867.125	0.1839
867.25	0.1847
867.375	0.1886
867.5	0.1957
867.625	0.1965
867.75	0.2044
867.875	0.2091
868.0	0.2161
868.125	0.2209
868.25	0.224
868.375	0.2279
868.5	0.2327
868.625	0.2358
868.75	0.2382
868.875	0.2437
869.0	0.2468
869.125	0.2515
869.25	0.2531
869.375	0.2594
869.5	0.2586
869.625	0.2641
869.75	0.268
869.875	0.2688
870.0	0.2767
870.125	0.2806
870.25	0.2838
870.375	0.2893
870.5	0.2924
870.625	0.3003
870.75	0.3034
870.875	0.3097
871.0	0.3152
871.125	0.3231
871.25	0.3238
871.375	0.3333
871.5	0.3372
871.625	0.3364
871.75	0.3317
871.875	0.3176
872.0	0.305
872.125	0.2908
872.25	0.272
872.375	0.2586
872.5	0.2397
872.625	0.2224
872.75	0.2067
872.875	0.1871
873.0	0.1698
873.125	0.154
873.25	0.1352
873.375	0.121
873.5	0.1077
873.625	0.1014
873.75	0.1014
873.875	0.1006
874.0	0.099
874.125	0.0982
874.25	0.099
874.375	0.0998
874.5	0.1022
874.625	0.1029
874.75	0.1006
874.875	0.1037
875.0	0.1022
875.125	0.099
875.25	0.1006
875.375	0.1014
875.5	0.1029
875.625	0.1006
875.75	0.099
875.875	0.0998
876.0	0.0959
876.125	0.0951
876.25	0.0935
876.375	0.0943
876.5	0.0919
876.625	0.0927
876.75	0.0904
876.875	0.0896
877.0	0.0896
877.125	0.0896
877.25	0.0872
877.375	0.0888
877.5	0.0849
877.625	0.0841
877.75	0.0841
877.875	0.0801
878.0	0.0809
878.125	0.0794
878.25	0.0786
878.375	0.0801
878.5	0.077
878.625	0.0754
878.75	0.0746
878.875	0.0723
879.0	0.0723
879.125	0.0707
879.25	0.0699
879.375	0.0676
879.5	0.0691
879.625	0.0691
879.75	0.0683
879.875	0.0676
880.0	0.0668
880.125	0.066
880.25	0.0644
880.375	0.0652
880.5	0.066
880.625	0.066
880.75	0.0676
880.875	0.0691
881.0	0.0699
881.125	0.0707
881.25	0.0699
881.375	0.0699
881.5	0.0707
881.625	0.0746
881.75	0.0715
881.875	0.0746
882.0	0.0746
882.125	0.0754
882.25	0.0778
882.375	0.0786
882.5	0.0786
882.625	0.0817
882.75	0.0778
882.875	0.0833
883.0	0.0841
883.125	0.0864
883.25	0.0896
883.375	0.0927
883.5	0.0943
883.625	0.0974
883.75	0.0982
883.875	0.1014
884.0	0.1037
884.125	0.1029
884.25	0.1045
884.375	0.1053
884.5	0.1069
884.625	0.1084
884.75	0.1092
884.875	0.1069
885.0	0.1084
885.125	0.1084
885.25	0.1077
885.375	0.1053
885.5	0.1029
885.625	0.1029
885.75	0.1014
885.875	0.1022
886.0	0.099
886.125	0.099
886.25	0.0966
886.375	0.0951
886.5	0.0911
886.625	0.0927
886.75	0.0919
886.875	0.088
887.0	0.088
887.125	0.0849
887.25	0.0849
887.375	0.0841
887.5	0.0849
887.625	0.0817
887.75	0.0809
887.875	0.0786
888.0	0.0731
888.125	0.0754
888.25	0.0754
888.375	0.0754
888.5	0.0801
888.625	0.0762
888.75	0.0817
888.875	0.0801
889.0	0.0825
889.125	0.0841
889.25	0.0833
889.375	0.0849
889.5	0.0856
889.625	0.0911
889.75	0.0896
889.875	0.0935
890.0	0.0935
890.125	0.0943
890.25	0.099
890.375	0.1014
890.5	0.1037
890.625	0.1045
890.75	0.1108
890.875	0.1092
891.0	0.1139
891.125	0.1179
891.25	0.1234
891.375	0.132
891.5	0.1367
891.625	0.1383
891.75	0.1462
891.875	0.1525
892.0	0.1572
892.125	0.1603
892.25	0.1666
892.375	0.1761
892.5	0.1823
892.625	0.1855
892.75	0.1933
892.875	0.2012
893.0	0.2075
893.125	0.2138
893.25	0.2201
893.375	0.2272
893.5	0.2382
893.625	0.2444
893.75	0.2531
893.875	0.2625
894.0	0.2743
894.125	0.2845
894.25	0.2916
894.375	0.3042
894.5	0.3144
894.625	0.3262
894.75	0.3372
894.875	0.3443
895.0	0.3569
895.125	0.3663
895.25	0.3726
895.375	0.375
895.5	0.375
895.625	0.3655
895.75	0.3561
895.875	0.3356
896.0	0.3223
896.125	0.3026
896.25	0.2822
896.375	0.2602
896.5	0.2358
896.625	0.2177
896.75	0.1981
896.875	0.18
897.0	0.1556
897.125	0.1407
897.25	0.1242
897.375	0.1179
897.5	0.1147
897.625	0.1171
897.75	0.1155
897.875	0.1163
898.0	0.1132
898.125	0.1171
898.25	0.1187
898.375	0.1179
898.5	0.1194
898.625	0.1187
898.75	0.1194
898.875	0.121
899.0	0.1179
899.125	0.121
899.25	0.121
899.375	0.1226
899.5	0.1194
899.625	0.1202
899.75	0.1171
899.875	0.1147
