300.0	0.0055
300.125	0.0039
300.25	0.0047
300.375	0.0047
300.5	0.0047
300.625	0.0047
300.75	0.0086
300.875	0.0102
301.0	0.0141
301.125	0.0196
301.25	0.0298
301.375	0.0393
301.5	0.0487
301.625	0.0613
301.75	0.0841
301.875	0.0974
302.0	0.1108
302.125	0.121
302.25	0.1273
302.375	0.1336
302.5	0.147
302.625	0.158
302.75	0.1666
302.875	0.1745
303.0	0.1839
303.125	0.1886
303.25	0.1965
303.375	0.1981
303.5	0.2036
303.625	0.2106
303.75	0.2154
303.875	0.2311
304.0	0.2421
304.125	0.2586
304.25	0.2712
304.375	0.2822
304.5	0.2955
304.625	0.3018
304.75	0.3042
304.875	0.3097
305.0	0.3081
305.125	0.3066
305.25	0.3066
305.375	0.3066
305.5	0.3042
305.625	0.2971
305.75	0.2893
305.875	0.2767
306.0	0.2657
306.125	0.2547
306.25	0.2476
306.375	0.2413
306.5	0.2319
306.625	0.2272
306.75	0.224
306.875	0.2177
307.0	0.2169
307.125	0.2154
307.25	0.2169
307.375	0.2161
307.5	0.2169
307.625	0.2209
307.75	0.2209
307.875	0.2201
308.0	0.2224
308.125	0.2169
308.25	0.2154
308.375	0.2169
308.5	0.2177
308.625	0.2185
308.75	0.2209
308.875	0.2154
309.0	0.2091
309.125	0.2051
309.25	0.2075
309.375	0.2083
309.5	0.2044
309.625	0.2075
309.75	0.2075
309.875	0.2075
310.0	0.2075
310.125	0.2106
310.25	0.2122
310.375	0.2122
310.5	0.2091
310.625	0.2067
310.75	0.2028
310.875	0.202
311.0	0.2059
311.125	0.2028
311.25	0.1949
311.375	0.1886
311.5	0.1847
311.625	0.1839
311.75	0.1753
311.875	0.1698
312.0	0.1627
312.125	0.1588
312.25	0.1556
312.375	0.1533
312.5	0.1493
312.625	0.1446
312.75	0.1415
312.875	0.1375
313.0	0.1367
313.125	0.132
313.25	0.1281
313.375	0.1281
313.5	0.1257
313.625	0.1226
313.75	0.1234
313.875	0.1202
314.0	0.1218
314.125	0.1179
314.25	0.1179
314.375	0.1147
314.5	0.1132
314.625	0.1132
314.75	0.11
314.875	0.1084
315.0	0.1084
315.125	0.1084
315.25	0.1077
315.375	0.1037
315.5	0.1022
315.625	0.1006
315.75	0.099
315.875	0.099
316.0	0.0982
316.125	0.0943
316.25	0.0966
316.375	0.0943
316.5	0.0943
316.625	0.0888
316.75	0.0864
316.875	0.0833
317.0	0.0849
317.125	0.0817
317.25	0.0794
317.375	0.0801
317.5	0.0762
317.625	0.0754
317.75	0.0738
317.875	0.0707
318.0	0.0707
318.125	0.0683
318.25	0.066
318.375	0.066
318.5	0.0628
318.625	0.0597
318.75	0.0566
318.875	0.0558
319.0	0.0566
319.125	0.0534
319.25	0.0518
319.375	0.0526
319.5	0.0479
319.625	0.0471
319.75	0.0432
319.875	0.0424
320.0	0.0424
320.125	0.0416
320.25	0.04
320.375	0.0408
320.5	0.0393
320.625	0.0353
320.75	0.0345
320.875	0.033
321.0	0.033
321.125	0.033
321.25	0.033
321.375	0.0322
321.5	0.033
321.625	0.0314
321.75	0.0306
321.875	0.0283
322.0	0.0283
322.125	0.0275
322.25	0.0283
322.375	0.0275
322.5	0.0251
322.625	0.0267
322.75	0.0259
322.875	0.0275
323.0	0.0251
323.125	0.0235
323.25	0.0235
323.375	0.0235
323.5	0.0227
323.625	0.0251
323.75	0.0275
323.875	0.0283
324.0	0.0283
324.125	0.0275
324.25	0.0283
324.375	0.0275
324.5	0.0267
324.625	0.0267
324.75	0.0283
324.875	0.0283
325.0	0.0267
325.125	0.0283
325.25	0.0283
325.375	0.0275
325.5	0.0275
325.625	0.0243
325.75	0.022
325.875	0.0243
326.0	0.0235
326.125	0.0235
326.25	0.0196
326.375	0.022
326.5	0.0188
326.625	0.0188
326.75	0.0149
326.875	0.0141
327.0	0.0157
327.125	0.0149
327.25	0.0157
327.375	0.0149
327.5	0.0149
327.625	0.0141
327.75	0.0141
327.875	0.0141
328.0	0.0141
328.125	0.0141
328.25	0.0149
328.375	0.0141
328.5	0.0141
328.625	0.0133
328.75	0.0141
328.875	0.0141
329.0	0.0141
329.125	0.0141
329.25	0.0149
329.375	0.0133
329.5	0.0141
329.625	0.0141
329.75	0.0141
329.875	0.0141
330.0	0.0157
330.125	0.0157
330.25	0.0141
330.375	0.0133
330.5	0.0141
330.625	0.0149
330.75	0.0141
330.875	0.0149
331.0	0.0141
331.125	0.0141
331.25	0.0094
331.375	0.0141
331.5	0.0141
331.625	0.0133
331.75	0.0133
331.875	0.0141
332.0	0.0149
332.125	0.0141
332.25	0.0125
332.375	0.0141
332.5	0.0133
332.625	0.0141
332.75	0.0141
332.875	0.0141
333.0	0.0141
333.125	0.0149
333.25	0.0141
333.375	0.0141
333.5	0.0141
333.625	0.0141
333.75	0.0141
333.875	0.0141
334.0	0.0157
334.125	0.0149
334.25	0.0149
334.375	0.0141
334.5	0.0149
334.625	0.0141
334.75	0.0141
334.875	0.0141
335.0	0.0141
335.125	0.0141
335.25	0.0157
335.375	0.0141
335.5	0.0141
335.625	0.0165
335.75	0.0172
335.875	0.0141
336.0	0.0165
336.125	0.0149
336.25	0.0157
336.375	0.0172
336.5	0.0165
336.625	0.0165
336.75	0.0157
336.875	0.018
337.0	0.018
337.125	0.0188
337.25	0.0149
337.375	0.0188
337.5	0.0172
337.625	0.0165
337.75	0.0188
337.875	0.0188
338.0	0.022
338.125	0.0235
338.25	0.0212
338.375	0.0235
338.5	0.0235
338.625	0.0227
338.75	0.0243
338.875	0.0243
339.0	0.0235
339.125	0.0251
339.25	0.0235
339.375	0.0243
339.5	0.0235
339.625	0.0227
339.75	0.0212
339.875	0.0235
340.0	0.022
340.125	0.0188
340.25	0.0188
340.375	0.0227
340.5	0.0196
340.625	0.022
340.75	0.0212
340.875	0.0196
341.0	0.0227
341.125	0.022
341.25	0.0188
341.375	0.0196
341.5	0.0227
341.625	0.0204
341.75	0.0235
341.875	0.0235
342.0	0.0235
342.125	0.0259
342.25	0.0275
342.375	0.0275
342.5	0.0275
342.625	0.0283
342.75	0.0267
342.875	0.0298
343.0	0.0322
343.125	0.0283
343.25	0.0306
343.375	0.0314
343.5	0.033
343.625	0.033
343.75	0.0338
343.875	0.0314
344.0	0.033
344.125	0.0322
344.25	0.0306
344.375	0.0306
344.5	0.0298
344.625	0.0283
344.75	0.0283
344.875	0.0283
345.0	0.0283
345.125	0.0251
345.25	0.0235
345.375	0.0275
345.5	0.0243
345.625	0.0235
345.75	0.0235
345.875	0.0235
346.0	0.0243
346.125	0.0243
346.25	0.0235
346.375	0.0235
346.5	0.0235
346.625	0.0235
346.75	0.0235
346.875	0.0243
347.0	0.0235
347.125	0.0235
347.25	0.0235
347.375	0.0235
347.5	0.0235
347.625	0.0259
347.75	0.0251
347.875	0.0259
348.0	0.0235
348.125	0.0235
348.25	0.0212
348.375	0.0235
348.5	0.0251
348.625	0.0243
348.75	0.0243
348.875	0.0267
349.0	0.0251
349.125	0.0235
349.25	0.0235
349.375	0.0235
349.5	0.0235
349.625	0.0227
349.75	0.0227
349.875	0.0243
350.0	0.0251
350.125	0.0235
350.25	0.0235
350.375	0.0243
350.5	0.0235
350.625	0.0235
350.75	0.0235
350.875	0.0235
351.0	0.0251
351.125	0.0235
351.25	0.0235
351.375	0.0235
351.5	0.0235
351.625	0.0243
351.75	0.0243
351.875	0.0243
352.0	0.0227
352.125	0.0235
352.25	0.0235
352.375	0.0251
352.5	0.0235
352.625	0.0227
352.75	0.0227
352.875	0.0243
353.0	0.0204
353.125	0.022
353.25	0.0251
353.375	0.0251
353.5	0.0251
353.625	0.0267
353.75	0.0267
353.875	0.0235
354.0	0.0235
354.125	0.0251
354.25	0.0243
354.375	0.0235
354.5	0.0267
354.625	0.0235
354.75	0.0243
354.875	0.0243
355.0	0.0259
355.125	0.0243
355.25	0.0235
355.375	0.0259
355.5	0.0259
355.625	0.0275
355.75	0.0243
355.875	0.0235
356.0	0.0235
356.125	0.0251
356.25	0.0259
356.375	0.0227
356.5	0.0235
356.625	0.0235
356.75	0.0235
356.875	0.0251
357.0	0.0235
357.125	0.0227
357.25	0.0235
357.375	0.0235
357.5	0.0235
357.625	0.0235
357.75	0.0235
357.875	0.0235
358.0	0.0235
358.125	0.0227
358.25	0.0227
358.375	0.0235
358.5	0.0227
358.625	0.0227
358.75	0.0235
358.875	0.0235
359.0	0.0235
359.125	0.0235
359.25	0.0235
359.375	0.0227
359.5	0.0235
359.625	0.0235
359.75	0.0235
359.875	0.0235
360.0	0.0227
360.125	0.0235
360.25	0.0235
360.375	0.0235
360.5	0.0235
360.625	0.0235
360.75	0.0235
360.875	0.0235
361.0	0.0235
361.125	0.0235
361.25	0.0259
361.375	0.0267
361.5	0.0235
361.625	0.0235
361.75	0.0235
361.875	0.0235
362.0	0.0227
362.125	0.0235
362.25	0.0251
362.375	0.0227
362.5	0.0235
362.625	0.0235
362.75	0.0243
362.875	0.0275
363.0	0.0259
363.125	0.0275
363.25	0.0283
363.375	0.0267
363.5	0.0275
363.625	0.0283
363.75	0.029
363.875	0.0283
364.0	0.0275
364.125	0.0283
364.25	0.0283
364.375	0.0283
364.5	0.0283
364.625	0.0283
364.75	0.0283
364.875	0.0251
365.0	0.0283
365.125	0.0283
365.25	0.0267
365.375	0.0267
365.5	0.0275
365.625	0.0235
365.75	0.0235
365.875	0.0235
366.0	0.0235
366.125	0.0243
366.25	0.0251
366.375	0.0235
366.5	0.0243
366.625	0.0235
366.75	0.0235
366.875	0.0243
367.0	0.0235
367.125	0.0251
367.25	0.0212
367.375	0.0259
367.5	0.0235
367.625	0.0235
367.75	0.0227
367.875	0.0235
368.0	0.0243
368.125	0.0235
368.25	0.0235
368.375	0.0243
368.5	0.0235
368.625	0.0235
368.75	0.0227
368.875	0.0235
369.0	0.022
369.125	0.0235
369.25	0.0235
369.375	0.0204
369.5	0.022
369.625	0.0235
369.75	0.0227
369.875	0.022
370.0	0.022
370.125	0.0227
370.25	0.0227
370.375	0.0235
370.5	0.0235
370.625	0.0227
370.75	0.0235
370.875	0.0188
371.0	0.022
371.125	0.022
371.25	0.0196
371.375	0.0227
371.5	0.0212
371.625	0.0235
371.75	0.0204
371.875	0.0204
372.0	0.0227
372.125	0.0227
372.25	0.0235
372.375	0.0227
372.5	0.0227
372.625	0.0235
372.75	0.022
372.875	0.0235
373.0	0.0235
373.125	0.0227
373.25	0.0235
373.375	0.0188
373.5	0.022
373.625	0.0235
373.75	0.0227
373.875	0.0212
374.0	0.0227
374.125	0.0235
374.25	0.0235
374.375	0.0227
374.5	0.0235
374.625	0.0235
374.75	0.0235
374.875	0.0235
375.0	0.0227
375.125	0.0235
375.25	0.0235
375.375	0.0235
375.5	0.0227
375.625	0.0204
375.75	0.0227
375.875	0.0235
376.0	0.0227
376.125	0.0235
376.25	0.0235
376.375	0.0227
376.5	0.022
376.625	0.0235
376.75	0.0235
376.875	0.0235
377.0	0.0227
377.125	0.0243
377.25	0.0251
377.375	0.0251
377.5	0.0235
377.625	0.0283
377.75	0.0243
377.875	0.0275
378.0	0.0259
378.125	0.0259
378.25	0.0283
378.375	0.0283
378.5	0.0283
378.625	0.0283
378.75	0.0251
378.875	0.0243
379.0	0.0235
379.125	0.0235
379.25	0.0259
379.375	0.0243
379.5	0.0235
379.625	0.0227
379.75	0.0212
379.875	0.0227
380.0	0.0227
380.125	0.0204
380.25	0.0204
380.375	0.0204
380.5	0.022
380.625	0.0227
380.75	0.0212
380.875	0.022
381.0	0.022
381.125	0.0212
381.25	0.0204
381.375	0.0204
381.5	0.0188
381.625	0.0235
381.75	0.022
381.875	0.0227
382.0	0.0196
382.125	0.022
382.25	0.022
382.375	0.0227
382.5	0.0204
382.625	0.0196
382.75	0.0227
382.875	0.0235
383.0	0.0235
383.125	0.0235
383.25	0.0283
383.375	0.0283
383.5	0.0306
383.625	0.0314
383.75	0.033
383.875	0.033
384.0	0.033
384.125	0.033
384.25	0.033
384.375	0.033
384.5	0.0338
384.625	0.033
384.75	0.033
384.875	0.029
385.0	0.0283
385.125	0.0251
385.25	0.0235
385.375	0.0235
385.5	0.022
385.625	0.0188
385.75	0.0204
385.875	0.0204
386.0	0.0188
386.125	0.0188
386.25	0.0204
386.375	0.022
386.5	0.022
386.625	0.0235
386.75	0.022
386.875	0.022
387.0	0.0227
387.125	0.0196
387.25	0.0204
387.375	0.0196
387.5	0.0235
387.625	0.022
387.75	0.0212
387.875	0.0188
388.0	0.0212
388.125	0.0204
388.25	0.0204
388.375	0.0204
388.5	0.022
388.625	0.0275
388.75	0.033
388.875	0.0416
389.0	0.0518
389.125	0.0589
389.25	0.066
389.375	0.0738
389.5	0.0794
389.625	0.0762
389.75	0.0801
389.875	0.0833
390.0	0.0849
390.125	0.0825
390.25	0.0825
390.375	0.0801
390.5	0.0754
390.625	0.0668
390.75	0.0636
390.875	0.0558
391.0	0.0487
391.125	0.0471
391.25	0.0487
391.375	0.0526
391.5	0.0581
391.625	0.0605
391.75	0.0613
391.875	0.0613
392.0	0.0621
392.125	0.0613
392.25	0.0605
392.375	0.0628
392.5	0.0605
392.625	0.0566
392.75	0.0518
392.875	0.0463
393.0	0.0408
393.125	0.0361
393.25	0.0322
393.375	0.0243
393.5	0.0196
393.625	0.0188
393.75	0.0188
393.875	0.0196
394.0	0.0188
394.125	0.0188
394.25	0.0188
394.375	0.0196
394.5	0.0196
394.625	0.0165
394.75	0.018
394.875	0.0188
395.0	0.0204
395.125	0.0188
395.25	0.0188
395.375	0.018
395.5	0.0188
395.625	0.0196
395.75	0.0188
395.875	0.0196
396.0	0.0204
396.125	0.0188
396.25	0.0188
396.375	0.0188
396.5	0.0188
396.625	0.0204
396.75	0.0188
396.875	0.0196
397.0	0.0196
397.125	0.0196
397.25	0.0196
397.375	0.0212
397.5	0.0188
397.625	0.0188
397.75	0.0235
397.875	0.0204
398.0	0.0196
398.125	0.022
398.25	0.0188
398.375	0.0196
398.5	0.0227
398.625	0.0235
398.75	0.0227
398.875	0.0235
399.0	0.0235
399.125	0.0227
399.25	0.0227
399.375	0.0243
399.5	0.0235
399.625	0.0235
399.75	0.0235
399.875	0.0235
400.0	0.0235
400.125	0.0235
400.25	0.022
400.375	0.0235
400.5	0.0243
400.625	0.0235
400.75	0.0259
400.875	0.0283
401.0	0.0275
401.125	0.0243
401.25	0.0235
401.375	0.0259
401.5	0.0259
401.625	0.0251
401.75	0.0275
401.875	0.0251
402.0	0.0235
402.125	0.0235
402.25	0.0235
402.375	0.0267
402.5	0.0251
402.625	0.0243
402.75	0.0251
402.875	0.0251
403.0	0.0243
403.125	0.0235
403.25	0.0235
403.375	0.0235
403.5	0.0275
403.625	0.0259
403.75	0.0283
403.875	0.0322
404.0	0.0408
404.125	0.0573
404.25	0.077
404.375	0.1037
404.5	0.1281
404.625	0.1501
404.75	0.1588
404.875	0.169
405.0	0.1698
405.125	0.1737
405.25	0.1753
405.375	0.1729
405.5	0.1713
405.625	0.1721
405.75	0.1682
405.875	0.1595
406.0	0.1422
406.125	0.1179
406.25	0.0919
406.375	0.0723
406.5	0.0518
406.625	0.0393
406.75	0.0314
406.875	0.0322
407.0	0.0298
407.125	0.0298
407.25	0.029
407.375	0.0283
407.5	0.029
407.625	0.0283
407.75	0.0283
407.875	0.0275
408.0	0.0251
408.125	0.0235
408.25	0.0251
408.375	0.0267
408.5	0.0251
408.625	0.0235
408.75	0.0235
408.875	0.0235
409.0	0.0235
409.125	0.0235
409.25	0.0235
409.375	0.0235
409.5	0.0227
409.625	0.0235
409.75	0.0235
409.875	0.0235
410.0	0.0227
410.125	0.0235
410.25	0.0243
410.375	0.0251
410.5	0.0275
410.625	0.0275
410.75	0.0259
410.875	0.0235
411.0	0.0251
411.125	0.0259
411.25	0.0283
411.375	0.0259
411.5	0.0251
411.625	0.0283
411.75	0.0283
411.875	0.029
412.0	0.0283
412.125	0.0283
412.25	0.0283
412.375	0.0275
412.5	0.0283
412.625	0.0283
412.75	0.0283
412.875	0.0275
413.0	0.0259
413.125	0.0283
413.25	0.0267
413.375	0.0267
413.5	0.0259
413.625	0.0251
413.75	0.0275
413.875	0.0259
414.0	0.0259
414.125	0.0251
414.25	0.0235
414.375	0.0235
414.5	0.0235
414.625	0.0235
414.75	0.0243
414.875	0.0243
415.0	0.0283
415.125	0.0283
415.25	0.0267
415.375	0.0283
415.5	0.0275
415.625	0.0259
415.75	0.0267
415.875	0.0243
416.0	0.0259
416.125	0.0267
416.25	0.0275
416.375	0.0283
416.5	0.0243
416.625	0.0259
416.75	0.0235
416.875	0.0243
417.0	0.0243
417.125	0.0235
417.25	0.0235
417.375	0.0251
417.5	0.0235
417.625	0.0275
417.75	0.0243
417.875	0.0243
418.0	0.0235
418.125	0.0235
418.25	0.0235
418.375	0.0235
418.5	0.0235
418.625	0.0235
418.75	0.0235
418.875	0.0235
419.0	0.0227
419.125	0.022
419.25	0.0196
419.375	0.0204
419.5	0.0149
419.625	0.0204
419.75	0.0188
419.875	0.0204
420.0	0.0188
420.125	0.0188
420.25	0.0188
420.375	0.0204
420.5	0.0196
420.625	0.0188
420.75	0.018
420.875	0.0157
421.0	0.018
421.125	0.0188
421.25	0.0188
421.375	0.0188
421.5	0.0165
421.625	0.0188
421.75	0.0188
421.875	0.0188
422.0	0.0188
422.125	0.018
422.25	0.018
422.375	0.018
422.5	0.0188
422.625	0.0188
422.75	0.018
422.875	0.0188
423.0	0.0165
423.125	0.0149
423.25	0.018
423.375	0.0188
423.5	0.0149
423.625	0.0165
423.75	0.018
423.875	0.0165
424.0	0.0157
424.125	0.0172
424.25	0.0188
424.375	0.0172
424.5	0.0172
424.625	0.0172
424.75	0.0157
424.875	0.018
425.0	0.018
425.125	0.0157
425.25	0.018
425.375	0.018
425.5	0.0196
425.625	0.018
425.75	0.018
425.875	0.0188
426.0	0.0188
426.125	0.0188
426.25	0.0196
426.375	0.0204
426.5	0.0204
426.625	0.0235
426.75	0.0227
426.875	0.0227
427.0	0.0235
427.125	0.022
427.25	0.0235
427.375	0.0306
427.5	0.0416
427.625	0.0652
427.75	0.099
427.875	0.1643
428.0	0.2562
428.125	0.3655
428.25	0.4724
428.375	0.5683
428.5	0.6289
428.625	0.6572
428.75	0.6698
428.875	0.6745
429.0	0.6745
429.125	0.6808
429.25	0.6776
429.375	0.6643
429.5	0.6391
429.625	0.5896
429.75	0.5133
429.875	0.4213
430.0	0.3097
430.125	0.2028
430.25	0.1194
430.375	0.0683
430.5	0.0471
430.625	0.0487
430.75	0.0605
430.875	0.0809
431.0	0.1053
431.125	0.1226
431.25	0.1367
431.375	0.1415
431.5	0.1454
431.625	0.1477
431.75	0.1477
431.875	0.1462
432.0	0.1462
432.125	0.1438
432.25	0.1407
432.375	0.1344
432.5	0.1194
432.625	0.1022
432.75	0.0794
432.875	0.0605
433.0	0.0393
433.125	0.0306
433.25	0.0267
433.375	0.0235
433.5	0.022
433.625	0.0196
433.75	0.0212
433.875	0.022
434.0	0.0212
434.125	0.0188
434.25	0.0212
434.375	0.0172
434.5	0.0196
434.625	0.018
434.75	0.0172
434.875	0.0196
435.0	0.0188
435.125	0.018
435.25	0.018
435.375	0.0157
435.5	0.0172
435.625	0.0141
435.75	0.0165
435.875	0.0165
436.0	0.0141
436.125	0.0157
436.25	0.0165
436.375	0.0204
436.5	0.0188
436.625	0.0172
436.75	0.0149
436.875	0.0188
437.0	0.018
437.125	0.0188
437.25	0.0157
437.375	0.0141
437.5	0.0141
437.625	0.0172
437.75	0.0141
437.875	0.0141
438.0	0.0149
438.125	0.0149
438.25	0.0117
438.375	0.0141
438.5	0.0141
438.625	0.0125
438.75	0.0141
438.875	0.0141
439.0	0.0117
439.125	0.0141
439.25	0.0141
439.375	0.0141
439.5	0.0157
439.625	0.0141
439.75	0.0157
439.875	0.0165
440.0	0.0165
440.125	0.0149
440.25	0.0141
440.375	0.0149
440.5	0.0165
440.625	0.0141
440.75	0.0157
440.875	0.0141
441.0	0.0141
441.125	0.0141
441.25	0.0141
441.375	0.0149
441.5	0.0149
441.625	0.0141
441.75	0.0141
441.875	0.0141
442.0	0.0141
442.125	0.0141
442.25	0.0133
442.375	0.0141
442.5	0.0133
442.625	0.0141
442.75	0.0149
442.875	0.0172
443.0	0.0141
443.125	0.0141
443.25	0.0157
443.375	0.0141
443.5	0.0141
443.625	0.0165
443.75	0.0149
443.875	0.0141
444.0	0.018
444.125	0.0188
444.25	0.0196
444.375	0.0188
444.5	0.0196
444.625	0.0188
444.75	0.0196
444.875	0.0188
445.0	0.0204
445.125	0.0212
445.25	0.0204
445.375	0.0196
445.5	0.0212
445.625	0.0188
445.75	0.018
445.875	0.018
446.0	0.0188
446.125	0.018
446.25	0.0149
446.375	0.0172
446.5	0.0141
446.625	0.0149
446.75	0.0165
446.875	0.0141
447.0	0.0133
447.125	0.0117
447.25	0.0133
447.375	0.0141
447.5	0.0141
447.625	0.0149
447.75	0.0165
447.875	0.0165
448.0	0.0125
448.125	0.0141
448.25	0.0117
448.375	0.0125
448.5	0.011
448.625	0.0117
448.75	0.0117
448.875	0.011
449.0	0.011
449.125	0.0094
449.25	0.0102
449.375	0.011
449.5	0.0102
449.625	0.0125
449.75	0.0094
449.875	0.0117
450.0	0.0117
450.125	0.0125
450.25	0.0141
450.375	0.0141
450.5	0.011
450.625	0.0141
450.75	0.0133
450.875	0.0133
451.0	0.0141
451.125	0.0165
451.25	0.0141
451.375	0.0125
451.5	0.0141
451.625	0.0172
451.75	0.0157
451.875	0.0141
452.0	0.0157
452.125	0.0165
452.25	0.0141
452.375	0.0172
452.5	0.0165
452.625	0.0188
452.75	0.0165
452.875	0.0149
453.0	0.0149
453.125	0.0172
453.25	0.0165
453.375	0.0141
453.5	0.0141
453.625	0.0141
453.75	0.0133
453.875	0.0141
454.0	0.0117
454.125	0.0141
454.25	0.0125
454.375	0.0141
454.5	0.0125
454.625	0.0141
454.75	0.0141
454.875	0.0133
455.0	0.0141
455.125	0.0149
455.25	0.0149
455.375	0.0141
455.5	0.0149
455.625	0.0125
455.75	0.0141
455.875	0.0133
456.0	0.0141
456.125	0.0149
456.25	0.0149
456.375	0.0141
456.5	0.018
456.625	0.0165
456.75	0.0149
456.875	0.0157
457.0	0.0188
457.125	0.0196
457.25	0.0165
457.375	0.0196
457.5	0.0204
457.625	0.0204
457.75	0.0227
457.875	0.0235
458.0	0.0235
458.125	0.0235
458.25	0.0235
458.375	0.0235
458.5	0.0227
458.625	0.0212
458.75	0.022
458.875	0.0235
459.0	0.0212
459.125	0.0212
459.25	0.0227
459.375	0.0212
459.5	0.0235
459.625	0.0212
459.75	0.0212
459.875	0.0235
460.0	0.022
460.125	0.0235
460.25	0.0235
460.375	0.0259
460.5	0.0267
460.625	0.0235
460.75	0.0235
460.875	0.0235
461.0	0.0235
461.125	0.0235
461.25	0.0283
461.375	0.0275
461.5	0.0251
461.625	0.0267
461.75	0.0283
461.875	0.0267
462.0	0.0267
462.125	0.0267
462.25	0.0283
462.375	0.029
462.5	0.0283
462.625	0.0275
462.75	0.0283
462.875	0.0283
463.0	0.0283
463.125	0.0283
463.25	0.0298
463.375	0.0283
463.5	0.0283
463.625	0.0298
463.75	0.0283
463.875	0.0259
464.0	0.0283
464.125	0.0267
464.25	0.0283
464.375	0.0283
464.5	0.0267
464.625	0.0275
464.75	0.0267
464.875	0.0275
465.0	0.0283
465.125	0.0283
465.25	0.0283
465.375	0.0275
465.5	0.0259
465.625	0.0267
465.75	0.0283
465.875	0.0283
466.0	0.0275
466.125	0.0267
466.25	0.0283
466.375	0.0283
466.5	0.0283
466.625	0.029
466.75	0.029
466.875	0.029
467.0	0.029
467.125	0.0298
467.25	0.0283
467.375	0.0283
467.5	0.0283
467.625	0.0283
467.75	0.029
467.875	0.0283
468.0	0.0283
468.125	0.0283
468.25	0.0275
468.375	0.029
468.5	0.0275
468.625	0.0283
468.75	0.0283
468.875	0.0283
469.0	0.0283
469.125	0.0283
469.25	0.0259
469.375	0.0275
469.5	0.0235
469.625	0.0259
469.75	0.0243
469.875	0.0275
470.0	0.0267
470.125	0.0267
470.25	0.0251
470.375	0.0283
470.5	0.0259
470.625	0.0259
470.75	0.0267
470.875	0.0275
471.0	0.0259
471.125	0.0283
471.25	0.0275
471.375	0.0283
471.5	0.0259
471.625	0.0267
471.75	0.0259
471.875	0.0259
472.0	0.0259
472.125	0.0283
472.25	0.0283
472.375	0.0283
472.5	0.0235
472.625	0.0235
472.75	0.0235
472.875	0.0259
473.0	0.0267
473.125	0.0243
473.25	0.0235
473.375	0.0235
473.5	0.0243
473.625	0.0251
473.75	0.0251
473.875	0.0275
474.0	0.0259
474.125	0.0283
474.25	0.0275
474.375	0.0275
474.5	0.0275
474.625	0.0283
474.75	0.0283
474.875	0.0267
475.0	0.0267
475.125	0.0275
475.25	0.0259
475.375	0.0275
475.5	0.0267
475.625	0.029
475.75	0.0283
475.875	0.0259
476.0	0.0275
476.125	0.0275
476.25	0.022
476.375	0.0275
476.5	0.0283
476.625	0.0283
476.75	0.0283
476.875	0.029
477.0	0.0306
477.125	0.0306
477.25	0.0338
477.375	0.029
477.5	0.0283
477.625	0.0314
477.75	0.033
477.875	0.0345
478.0	0.033
478.125	0.033
478.25	0.0369
478.375	0.033
478.5	0.033
478.625	0.0345
478.75	0.0361
478.875	0.0369
479.0	0.0424
479.125	0.0495
479.25	0.0707
479.375	0.121
479.5	0.2161
479.625	0.3907
479.75	0.6784
479.875	1.088
480.0	1.5699
480.125	2.0377
480.25	2.4111
480.375	2.6768
480.5	2.8034
480.625	2.8529
480.75	2.8647
480.875	2.882
481.0	2.871
481.125	2.8569
481.25	2.8011
481.375	2.6713
481.5	2.4709
481.625	2.1595
481.75	1.7114
481.875	1.2122
482.0	0.7665
482.125	0.3993
482.25	0.1792
482.375	0.0794
482.5	0.0471
482.625	0.0338
482.75	0.0283
482.875	0.0259
483.0	0.0188
483.125	0.0188
483.25	0.0188
483.375	0.0188
483.5	0.018
483.625	0.0157
483.75	0.0165
483.875	0.0157
484.0	0.0141
484.125	0.0172
484.25	0.0141
484.375	0.0141
484.5	0.0141
484.625	0.0149
484.75	0.0141
484.875	0.0133
485.0	0.0094
485.125	0.0141
485.25	0.0141
485.375	0.0125
485.5	0.0125
485.625	0.0141
485.75	0.0125
485.875	0.0125
486.0	0.011
486.125	0.0157
486.25	0.0141
486.375	0.0141
486.5	0.0149
486.625	0.0117
486.75	0.0117
486.875	0.0141
487.0	0.0141
487.125	0.0133
487.25	0.0149
487.375	0.0141
487.5	0.0133
487.625	0.0133
487.75	0.0125
487.875	0.0125
488.0	0.0141
488.125	0.0117
488.25	0.0141
488.375	0.0141
488.5	0.0117
488.625	0.0125
488.75	0.0141
488.875	0.011
489.0	0.0094
489.125	0.0125
489.25	0.0094
489.375	0.0094
489.5	0.0094
489.625	0.011
489.75	0.0117
489.875	0.011
490.0	0.0102
490.125	0.0102
490.25	0.0094
490.375	0.0094
490.5	0.0125
490.625	0.0141
490.75	0.0133
490.875	0.0141
491.0	0.0149
491.125	0.0149
491.25	0.0141
491.375	0.0141
491.5	0.0157
491.625	0.018
491.75	0.0165
491.875	0.0157
492.0	0.0188
492.125	0.0141
492.25	0.0141
492.375	0.0125
492.5	0.0141
492.625	0.011
492.75	0.0102
492.875	0.0094
493.0	0.0086
493.125	0.0094
493.25	0.0086
493.375	0.0086
493.5	0.0094
493.625	0.0086
493.75	0.0094
493.875	0.007
494.0	0.0086
494.125	0.0094
494.25	0.0102
494.375	0.0094
494.5	0.0086
494.625	0.0094
494.75	0.0078
494.875	0.0086
495.0	0.0094
495.125	0.0078
495.25	0.0102
495.375	0.0078
495.5	0.0094
495.625	0.0102
495.75	0.011
495.875	0.0102
496.0	0.0094
496.125	0.0125
496.25	0.0125
496.375	0.0125
496.5	0.0141
496.625	0.0117
496.75	0.0117
496.875	0.011
497.0	0.0117
497.125	0.0117
497.25	0.011
497.375	0.0086
497.5	0.0086
497.625	0.0078
497.75	0.0094
497.875	0.0102
498.0	0.0078
498.125	0.0078
498.25	0.0086
498.375	0.0078
498.5	0.0094
498.625	0.0094
498.75	0.0086
498.875	0.0086
499.0	0.0094
499.125	0.0078
499.25	0.0062
499.375	0.0078
499.5	0.0086
499.625	0.0062
499.75	0.0094
499.875	0.0078
500.0	0.0094
500.125	0.0086
500.25	0.0102
500.375	0.0086
500.5	0.0094
500.625	0.0086
500.75	0.0078
500.875	0.0078
501.0	0.0086
501.125	0.007
501.25	0.007
501.375	0.0078
501.5	0.0078
501.625	0.0078
501.75	0.0086
501.875	0.0078
502.0	0.0086
502.125	0.0094
502.25	0.0078
502.375	0.0094
502.5	0.0086
502.625	0.0078
502.75	0.0055
502.875	0.0062
503.0	0.0094
503.125	0.0094
503.25	0.0078
503.375	0.0094
503.5	0.0086
503.625	0.0094
503.75	0.0062
503.875	0.0078
504.0	0.0094
504.125	0.0055
504.25	0.0047
504.375	0.0055
504.5	0.0078
504.625	0.0062
504.75	0.0094
504.875	0.0078
505.0	0.011
505.125	0.0094
505.25	0.0094
505.375	0.0094
505.5	0.0094
505.625	0.0094
505.75	0.0094
505.875	0.0078
506.0	0.0078
506.125	0.0094
506.25	0.0094
506.375	0.0102
506.5	0.0102
506.625	0.0094
506.75	0.011
506.875	0.0125
507.0	0.0133
507.125	0.0133
507.25	0.0094
507.375	0.0133
507.5	0.0117
507.625	0.0141
507.75	0.0141
507.875	0.0133
508.0	0.0141
508.125	0.0133
508.25	0.0125
508.375	0.0133
508.5	0.011
508.625	0.0133
508.75	0.0141
508.875	0.0141
509.0	0.0149
509.125	0.0141
509.25	0.0141
509.375	0.0133
509.5	0.0117
509.625	0.0141
509.75	0.0125
509.875	0.0149
510.0	0.0141
510.125	0.0141
510.25	0.0141
510.375	0.0141
510.5	0.0133
510.625	0.0141
510.75	0.0157
510.875	0.0133
511.0	0.0133
511.125	0.0141
511.25	0.0141
511.375	0.0141
511.5	0.0141
511.625	0.0141
511.75	0.0117
511.875	0.0141
512.0	0.0149
512.125	0.0149
512.25	0.0149
512.375	0.0149
512.5	0.0141
512.625	0.0172
512.75	0.018
512.875	0.0172
513.0	0.0188
513.125	0.0188
513.25	0.0165
513.375	0.0188
513.5	0.0188
513.625	0.018
513.75	0.0172
513.875	0.018
514.0	0.0188
514.125	0.0188
514.25	0.0149
514.375	0.0165
514.5	0.0157
514.625	0.0141
514.75	0.0141
514.875	0.0133
515.0	0.0133
515.125	0.0141
515.25	0.011
515.375	0.0102
515.5	0.0094
515.625	0.0094
515.75	0.0086
515.875	0.0094
516.0	0.0094
516.125	0.0094
516.25	0.0094
516.375	0.0094
516.5	0.0102
516.625	0.0094
516.75	0.0086
516.875	0.0102
517.0	0.0094
517.125	0.0086
517.25	0.007
517.375	0.0094
517.5	0.0086
517.625	0.0086
517.75	0.0094
517.875	0.0094
518.0	0.0086
518.125	0.0094
518.25	0.0078
518.375	0.0094
518.5	0.007
518.625	0.007
518.75	0.0094
518.875	0.0094
519.0	0.0086
519.125	0.0078
519.25	0.007
519.375	0.0094
519.5	0.0094
519.625	0.0086
519.75	0.0078
519.875	0.0094
520.0	0.0094
520.125	0.0094
520.25	0.0078
520.375	0.0078
520.5	0.0094
520.625	0.0094
520.75	0.0094
520.875	0.0055
521.0	0.0078
521.125	0.0086
521.25	0.0062
521.375	0.007
521.5	0.0062
521.625	0.007
521.75	0.0078
521.875	0.0086
522.0	0.0086
522.125	0.0078
522.25	0.007
522.375	0.0094
522.5	0.0086
522.625	0.0047
522.75	0.0055
522.875	0.007
523.0	0.0086
523.125	0.0078
523.25	0.0055
523.375	0.0086
523.5	0.0055
523.625	0.0078
523.75	0.0086
523.875	0.007
524.0	0.0062
524.125	0.0062
524.25	0.0047
524.375	0.0062
524.5	0.0047
524.625	0.007
524.75	0.0055
524.875	0.0078
525.0	0.0055
525.125	0.0062
525.25	0.0055
525.375	0.0055
525.5	0.0055
525.625	0.0055
525.75	0.0055
525.875	0.0047
526.0	0.0062
526.125	0.007
526.25	0.007
526.375	0.0094
526.5	0.011
526.625	0.0149
526.75	0.022
526.875	0.0275
527.0	0.0267
527.125	0.0306
527.25	0.0306
527.375	0.033
527.5	0.0338
527.625	0.0322
527.75	0.033
527.875	0.033
528.0	0.033
528.125	0.0283
528.25	0.0267
528.375	0.0235
528.5	0.0196
528.625	0.0149
528.75	0.0117
528.875	0.0078
529.0	0.0047
529.125	0.007
529.25	0.0047
529.375	0.0047
529.5	0.0047
529.625	0.0047
529.75	0.0047
529.875	0.0047
530.0	0.0047
530.125	0.0047
530.25	0.0047
530.375	0.0039
530.5	0.0031
530.625	0.0039
530.75	0.0039
530.875	0.0039
531.0	0.0047
531.125	0.0047
531.25	0.0047
531.375	0.0039
531.5	0.0047
531.625	0.0047
531.75	0.0047
531.875	0.0047
532.0	0.0039
532.125	0.0047
532.25	0.0
532.375	0.0039
532.5	0.0039
532.625	0.0039
532.75	0.0047
532.875	0.0031
533.0	0.0047
533.125	0.0031
533.25	0.0023
533.375	0.0047
533.5	0.0023
533.625	0.0039
533.75	0.0047
533.875	0.0023
534.0	0.0047
534.125	0.0047
534.25	0.0047
534.375	0.0047
534.5	0.0031
534.625	0.0047
534.75	0.0047
534.875	0.0047
535.0	0.0039
535.125	0.0047
535.25	0.0023
535.375	0.0015
535.5	0.0023
535.625	0.0047
535.75	0.0047
535.875	0.0023
536.0	0.0031
536.125	0.0047
536.25	0.0047
536.375	0.0039
536.5	0.0047
536.625	0.0055
536.75	0.0023
536.875	0.0047
537.0	0.0047
537.125	0.0094
537.25	0.0117
537.375	0.0141
537.5	0.0141
537.625	0.0165
537.75	0.018
537.875	0.0188
538.0	0.0188
538.125	0.0172
538.25	0.0172
538.375	0.0188
538.5	0.0157
538.625	0.0149
538.75	0.018
538.875	0.0133
539.0	0.0125
539.125	0.0086
539.25	0.0086
539.375	0.0047
539.5	0.0047
539.625	0.0047
539.75	0.0031
539.875	0.0047
540.0	0.0047
540.125	0.0047
540.25	0.0047
540.375	0.0031
540.5	0.0047
540.625	0.0047
540.75	0.0047
540.875	0.0062
541.0	0.0023
541.125	0.0015
541.25	0.0047
541.375	0.0039
541.5	0.0039
541.625	0.0039
541.75	0.0047
541.875	0.0015
542.0	0.0031
542.125	0.0039
542.25	0.0047
542.375	0.0078
542.5	0.0047
542.625	0.0047
542.75	0.0055
542.875	0.0047
543.0	0.0047
543.125	0.0023
543.25	0.0031
543.375	0.0031
543.5	0.0023
543.625	0.0047
543.75	0.0047
543.875	0.0031
544.0	0.0015
544.125	0.0039
544.25	0.0047
544.375	0.0015
544.5	0.0047
544.625	0.0031
544.75	7.0E-4
544.875	7.0E-4
545.0	0.0039
545.125	0.0031
545.25	0.0031
545.375	0.0039
545.5	0.0047
545.625	0.0015
545.75	7.0E-4
545.875	0.0047
546.0	0.0047
546.125	0.0
546.25	0.0039
546.375	0.0047
546.5	0.0047
546.625	0.0039
546.75	7.0E-4
546.875	0.0015
547.0	0.0
547.125	0.0023
547.25	0.0039
547.375	0.0031
547.5	0.0023
547.625	0.0023
547.75	0.0031
547.875	0.0039
548.0	0.0047
548.125	0.0023
548.25	0.0047
548.375	0.0039
548.5	0.0047
548.625	0.0047
548.75	0.0023
548.875	0.0031
549.0	0.0039
549.125	0.0047
549.25	0.0047
549.375	0.007
549.5	0.0047
549.625	0.0047
549.75	0.0047
549.875	0.0047
550.0	0.0047
550.125	0.0047
550.25	0.0023
550.375	0.0047
550.5	0.0047
550.625	0.0031
550.75	0.0031
550.875	0.0031
551.0	0.0055
551.125	0.0047
551.25	0.0047
551.375	0.0047
551.5	0.0023
551.625	0.0047
551.75	0.0031
551.875	0.0023
552.0	0.0015
552.125	0.0015
552.25	0.0047
552.375	0.0047
552.5	0.0031
552.625	0.0023
552.75	0.0039
552.875	0.0047
553.0	0.0047
553.125	0.0047
553.25	0.0039
553.375	0.0039
553.5	0.0031
553.625	0.0047
553.75	0.0047
553.875	0.0047
554.0	0.0055
554.125	0.0047
554.25	0.0055
554.375	0.0062
554.5	0.0047
554.625	0.0055
554.75	0.0047
554.875	0.0047
555.0	0.0039
555.125	0.0047
555.25	0.0047
555.375	0.0047
555.5	0.0047
555.625	0.0047
555.75	0.0047
555.875	0.0047
556.0	0.0031
556.125	0.0
556.25	0.0039
556.375	0.0023
556.5	0.0047
556.625	0.0031
556.75	7.0E-4
556.875	0.0023
557.0	0.0015
557.125	7.0E-4
557.25	0.0031
557.375	0.0039
557.5	0.0015
557.625	0.0015
557.75	7.0E-4
557.875	0.0015
558.0	0.0
558.125	0.0047
558.25	0.0023
558.375	0.0
558.5	0.0
558.625	7.0E-4
558.75	7.0E-4
558.875	0.0015
559.0	0.0031
559.125	7.0E-4
559.25	0.0015
559.375	0.0015
559.5	0.0047
559.625	0.0023
559.75	0.0015
559.875	0.0031
560.0	0.0023
560.125	0.0023
560.25	0.0047
560.375	0.0023
560.5	0.0015
560.625	0.0
560.75	0.0015
560.875	0.0031
561.0	0.0031
561.125	0.0015
561.25	0.0047
561.375	0.0039
561.5	0.0015
561.625	0.0
561.75	0.0
561.875	7.0E-4
562.0	7.0E-4
562.125	0.0015
562.25	0.0039
562.375	0.0015
562.5	7.0E-4
562.625	0.0031
562.75	0.0039
562.875	0.0039
563.0	0.0023
563.125	0.0023
563.25	0.0031
563.375	0.0031
563.5	0.0
563.625	0.0031
563.75	0.0031
563.875	0.0047
564.0	0.0031
564.125	0.0031
564.25	0.0047
564.375	0.0047
564.5	0.0015
564.625	0.0015
564.75	7.0E-4
564.875	0.0023
565.0	7.0E-4
565.125	0.0039
565.25	0.0
565.375	0.0023
565.5	7.0E-4
565.625	0.0023
565.75	0.0
565.875	0.0
566.0	0.0
566.125	0.0
566.25	0.0015
566.375	0.0023
566.5	0.0
566.625	0.0031
566.75	0.0015
566.875	0.0
567.0	0.0
567.125	0.0031
567.25	0.0015
567.375	7.0E-4
567.5	0.0031
567.625	0.0023
567.75	0.0039
567.875	0.0047
568.0	0.0015
568.125	0.0
568.25	0.0015
568.375	0.0039
568.5	0.0015
568.625	0.0047
568.75	0.0039
568.875	0.0039
569.0	0.0031
569.125	0.0015
569.25	0.0031
569.375	7.0E-4
569.5	0.0015
569.625	0.0031
569.75	0.0015
569.875	0.0023
570.0	0.0
570.125	0.0015
570.25	0.0031
570.375	0.0023
570.5	0.0047
570.625	0.0047
570.75	0.0047
570.875	0.0047
571.0	0.0047
571.125	0.0047
571.25	0.0047
571.375	0.0047
571.5	0.0031
571.625	0.0023
571.75	0.0047
571.875	0.0047
572.0	0.0047
572.125	0.0047
572.25	0.0047
572.375	0.0047
572.5	0.0047
572.625	0.0062
572.75	0.0062
572.875	0.0023
573.0	0.0055
573.125	0.0055
573.25	0.0047
573.375	0.0047
573.5	0.0047
573.625	0.0055
573.75	0.0047
573.875	0.0055
574.0	0.0047
574.125	0.0047
574.25	0.0055
574.375	0.0047
574.5	0.0047
574.625	0.0047
574.75	0.0062
574.875	0.0047
575.0	0.0047
575.125	0.0055
575.25	0.0047
575.375	0.0094
575.5	0.0055
575.625	0.0047
575.75	0.0062
575.875	0.0094
576.0	0.007
576.125	0.007
576.25	0.0062
576.375	0.007
576.5	0.0078
576.625	0.0086
576.75	0.0047
576.875	0.0094
577.0	0.0086
577.125	0.0078
577.25	0.0047
577.375	0.0055
577.5	0.0047
577.625	0.0047
577.75	0.0047
577.875	0.0055
578.0	0.0047
578.125	0.0047
578.25	0.0031
578.375	0.0039
578.5	0.0039
578.625	0.0047
578.75	0.0047
578.875	0.0047
579.0	0.0031
579.125	0.0031
579.25	0.0047
579.375	0.0039
579.5	0.0031
579.625	0.0039
579.75	0.0031
579.875	0.0047
580.0	0.0047
580.125	0.0023
580.25	0.0039
580.375	0.0023
580.5	0.0023
580.625	0.0023
580.75	7.0E-4
580.875	0.0031
581.0	0.0047
581.125	0.0031
581.25	0.0047
581.375	0.0047
581.5	0.0047
581.625	0.0047
581.75	0.0047
581.875	0.0047
582.0	0.0047
582.125	0.0047
582.25	0.0047
582.375	0.0047
582.5	0.0047
582.625	0.0047
582.75	0.0055
582.875	0.0062
583.0	0.0062
583.125	0.0062
583.25	0.0047
583.375	0.007
583.5	0.007
583.625	0.0055
583.75	0.007
583.875	0.0055
584.0	0.0047
584.125	0.0047
584.25	0.0047
584.375	0.0047
584.5	0.0055
584.625	0.0047
584.75	0.0047
584.875	0.0047
585.0	0.0047
585.125	0.0031
585.25	0.0031
585.375	0.0039
585.5	0.0055
585.625	0.0047
585.75	0.0055
585.875	0.0055
586.0	0.0047
586.125	0.0047
586.25	0.0062
586.375	0.007
586.5	0.0078
586.625	0.007
586.75	0.007
586.875	0.007
587.0	0.0094
587.125	0.007
587.25	0.0078
587.375	0.0094
587.5	0.011
587.625	0.0125
587.75	0.0094
587.875	0.0094
588.0	0.0102
588.125	0.0094
588.25	0.0094
588.375	0.0102
588.5	0.0094
588.625	0.0094
588.75	0.0094
588.875	0.011
589.0	0.0078
589.125	0.007
589.25	0.0094
589.375	0.0094
589.5	0.011
589.625	0.0094
589.75	0.0117
589.875	0.0094
590.0	0.0094
590.125	0.0078
590.25	0.011
590.375	0.0094
590.5	0.0094
590.625	0.0094
590.75	0.0094
590.875	0.011
591.0	0.0094
591.125	0.0094
591.25	0.0094
591.375	0.0086
591.5	0.0094
591.625	0.0094
591.75	0.0062
591.875	0.0078
592.0	0.0094
592.125	0.011
592.25	0.0094
592.375	0.0086
592.5	0.0078
592.625	0.0078
592.75	0.0094
592.875	0.0094
593.0	0.0086
593.125	0.0078
593.25	0.0094
593.375	0.0086
593.5	0.0094
593.625	0.0094
593.75	0.0094
593.875	0.0094
594.0	0.0094
594.125	0.0062
594.25	0.0094
594.375	0.0086
594.5	0.0094
594.625	0.007
594.75	0.0094
594.875	0.0062
595.0	0.0086
595.125	0.0094
595.25	0.0094
595.375	0.0086
595.5	0.007
595.625	0.0094
595.75	0.0094
595.875	0.0094
596.0	0.0078
596.125	0.0094
596.25	0.0133
596.375	0.011
596.5	0.0117
596.625	0.0133
596.75	0.0149
596.875	0.0125
597.0	0.0133
597.125	0.0141
597.25	0.0141
597.375	0.0125
597.5	0.0133
597.625	0.011
597.75	0.0094
597.875	0.0133
598.0	0.0141
598.125	0.0141
598.25	0.0141
598.375	0.0149
598.5	0.0133
598.625	0.0141
598.75	0.0133
598.875	0.0141
599.0	0.0141
599.125	0.0157
599.25	0.0165
599.375	0.0141
599.5	0.0165
599.625	0.0157
599.75	0.0149
599.875	0.0141
