300.0	0.1729
300.125	0.2091
300.25	0.2248
300.375	0.2397
300.5	0.2515
300.625	0.2617
300.75	0.2696
300.875	0.283
301.0	0.2916
301.125	0.305
301.25	0.3207
301.375	0.327
301.5	0.3349
301.625	0.3404
301.75	0.3537
301.875	0.3537
302.0	0.3569
302.125	0.3616
302.25	0.3687
302.375	0.3844
302.5	0.3938
302.625	0.4072
302.75	0.4198
302.875	0.4284
303.0	0.4308
303.125	0.4363
303.25	0.4394
303.375	0.4386
303.5	0.4386
303.625	0.4386
303.75	0.4355
303.875	0.4378
304.0	0.4363
304.125	0.4253
304.25	0.4166
304.375	0.4056
304.5	0.4017
304.625	0.3962
304.75	0.3946
304.875	0.3938
305.0	0.3915
305.125	0.3915
305.25	0.3962
305.375	0.4072
305.5	0.4213
305.625	0.4363
305.75	0.4512
305.875	0.4661
306.0	0.4882
306.125	0.5031
306.25	0.5117
306.375	0.5243
306.5	0.5306
306.625	0.533
306.75	0.5306
306.875	0.5227
307.0	0.5212
307.125	0.5102
307.25	0.5023
307.375	0.4834
307.5	0.4654
307.625	0.4473
307.75	0.4292
307.875	0.4103
308.0	0.393
308.125	0.382
308.25	0.3734
308.375	0.3616
308.5	0.3561
308.625	0.3498
308.75	0.3482
308.875	0.3451
309.0	0.3404
309.125	0.3419
309.25	0.3435
309.375	0.3411
309.5	0.3388
309.625	0.3309
309.75	0.3301
309.875	0.3199
310.0	0.3176
310.125	0.3207
310.25	0.316
310.375	0.3105
310.5	0.3042
310.625	0.3058
310.75	0.2995
310.875	0.2979
311.0	0.2932
311.125	0.29
311.25	0.2869
311.375	0.283
311.5	0.2814
311.625	0.283
311.75	0.2845
311.875	0.2783
312.0	0.2735
312.125	0.2735
312.25	0.272
312.375	0.2735
312.5	0.2712
312.625	0.2704
312.75	0.268
312.875	0.2657
313.0	0.2665
313.125	0.2641
313.25	0.2641
313.375	0.2594
313.5	0.261
313.625	0.2617
313.75	0.2578
313.875	0.2547
314.0	0.2547
314.125	0.2507
314.25	0.2523
314.375	0.2507
314.5	0.2515
314.625	0.2507
314.75	0.2507
314.875	0.25
315.0	0.2476
315.125	0.2484
315.25	0.2452
315.375	0.2468
315.5	0.246
315.625	0.2452
315.75	0.2429
315.875	0.2444
316.0	0.2429
316.125	0.2421
316.25	0.2444
316.375	0.2444
316.5	0.2421
316.625	0.2444
316.75	0.2492
316.875	0.2547
317.0	0.2539
317.125	0.2507
317.25	0.25
317.375	0.2539
317.5	0.2539
317.625	0.2523
317.75	0.2547
317.875	0.2547
318.0	0.2539
318.125	0.2492
318.25	0.2452
318.375	0.2429
318.5	0.2358
318.625	0.2358
318.75	0.2334
318.875	0.2319
319.0	0.2311
319.125	0.2303
319.25	0.2272
319.375	0.2264
319.5	0.2216
319.625	0.2216
319.75	0.2256
319.875	0.224
320.0	0.2248
320.125	0.224
320.25	0.2216
320.375	0.2248
320.5	0.2264
320.625	0.2232
320.75	0.2256
320.875	0.2264
321.0	0.2279
321.125	0.2279
321.25	0.2327
321.375	0.2342
321.5	0.2374
321.625	0.2444
321.75	0.2452
321.875	0.2531
322.0	0.2633
322.125	0.2743
322.25	0.283
322.375	0.2987
322.5	0.3144
322.625	0.3333
322.75	0.3443
322.875	0.36
323.0	0.375
323.125	0.3867
323.25	0.3922
323.375	0.3993
323.5	0.4056
323.625	0.4033
323.75	0.4001
323.875	0.3922
324.0	0.3844
324.125	0.371
324.25	0.3561
324.375	0.3372
324.5	0.3183
324.625	0.3097
324.75	0.2885
324.875	0.2712
325.0	0.2594
325.125	0.246
325.25	0.2358
325.375	0.2279
325.5	0.2224
325.625	0.2216
325.75	0.2177
325.875	0.2161
326.0	0.2146
326.125	0.2169
326.25	0.2146
326.375	0.213
326.5	0.2138
326.625	0.2161
326.75	0.2138
326.875	0.2161
327.0	0.2146
327.125	0.2122
327.25	0.2169
327.375	0.2146
327.5	0.2122
327.625	0.2146
327.75	0.2154
327.875	0.2146
328.0	0.2161
328.125	0.2169
328.25	0.2177
328.375	0.2169
328.5	0.2185
328.625	0.2216
328.75	0.2224
328.875	0.2216
329.0	0.2201
329.125	0.2216
329.25	0.2201
329.375	0.2185
329.5	0.2216
329.625	0.2216
329.75	0.2216
329.875	0.2232
330.0	0.2224
330.125	0.2193
330.25	0.2216
330.375	0.2216
330.5	0.2216
330.625	0.224
330.75	0.2264
330.875	0.2303
331.0	0.2264
331.125	0.2279
331.25	0.2311
331.375	0.2287
331.5	0.2295
331.625	0.2311
331.75	0.2311
331.875	0.2327
332.0	0.2358
332.125	0.2358
332.25	0.2358
332.375	0.2382
332.5	0.2358
332.625	0.2358
332.75	0.2366
332.875	0.2397
333.0	0.2405
333.125	0.2397
333.25	0.2421
333.375	0.2405
333.5	0.2405
333.625	0.2421
333.75	0.2452
333.875	0.246
334.0	0.2468
334.125	0.2562
334.25	0.2594
334.375	0.2633
334.5	0.261
334.625	0.2657
334.75	0.2688
334.875	0.2704
335.0	0.272
335.125	0.2735
335.25	0.2735
335.375	0.2712
335.5	0.2688
335.625	0.2688
335.75	0.2688
335.875	0.2641
336.0	0.2586
336.125	0.2594
336.25	0.2555
336.375	0.2515
336.5	0.25
336.625	0.2452
336.75	0.2429
336.875	0.2452
337.0	0.246
337.125	0.2444
337.25	0.2437
337.375	0.2413
337.5	0.2452
337.625	0.2444
337.75	0.2484
337.875	0.2444
338.0	0.2405
338.125	0.2397
338.25	0.2405
338.375	0.2405
338.5	0.2421
338.625	0.2405
338.75	0.2397
338.875	0.2405
339.0	0.2405
339.125	0.2382
339.25	0.2405
339.375	0.2452
339.5	0.2405
339.625	0.2452
339.75	0.2484
339.875	0.2547
340.0	0.2547
340.125	0.2602
340.25	0.2602
340.375	0.2672
340.5	0.2727
340.625	0.2783
340.75	0.2861
340.875	0.2971
341.0	0.3066
341.125	0.316
341.25	0.3309
341.375	0.3427
341.5	0.3537
341.625	0.3592
341.75	0.3663
341.875	0.3694
342.0	0.3726
342.125	0.3742
342.25	0.3757
342.375	0.3726
342.5	0.3687
342.625	0.3608
342.75	0.3537
342.875	0.3451
343.0	0.3364
343.125	0.3238
343.25	0.3136
343.375	0.3042
343.5	0.2948
343.625	0.2885
343.75	0.279
343.875	0.2735
344.0	0.2688
344.125	0.2727
344.25	0.2688
344.375	0.2672
344.5	0.2657
344.625	0.2688
344.75	0.268
344.875	0.2688
345.0	0.2688
345.125	0.2688
345.25	0.2688
345.375	0.2688
345.5	0.2649
345.625	0.2657
345.75	0.2672
345.875	0.2657
346.0	0.2665
346.125	0.2688
346.25	0.2712
346.375	0.2688
346.5	0.2727
346.625	0.2688
346.75	0.2688
346.875	0.2743
347.0	0.2704
347.125	0.2688
347.25	0.272
347.375	0.2735
347.5	0.2735
347.625	0.2735
347.75	0.2735
347.875	0.2735
348.0	0.2743
348.125	0.2743
348.25	0.2735
348.375	0.2743
348.5	0.2712
348.625	0.2735
348.75	0.2696
348.875	0.2735
349.0	0.2751
349.125	0.2735
349.25	0.2735
349.375	0.2735
349.5	0.2751
349.625	0.2735
349.75	0.2735
349.875	0.2727
350.0	0.272
350.125	0.2751
350.25	0.2735
350.375	0.272
350.5	0.2735
350.625	0.2751
350.75	0.2735
350.875	0.2751
351.0	0.2767
351.125	0.2783
351.25	0.2783
351.375	0.2806
351.5	0.2798
351.625	0.2798
351.75	0.283
351.875	0.2838
352.0	0.2877
352.125	0.2885
352.25	0.2877
352.375	0.2877
352.5	0.29
352.625	0.29
352.75	0.2916
352.875	0.2963
353.0	0.2971
353.125	0.2971
353.25	0.2979
353.375	0.3011
353.5	0.3018
353.625	0.3089
353.75	0.3073
353.875	0.3121
354.0	0.316
354.125	0.316
354.25	0.3152
354.375	0.3183
354.5	0.3176
354.625	0.3176
354.75	0.3176
354.875	0.3113
355.0	0.3113
355.125	0.3073
355.25	0.3058
355.375	0.3034
355.5	0.2995
355.625	0.2963
355.75	0.2955
355.875	0.2932
356.0	0.2924
356.125	0.283
356.25	0.283
356.375	0.2877
356.5	0.29
356.625	0.2861
356.75	0.2877
356.875	0.2845
357.0	0.2853
357.125	0.2822
357.25	0.283
357.375	0.2838
357.5	0.2838
357.625	0.2822
357.75	0.283
357.875	0.283
358.0	0.2814
358.125	0.283
358.25	0.283
358.375	0.283
358.5	0.283
358.625	0.283
358.75	0.2798
358.875	0.283
359.0	0.2869
359.125	0.2869
359.25	0.2877
359.375	0.2924
359.5	0.2932
359.625	0.2995
359.75	0.2971
359.875	0.3018
360.0	0.3058
360.125	0.3105
360.25	0.3144
360.375	0.3191
360.5	0.3223
360.625	0.3254
360.75	0.3294
360.875	0.3349
361.0	0.3419
361.125	0.349
361.25	0.3522
361.375	0.3584
361.5	0.3655
361.625	0.3726
361.75	0.3773
361.875	0.382
362.0	0.3867
362.125	0.3922
362.25	0.3922
362.375	0.3922
362.5	0.3922
362.625	0.3922
362.75	0.3915
362.875	0.3891
363.0	0.382
363.125	0.3773
363.25	0.3726
363.375	0.3655
363.5	0.3616
363.625	0.3545
363.75	0.349
363.875	0.3459
364.0	0.3364
364.125	0.3388
364.25	0.3341
364.375	0.3301
364.5	0.3246
364.625	0.3254
364.75	0.3238
364.875	0.3215
365.0	0.3199
365.125	0.3168
365.25	0.3176
365.375	0.3176
365.5	0.3168
365.625	0.3136
365.75	0.3144
365.875	0.3113
366.0	0.3121
366.125	0.3128
366.25	0.3089
366.375	0.3105
366.5	0.3113
366.625	0.3113
366.75	0.3105
366.875	0.3113
367.0	0.3073
367.125	0.305
367.25	0.3066
367.375	0.3058
367.5	0.3042
367.625	0.3018
367.75	0.3018
367.875	0.3034
368.0	0.3003
368.125	0.2995
368.25	0.294
368.375	0.2963
368.5	0.2963
368.625	0.2916
368.75	0.2924
368.875	0.2948
369.0	0.2877
369.125	0.29
369.25	0.2877
369.375	0.2924
369.5	0.2924
369.625	0.29
369.75	0.294
369.875	0.294
370.0	0.2924
370.125	0.294
370.25	0.2979
370.375	0.2971
370.5	0.3018
370.625	0.3018
370.75	0.3042
370.875	0.3066
371.0	0.3066
371.125	0.3058
371.25	0.3066
371.375	0.3105
371.5	0.3152
371.625	0.3121
371.75	0.3183
371.875	0.316
372.0	0.3168
372.125	0.3215
372.25	0.3223
372.375	0.3254
372.5	0.3286
372.625	0.3333
372.75	0.3341
372.875	0.338
373.0	0.3404
373.125	0.3356
373.25	0.3388
373.375	0.338
373.5	0.3419
373.625	0.3396
373.75	0.3419
373.875	0.3411
374.0	0.3466
374.125	0.3545
374.25	0.3498
374.375	0.3529
374.5	0.3506
374.625	0.3514
374.75	0.3498
374.875	0.3537
375.0	0.3529
375.125	0.3506
375.25	0.3545
375.375	0.3553
375.5	0.3529
375.625	0.3529
375.75	0.3514
375.875	0.3514
376.0	0.3459
376.125	0.3443
376.25	0.3419
376.375	0.3411
376.5	0.3396
376.625	0.3364
376.75	0.3325
376.875	0.3317
377.0	0.3286
377.125	0.3254
377.25	0.3254
377.375	0.3238
377.5	0.3231
377.625	0.3207
377.75	0.3238
377.875	0.3168
378.0	0.3168
378.125	0.3121
378.25	0.3136
378.375	0.3128
378.5	0.3128
378.625	0.3128
378.75	0.3152
378.875	0.3152
379.0	0.316
379.125	0.3207
379.25	0.3238
379.375	0.3215
379.5	0.3199
379.625	0.3199
379.75	0.3231
379.875	0.3246
380.0	0.3301
380.125	0.3309
380.25	0.3341
380.375	0.3333
380.5	0.3278
380.625	0.3301
380.75	0.3301
380.875	0.3309
381.0	0.3317
381.125	0.3309
381.25	0.3309
381.375	0.3349
381.5	0.3404
381.625	0.3443
381.75	0.3498
381.875	0.3537
382.0	0.3608
382.125	0.3679
382.25	0.3687
382.375	0.3726
382.5	0.3765
382.625	0.3781
382.75	0.3781
382.875	0.3797
383.0	0.3773
383.125	0.3773
383.25	0.3734
383.375	0.3702
383.5	0.371
383.625	0.3632
383.75	0.3616
383.875	0.3592
384.0	0.3584
384.125	0.3584
384.25	0.3608
384.375	0.3577
384.5	0.3608
384.625	0.3632
384.75	0.3655
384.875	0.3687
385.0	0.3694
385.125	0.3679
385.25	0.3632
385.375	0.3671
385.5	0.3608
385.625	0.36
385.75	0.3592
385.875	0.3522
386.0	0.349
386.125	0.3506
386.25	0.349
386.375	0.3443
386.5	0.3411
386.625	0.3396
386.75	0.3396
386.875	0.3396
387.0	0.3411
387.125	0.3443
387.25	0.3443
387.375	0.3459
387.5	0.3498
387.625	0.3514
387.75	0.3569
387.875	0.3616
388.0	0.3632
388.125	0.3632
388.25	0.3624
388.375	0.3632
388.5	0.3624
388.625	0.3632
388.75	0.36
388.875	0.3584
389.0	0.36
389.125	0.3592
389.25	0.3584
389.375	0.3592
389.5	0.3679
389.625	0.375
389.75	0.3891
389.875	0.4009
390.0	0.4103
390.125	0.415
390.25	0.4158
390.375	0.4135
390.5	0.4127
390.625	0.4064
390.75	0.4111
390.875	0.4064
391.0	0.4009
391.125	0.397
391.25	0.3867
391.375	0.3742
391.5	0.3616
391.625	0.3419
391.75	0.3301
391.875	0.3183
392.0	0.3136
392.125	0.3152
392.25	0.3128
392.375	0.3136
392.5	0.3183
392.625	0.3136
392.75	0.3128
392.875	0.3144
393.0	0.316
393.125	0.316
393.25	0.3128
393.375	0.3136
393.5	0.3113
393.625	0.3113
393.75	0.3089
393.875	0.3066
394.0	0.3073
394.125	0.3034
394.25	0.3073
394.375	0.3073
394.5	0.3113
394.625	0.3081
394.75	0.3128
394.875	0.3121
395.0	0.3097
395.125	0.3176
395.25	0.3199
395.375	0.3207
395.5	0.3246
395.625	0.3262
395.75	0.3301
395.875	0.3317
396.0	0.3356
396.125	0.3372
396.25	0.3435
396.375	0.349
396.5	0.349
396.625	0.3506
396.75	0.3561
396.875	0.3584
397.0	0.3592
397.125	0.3584
397.25	0.3608
397.375	0.3608
397.5	0.3679
397.625	0.3671
397.75	0.3687
397.875	0.371
398.0	0.3742
398.125	0.3726
398.25	0.3694
398.375	0.3726
398.5	0.375
398.625	0.3773
398.75	0.3765
398.875	0.3773
399.0	0.3789
399.125	0.3789
399.25	0.3836
399.375	0.3875
399.5	0.3946
399.625	0.397
399.75	0.4009
399.875	0.4033
400.0	0.4056
400.125	0.4048
400.25	0.404
400.375	0.404
400.5	0.404
400.625	0.3993
400.75	0.3954
400.875	0.3907
401.0	0.3844
401.125	0.3812
401.25	0.3781
401.375	0.3742
401.5	0.3679
401.625	0.3679
401.75	0.3632
401.875	0.3592
402.0	0.3577
402.125	0.3584
402.25	0.3584
402.375	0.3694
402.5	0.3907
402.625	0.4229
402.75	0.4732
402.875	0.533
403.0	0.5841
403.125	0.6297
403.25	0.6548
403.375	0.6721
403.5	0.6784
403.625	0.6886
403.75	0.6933
403.875	0.6981
404.0	0.7028
404.125	0.7044
404.25	0.6973
404.375	0.6847
404.5	0.6619
404.625	0.6297
404.75	0.5888
404.875	0.5487
405.0	0.522
405.125	0.5023
405.25	0.4913
405.375	0.4834
405.5	0.4732
405.625	0.4669
405.75	0.4551
405.875	0.4418
406.0	0.4323
406.125	0.4213
406.25	0.404
406.375	0.3899
406.5	0.375
406.625	0.3577
406.75	0.338
406.875	0.3262
407.0	0.3128
407.125	0.3081
407.25	0.2971
407.375	0.2971
407.5	0.2971
407.625	0.2987
407.75	0.2932
407.875	0.2963
408.0	0.2995
408.125	0.3011
408.25	0.3018
408.375	0.3034
408.5	0.3113
408.625	0.3113
408.75	0.3152
408.875	0.3223
409.0	0.3254
409.125	0.3309
409.25	0.3349
409.375	0.338
409.5	0.3411
409.625	0.3443
409.75	0.349
409.875	0.3514
410.0	0.3584
410.125	0.3647
410.25	0.3726
410.375	0.3773
410.5	0.3844
410.625	0.3875
410.75	0.3915
410.875	0.3938
411.0	0.4009
411.125	0.4048
411.25	0.4056
411.375	0.4009
411.5	0.4056
411.625	0.4048
411.75	0.4056
411.875	0.397
412.0	0.3891
412.125	0.3875
412.25	0.3844
412.375	0.3797
412.5	0.3773
412.625	0.3742
412.75	0.3726
412.875	0.3726
413.0	0.3765
413.125	0.3789
413.25	0.382
413.375	0.386
413.5	0.3828
413.625	0.382
413.75	0.3907
413.875	0.3867
414.0	0.3852
414.125	0.382
414.25	0.3844
414.375	0.3797
414.5	0.3742
414.625	0.3734
414.75	0.3671
414.875	0.3616
415.0	0.3537
415.125	0.3514
415.25	0.3482
415.375	0.3459
415.5	0.3435
415.625	0.3356
415.75	0.3333
415.875	0.3254
416.0	0.3254
416.125	0.3223
416.25	0.3199
416.375	0.3176
416.5	0.316
416.625	0.316
416.75	0.3144
416.875	0.3113
417.0	0.3089
417.125	0.3089
417.25	0.3034
417.375	0.3018
417.5	0.3011
417.625	0.2963
417.75	0.2924
417.875	0.2916
418.0	0.2908
418.125	0.2885
418.25	0.2877
418.375	0.2885
418.5	0.2877
418.625	0.2877
418.75	0.2893
418.875	0.2877
419.0	0.2853
419.125	0.2877
419.25	0.2845
419.375	0.2853
419.5	0.2861
419.625	0.2877
419.75	0.283
419.875	0.2838
420.0	0.2861
420.125	0.2853
420.25	0.2822
420.375	0.283
420.5	0.2806
420.625	0.2814
420.75	0.2814
420.875	0.2822
421.0	0.283
421.125	0.279
421.25	0.2798
421.375	0.279
421.5	0.2822
421.625	0.2822
421.75	0.283
421.875	0.2783
422.0	0.2806
422.125	0.2822
422.25	0.2814
422.375	0.2822
422.5	0.283
422.625	0.2814
422.75	0.2838
422.875	0.2861
423.0	0.29
423.125	0.2932
423.25	0.2963
423.375	0.3003
423.5	0.2987
423.625	0.3018
423.75	0.3066
423.875	0.3113
424.0	0.3113
424.125	0.3113
424.25	0.3105
424.375	0.3073
424.5	0.3113
424.625	0.3105
424.75	0.3081
424.875	0.305
425.0	0.3066
425.125	0.3018
425.25	0.3018
425.375	0.3018
425.5	0.3011
425.625	0.3042
425.75	0.3018
425.875	0.3089
426.0	0.3317
426.125	0.3812
426.25	0.4669
426.375	0.6226
426.5	0.8522
426.625	1.1006
426.75	1.3443
426.875	1.5227
427.0	1.6312
427.125	1.6855
427.25	1.7028
427.375	1.7075
427.5	1.7169
427.625	1.7201
427.75	1.7044
427.875	1.6768
428.0	1.6194
428.125	1.5275
428.25	1.3789
428.375	1.1768
428.5	0.9355
428.625	0.7083
428.75	0.522
428.875	0.4111
429.0	0.3655
429.125	0.3514
429.25	0.3451
429.375	0.349
429.5	0.3537
429.625	0.3569
429.75	0.3624
429.875	0.3632
430.0	0.3655
430.125	0.371
430.25	0.3726
430.375	0.3773
430.5	0.3852
430.625	0.3875
430.75	0.3899
430.875	0.3891
431.0	0.3915
431.125	0.3915
431.25	0.3922
431.375	0.3867
431.5	0.3867
431.625	0.3867
431.75	0.3899
431.875	0.3907
432.0	0.3867
432.125	0.382
432.25	0.3797
432.375	0.3702
432.5	0.3624
432.625	0.3545
432.75	0.3522
432.875	0.3451
433.0	0.338
433.125	0.3309
433.25	0.3231
433.375	0.3121
433.5	0.305
433.625	0.3018
433.75	0.2987
433.875	0.2979
434.0	0.3018
434.125	0.3026
434.25	0.3066
434.375	0.3105
434.5	0.316
434.625	0.3136
434.75	0.316
434.875	0.3183
435.0	0.3207
435.125	0.3231
435.25	0.3231
435.375	0.3191
435.5	0.316
435.625	0.3097
435.75	0.3018
435.875	0.2971
436.0	0.2908
436.125	0.2845
436.25	0.2798
436.375	0.2735
436.5	0.2735
436.625	0.2735
436.75	0.2727
436.875	0.2688
437.0	0.272
437.125	0.2743
437.25	0.2806
437.375	0.2877
437.5	0.2893
437.625	0.294
437.75	0.2924
437.875	0.2971
438.0	0.3018
438.125	0.3034
438.25	0.3066
438.375	0.3066
438.5	0.3128
438.625	0.3144
438.75	0.3191
438.875	0.3207
439.0	0.3152
439.125	0.3113
439.25	0.3089
439.375	0.305
439.5	0.3058
439.625	0.3058
439.75	0.3066
439.875	0.3066
440.0	0.305
440.125	0.3066
440.25	0.3026
440.375	0.3018
440.5	0.3018
440.625	0.3018
440.75	0.3011
440.875	0.3018
441.0	0.3089
441.125	0.3136
441.25	0.3199
441.375	0.3278
441.5	0.3396
441.625	0.3459
441.75	0.3553
441.875	0.3639
442.0	0.3773
442.125	0.3867
442.25	0.397
442.375	0.415
442.5	0.4284
442.625	0.4441
442.75	0.4544
442.875	0.4646
443.0	0.4795
443.125	0.4889
443.25	0.5007
443.375	0.5086
443.5	0.5172
443.625	0.5227
443.75	0.5172
443.875	0.5149
444.0	0.5039
444.125	0.4921
444.25	0.474
444.375	0.4622
444.5	0.4418
444.625	0.4276
444.75	0.408
444.875	0.3899
445.0	0.3726
445.125	0.3561
445.25	0.3435
445.375	0.3286
445.5	0.3199
445.625	0.3136
445.75	0.3105
445.875	0.3073
446.0	0.3081
446.125	0.3066
446.25	0.3066
446.375	0.3058
446.5	0.305
446.625	0.3018
446.75	0.2995
446.875	0.2955
447.0	0.2924
447.125	0.2924
447.25	0.2924
447.375	0.29
447.5	0.29
447.625	0.2877
447.75	0.29
447.875	0.2924
448.0	0.2877
448.125	0.2869
448.25	0.2877
448.375	0.2885
448.5	0.2877
448.625	0.2877
448.75	0.2885
448.875	0.2908
449.0	0.2916
449.125	0.2916
449.25	0.2948
449.375	0.2955
449.5	0.2963
449.625	0.2971
449.75	0.2971
449.875	0.2971
450.0	0.2995
450.125	0.3003
450.25	0.305
450.375	0.3073
450.5	0.3097
450.625	0.3144
450.75	0.3136
450.875	0.316
451.0	0.3152
451.125	0.3089
451.25	0.3042
451.375	0.3018
451.5	0.3011
451.625	0.2932
451.75	0.2877
451.875	0.283
452.0	0.2775
452.125	0.2712
452.25	0.2665
452.375	0.2578
452.5	0.2523
452.625	0.2484
452.75	0.2452
452.875	0.2429
453.0	0.2429
453.125	0.2452
453.25	0.2389
453.375	0.2452
453.5	0.2405
453.625	0.2382
453.75	0.2366
453.875	0.2382
454.0	0.2382
454.125	0.2389
454.25	0.2405
454.375	0.2405
454.5	0.2405
454.625	0.2397
454.75	0.2405
454.875	0.2374
455.0	0.2405
455.125	0.2405
455.25	0.2476
455.375	0.2547
455.5	0.2617
455.625	0.2688
455.75	0.2798
455.875	0.2869
456.0	0.2924
456.125	0.3018
456.25	0.3018
456.375	0.2995
456.5	0.2995
456.625	0.2971
456.75	0.2979
456.875	0.2948
457.0	0.2916
457.125	0.2838
457.25	0.2798
457.375	0.2712
457.5	0.2602
457.625	0.2515
457.75	0.2437
457.875	0.2358
458.0	0.2311
458.125	0.2287
458.25	0.2311
458.375	0.2311
458.5	0.235
458.625	0.2382
458.75	0.2382
458.875	0.2374
459.0	0.2405
459.125	0.2429
459.25	0.2476
459.375	0.2452
459.5	0.2429
459.625	0.2444
459.75	0.2444
459.875	0.2484
460.0	0.2484
460.125	0.2484
460.25	0.2468
460.375	0.2492
460.5	0.2492
460.625	0.25
460.75	0.25
460.875	0.2562
461.0	0.2617
461.125	0.2594
461.25	0.2617
461.375	0.2641
461.5	0.2625
461.625	0.2641
461.75	0.2665
461.875	0.2633
462.0	0.2641
462.125	0.2633
462.25	0.2641
462.375	0.261
462.5	0.2586
462.625	0.2539
462.75	0.2547
462.875	0.2476
463.0	0.2421
463.125	0.2397
463.25	0.2374
463.375	0.2319
463.5	0.2311
463.625	0.2272
463.75	0.2311
463.875	0.2287
464.0	0.2279
464.125	0.2264
464.25	0.2264
464.375	0.2279
464.5	0.2287
464.625	0.2327
464.75	0.2358
464.875	0.2358
465.0	0.2389
465.125	0.235
465.25	0.2358
465.375	0.2334
465.5	0.2374
465.625	0.235
465.75	0.2358
465.875	0.2334
466.0	0.2311
466.125	0.2303
466.25	0.2287
466.375	0.2264
466.5	0.2264
466.625	0.2248
466.75	0.2201
466.875	0.2216
467.0	0.2216
467.125	0.2201
467.25	0.2209
467.375	0.2193
467.5	0.2216
467.625	0.2216
467.75	0.2216
467.875	0.2177
468.0	0.2193
468.125	0.2209
468.25	0.2216
468.375	0.2216
468.5	0.2185
468.625	0.2177
468.75	0.2185
468.875	0.2193
469.0	0.2185
469.125	0.2201
469.25	0.2224
469.375	0.2216
469.5	0.2216
469.625	0.224
469.75	0.2216
469.875	0.2256
470.0	0.2224
470.125	0.2232
470.25	0.2216
470.375	0.2264
470.5	0.2264
470.625	0.2256
470.75	0.2264
470.875	0.2216
471.0	0.2272
471.125	0.2264
471.25	0.2287
471.375	0.2287
471.5	0.2366
471.625	0.235
471.75	0.2366
471.875	0.2397
472.0	0.2429
472.125	0.2452
472.25	0.2476
472.375	0.2539
472.5	0.2531
472.625	0.257
472.75	0.2602
472.875	0.2633
473.0	0.2665
473.125	0.2688
473.25	0.2751
473.375	0.2845
473.5	0.2877
473.625	0.2916
473.75	0.2979
473.875	0.3026
474.0	0.3089
474.125	0.3168
474.25	0.3262
474.375	0.3349
474.5	0.3459
474.625	0.3569
474.75	0.3694
474.875	0.3805
475.0	0.3985
475.125	0.408
475.25	0.4229
475.375	0.4386
475.5	0.4504
475.625	0.463
475.75	0.4724
475.875	0.4811
476.0	0.4811
476.125	0.4779
476.25	0.4709
476.375	0.4599
476.5	0.4426
476.625	0.4261
476.75	0.4119
476.875	0.3954
477.0	0.3742
477.125	0.3553
477.25	0.3396
477.375	0.3207
477.5	0.3018
477.625	0.2869
477.75	0.2838
477.875	0.3223
478.0	0.4575
478.125	0.7429
478.25	1.2759
478.375	2.1218
478.5	3.2287
478.625	4.3384
478.75	4.7292
478.875	4.7315
479.0	4.7307
479.125	4.7307
479.25	4.7292
479.375	4.7315
479.5	4.73
479.625	4.7284
479.75	4.7323
479.875	4.73
480.0	4.7307
480.125	4.73
480.25	4.7307
480.375	4.7307
480.5	4.73
480.625	4.7307
480.75	3.0338
480.875	1.1949
481.0	0.5825
481.125	0.3726
481.25	0.2948
481.375	0.261
481.5	0.2437
481.625	0.2358
481.75	0.2311
481.875	0.2311
482.0	0.2264
482.125	0.2264
482.25	0.2272
482.375	0.2264
482.5	0.2264
482.625	0.2264
482.75	0.2264
482.875	0.2216
483.0	0.2224
483.125	0.2256
483.25	0.2256
483.375	0.2209
483.5	0.2209
483.625	0.2216
483.75	0.2209
483.875	0.2161
484.0	0.2169
484.125	0.2177
484.25	0.2169
484.375	0.2185
484.5	0.2216
484.625	0.2193
484.75	0.2201
484.875	0.2193
485.0	0.2209
485.125	0.224
485.25	0.2287
485.375	0.2311
485.5	0.2358
485.625	0.2389
485.75	0.2429
485.875	0.2531
486.0	0.2547
486.125	0.2586
486.25	0.261
486.375	0.261
486.5	0.2641
486.625	0.261
486.75	0.2602
486.875	0.2523
487.0	0.25
487.125	0.2444
487.25	0.2374
487.375	0.2311
487.5	0.2272
487.625	0.2177
487.75	0.2154
487.875	0.2091
488.0	0.2059
488.125	0.2075
488.25	0.2083
488.375	0.2051
488.5	0.2075
488.625	0.2044
488.75	0.2044
488.875	0.2028
489.0	0.2028
489.125	0.2059
489.25	0.2051
489.375	0.2067
489.5	0.2122
489.625	0.213
489.75	0.213
489.875	0.2146
490.0	0.2122
490.125	0.2122
490.25	0.2122
490.375	0.2161
490.5	0.2169
490.625	0.2161
490.75	0.2161
490.875	0.2122
491.0	0.2099
491.125	0.2099
491.25	0.2075
491.375	0.2075
491.5	0.2051
491.625	0.1996
491.75	0.1988
491.875	0.2028
492.0	0.1988
492.125	0.1981
492.25	0.2012
492.375	0.2028
492.5	0.1996
492.625	0.2012
492.75	0.1996
492.875	0.2028
493.0	0.2051
493.125	0.2106
493.25	0.2106
493.375	0.2106
493.5	0.2122
493.625	0.2122
493.75	0.2169
493.875	0.2185
494.0	0.2216
494.125	0.2216
494.25	0.2216
494.375	0.2209
494.5	0.2201
494.625	0.2201
494.75	0.2138
494.875	0.2154
495.0	0.213
495.125	0.2138
495.25	0.2122
495.375	0.2106
495.5	0.2075
495.625	0.2044
495.75	0.2036
495.875	0.2051
496.0	0.2036
496.125	0.2028
496.25	0.2036
496.375	0.2091
496.5	0.2075
496.625	0.2091
496.75	0.2122
496.875	0.2122
497.0	0.2114
497.125	0.213
497.25	0.2138
497.375	0.2185
497.5	0.2193
497.625	0.2185
497.75	0.2209
497.875	0.2193
498.0	0.2216
498.125	0.2256
498.25	0.2216
498.375	0.2216
498.5	0.2264
498.625	0.2216
498.75	0.2279
498.875	0.2279
499.0	0.2295
499.125	0.2287
499.25	0.2303
499.375	0.2311
499.5	0.2319
499.625	0.2319
499.75	0.2319
499.875	0.2311
