300.0	0.0471
300.125	0.0471
300.25	0.0448
300.375	0.044
300.5	0.0471
300.625	0.0448
300.75	0.0455
300.875	0.0424
301.0	0.0448
301.125	0.0455
301.25	0.0448
301.375	0.044
301.5	0.0424
301.625	0.044
301.75	0.0455
301.875	0.0424
302.0	0.0471
302.125	0.0471
302.25	0.0432
302.375	0.0432
302.5	0.0424
302.625	0.0455
302.75	0.0463
302.875	0.0455
303.0	0.0463
303.125	0.0432
303.25	0.0463
303.375	0.044
303.5	0.044
303.625	0.0455
303.75	0.0416
303.875	0.0424
304.0	0.0432
304.125	0.0455
304.25	0.0432
304.375	0.0463
304.5	0.0448
304.625	0.044
304.75	0.0432
304.875	0.0432
305.0	0.044
305.125	0.0455
305.25	0.0471
305.375	0.0471
305.5	0.0448
305.625	0.0448
305.75	0.0463
305.875	0.0448
306.0	0.044
306.125	0.0432
306.25	0.044
306.375	0.0432
306.5	0.0448
306.625	0.0432
306.75	0.0432
306.875	0.0448
307.0	0.0471
307.125	0.0424
307.25	0.0416
307.375	0.0424
307.5	0.0424
307.625	0.0432
307.75	0.0432
307.875	0.0463
308.0	0.0432
308.125	0.044
308.25	0.0424
308.375	0.044
308.5	0.0424
308.625	0.0424
308.75	0.044
308.875	0.044
309.0	0.0471
309.125	0.0455
309.25	0.0455
309.375	0.0424
309.5	0.0424
309.625	0.044
309.75	0.0432
309.875	0.0432
310.0	0.0448
310.125	0.0432
310.25	0.044
310.375	0.044
310.5	0.0463
310.625	0.0471
310.75	0.0471
310.875	0.0455
311.0	0.044
311.125	0.0448
311.25	0.044
311.375	0.0448
311.5	0.0455
311.625	0.0424
311.75	0.0463
311.875	0.0455
312.0	0.0471
312.125	0.0463
312.25	0.0455
312.375	0.0424
312.5	0.0432
312.625	0.0432
312.75	0.0455
312.875	0.0471
313.0	0.0455
313.125	0.0448
313.25	0.0463
313.375	0.0448
313.5	0.0463
313.625	0.0463
313.75	0.044
313.875	0.0471
314.0	0.0471
314.125	0.0455
314.25	0.0448
314.375	0.044
314.5	0.0432
314.625	0.044
314.75	0.0432
314.875	0.0448
315.0	0.0424
315.125	0.0432
315.25	0.0471
315.375	0.0448
315.5	0.0448
315.625	0.044
315.75	0.0448
315.875	0.0424
316.0	0.0424
316.125	0.0448
316.25	0.0455
316.375	0.0432
316.5	0.044
316.625	0.0455
316.75	0.044
316.875	0.044
317.0	0.0463
317.125	0.0455
317.25	0.0455
317.375	0.0471
317.5	0.0455
317.625	0.0471
317.75	0.0448
317.875	0.0448
318.0	0.0424
318.125	0.044
318.25	0.0416
318.375	0.0424
318.5	0.0424
318.625	0.0424
318.75	0.0424
318.875	0.0471
319.0	0.0455
319.125	0.0455
319.25	0.0455
319.375	0.044
319.5	0.0448
319.625	0.044
319.75	0.0424
319.875	0.0463
320.0	0.0448
320.125	0.0432
320.25	0.0448
320.375	0.0455
320.5	0.0448
320.625	0.0448
320.75	0.0455
320.875	0.0455
321.0	0.044
321.125	0.044
321.25	0.044
321.375	0.044
321.5	0.044
321.625	0.0448
321.75	0.0463
321.875	0.0463
322.0	0.0424
322.125	0.0471
322.25	0.044
322.375	0.0448
322.5	0.0463
322.625	0.0463
322.75	0.0455
322.875	0.0432
323.0	0.0455
323.125	0.0448
323.25	0.044
323.375	0.0424
323.5	0.0432
323.625	0.0432
323.75	0.0448
323.875	0.044
324.0	0.044
324.125	0.0448
324.25	0.0455
324.375	0.044
324.5	0.0455
324.625	0.0424
324.75	0.0424
324.875	0.0448
325.0	0.0455
325.125	0.0471
325.25	0.0471
325.375	0.0455
325.5	0.0471
325.625	0.0479
325.75	0.0432
325.875	0.0448
326.0	0.0448
326.125	0.0448
326.25	0.0448
326.375	0.044
326.5	0.0448
326.625	0.0455
326.75	0.0455
326.875	0.0432
327.0	0.044
327.125	0.044
327.25	0.0455
327.375	0.0424
327.5	0.0432
327.625	0.0432
327.75	0.0416
327.875	0.0424
328.0	0.0424
328.125	0.0424
328.25	0.0432
328.375	0.0424
328.5	0.044
328.625	0.0432
328.75	0.0432
328.875	0.0432
329.0	0.0448
329.125	0.0424
329.25	0.0448
329.375	0.0463
329.5	0.044
329.625	0.0424
329.75	0.0424
329.875	0.0432
330.0	0.0424
330.125	0.0424
330.25	0.0424
330.375	0.0432
330.5	0.0424
330.625	0.044
330.75	0.044
330.875	0.0448
331.0	0.0471
331.125	0.0432
331.25	0.0424
331.375	0.044
331.5	0.0432
331.625	0.0424
331.75	0.0432
331.875	0.0455
332.0	0.0463
332.125	0.0448
332.25	0.0424
332.375	0.0432
332.5	0.0424
332.625	0.0432
332.75	0.044
332.875	0.044
333.0	0.0424
333.125	0.0432
333.25	0.0424
333.375	0.0455
333.5	0.044
333.625	0.0432
333.75	0.0432
333.875	0.0463
334.0	0.044
334.125	0.0471
334.25	0.0448
334.375	0.0455
334.5	0.044
334.625	0.0424
334.75	0.044
334.875	0.0448
335.0	0.0455
335.125	0.044
335.25	0.0455
335.375	0.0455
335.5	0.0463
335.625	0.044
335.75	0.044
335.875	0.0471
336.0	0.0424
336.125	0.044
336.25	0.0424
336.375	0.044
336.5	0.0471
336.625	0.0463
336.75	0.0448
336.875	0.0424
337.0	0.044
337.125	0.0455
337.25	0.0432
337.375	0.0448
337.5	0.0424
337.625	0.044
337.75	0.0432
337.875	0.0424
338.0	0.0432
338.125	0.0448
338.25	0.0455
338.375	0.0455
338.5	0.0432
338.625	0.0424
338.75	0.0424
338.875	0.0448
339.0	0.0424
339.125	0.044
339.25	0.0471
339.375	0.0471
339.5	0.0463
339.625	0.0455
339.75	0.0471
339.875	0.0448
340.0	0.0455
340.125	0.044
340.25	0.0416
340.375	0.0424
340.5	0.044
340.625	0.0432
340.75	0.0471
340.875	0.0471
341.0	0.0448
341.125	0.0463
341.25	0.0424
341.375	0.0432
341.5	0.0432
341.625	0.044
341.75	0.0424
341.875	0.0424
342.0	0.0424
342.125	0.0455
342.25	0.0463
342.375	0.0471
342.5	0.0463
342.625	0.0448
342.75	0.0463
342.875	0.0448
343.0	0.0448
343.125	0.0455
343.25	0.0432
343.375	0.044
343.5	0.0448
343.625	0.044
343.75	0.0448
343.875	0.0455
344.0	0.0448
344.125	0.0471
344.25	0.0448
344.375	0.044
344.5	0.0448
344.625	0.0416
344.75	0.044
344.875	0.0448
345.0	0.0455
345.125	0.044
345.25	0.0424
345.375	0.0424
345.5	0.0448
345.625	0.044
345.75	0.044
345.875	0.0448
346.0	0.0424
346.125	0.0455
346.25	0.0463
346.375	0.0448
346.5	0.0455
346.625	0.044
346.75	0.0424
346.875	0.0424
347.0	0.044
347.125	0.0448
347.25	0.0455
347.375	0.0463
347.5	0.0448
347.625	0.0463
347.75	0.0432
347.875	0.0448
348.0	0.0424
348.125	0.0448
348.25	0.044
348.375	0.0448
348.5	0.0448
348.625	0.0463
348.75	0.0471
348.875	0.0471
349.0	0.0455
349.125	0.0471
349.25	0.0463
349.375	0.0448
349.5	0.0471
349.625	0.0471
349.75	0.0471
349.875	0.0455
350.0	0.0455
350.125	0.0471
350.25	0.0455
350.375	0.0432
350.5	0.0424
350.625	0.0463
350.75	0.0463
350.875	0.0455
351.0	0.044
351.125	0.044
351.25	0.0455
351.375	0.0471
351.5	0.044
351.625	0.044
351.75	0.0463
351.875	0.0448
352.0	0.0455
352.125	0.0432
352.25	0.0448
352.375	0.0471
352.5	0.0463
352.625	0.0455
352.75	0.0455
352.875	0.0448
353.0	0.0432
353.125	0.0471
353.25	0.0471
353.375	0.044
353.5	0.044
353.625	0.0448
353.75	0.0432
353.875	0.0424
354.0	0.0424
354.125	0.0448
354.25	0.0432
354.375	0.0424
354.5	0.044
354.625	0.044
354.75	0.0448
354.875	0.0455
355.0	0.0432
355.125	0.0432
355.25	0.0424
355.375	0.044
355.5	0.044
355.625	0.0479
355.75	0.0471
355.875	0.0455
356.0	0.0471
356.125	0.0463
356.25	0.0448
356.375	0.0432
356.5	0.0455
356.625	0.0448
356.75	0.0455
356.875	0.0463
357.0	0.0455
357.125	0.0455
357.25	0.0463
357.375	0.0448
357.5	0.044
357.625	0.0448
357.75	0.0463
357.875	0.0471
358.0	0.0455
358.125	0.044
358.25	0.044
358.375	0.0424
358.5	0.0424
358.625	0.0455
358.75	0.0448
358.875	0.0448
359.0	0.0424
359.125	0.0424
359.25	0.0463
359.375	0.0455
359.5	0.0455
359.625	0.0432
359.75	0.044
359.875	0.0432
360.0	0.0455
360.125	0.0448
360.25	0.0463
360.375	0.0471
360.5	0.0471
360.625	0.0471
360.75	0.0471
360.875	0.0463
361.0	0.0463
361.125	0.0471
361.25	0.0471
361.375	0.0455
361.5	0.0448
361.625	0.0448
361.75	0.0471
361.875	0.0479
362.0	0.0471
362.125	0.0471
362.25	0.0471
362.375	0.0479
362.5	0.0471
362.625	0.0479
362.75	0.0479
362.875	0.0479
363.0	0.0479
363.125	0.0471
363.25	0.0487
363.375	0.0495
363.5	0.0479
363.625	0.0471
363.75	0.0448
363.875	0.0455
364.0	0.0463
364.125	0.0463
364.25	0.0487
364.375	0.0471
364.5	0.0455
364.625	0.0479
364.75	0.0463
364.875	0.0471
365.0	0.0463
365.125	0.0432
365.25	0.0455
365.375	0.0455
365.5	0.0471
365.625	0.0448
365.75	0.0448
365.875	0.0471
366.0	0.0471
366.125	0.044
366.25	0.0471
366.375	0.0479
366.5	0.0471
366.625	0.0463
366.75	0.0455
366.875	0.0455
367.0	0.0463
367.125	0.0455
367.25	0.044
367.375	0.0463
367.5	0.0455
367.625	0.0448
367.75	0.0448
367.875	0.0471
368.0	0.0448
368.125	0.044
368.25	0.0424
368.375	0.0424
368.5	0.044
368.625	0.0424
368.75	0.0424
368.875	0.04
369.0	0.0424
369.125	0.0448
369.25	0.0432
369.375	0.0424
369.5	0.0432
369.625	0.0424
369.75	0.0424
369.875	0.0448
370.0	0.044
370.125	0.0424
370.25	0.0448
370.375	0.0448
370.5	0.044
370.625	0.0471
370.75	0.0463
370.875	0.0448
371.0	0.0455
371.125	0.0455
371.25	0.0463
371.375	0.0455
371.5	0.0455
371.625	0.0463
371.75	0.0448
371.875	0.0463
372.0	0.0471
372.125	0.0471
372.25	0.0448
372.375	0.0448
372.5	0.044
372.625	0.0432
372.75	0.044
372.875	0.044
373.0	0.0448
373.125	0.0463
373.25	0.0448
373.375	0.0432
373.5	0.0448
373.625	0.0432
373.75	0.0424
373.875	0.0432
374.0	0.0448
374.125	0.0455
374.25	0.0424
374.375	0.0424
374.5	0.044
374.625	0.0463
374.75	0.0455
374.875	0.0471
375.0	0.0471
375.125	0.0463
375.25	0.0432
375.375	0.044
375.5	0.0424
375.625	0.0424
375.75	0.0424
375.875	0.0448
376.0	0.0463
376.125	0.0471
376.25	0.0471
376.375	0.0471
376.5	0.0455
376.625	0.0448
376.75	0.0463
376.875	0.044
377.0	0.0471
377.125	0.0471
377.25	0.0471
377.375	0.0471
377.5	0.0455
377.625	0.0448
377.75	0.0432
377.875	0.0463
378.0	0.0463
378.125	0.0463
378.25	0.0455
378.375	0.0432
378.5	0.044
378.625	0.044
378.75	0.0424
378.875	0.0416
379.0	0.0424
379.125	0.0424
379.25	0.044
379.375	0.0455
379.5	0.0455
379.625	0.0463
379.75	0.0455
379.875	0.0448
380.0	0.0471
380.125	0.0471
380.25	0.0432
380.375	0.0432
380.5	0.044
380.625	0.0463
380.75	0.0432
380.875	0.0448
381.0	0.0448
381.125	0.0471
381.25	0.0471
381.375	0.0518
381.5	0.0534
381.625	0.0566
381.75	0.0581
381.875	0.0613
382.0	0.0652
382.125	0.0652
382.25	0.0668
382.375	0.0699
382.5	0.0707
382.625	0.0723
382.75	0.0707
382.875	0.0707
383.0	0.0731
383.125	0.0707
383.25	0.066
383.375	0.0628
383.5	0.0573
383.625	0.0566
383.75	0.0526
383.875	0.055
384.0	0.0487
384.125	0.0479
384.25	0.0463
384.375	0.0471
384.5	0.0424
384.625	0.0455
384.75	0.044
384.875	0.0424
385.0	0.0424
385.125	0.0448
385.25	0.0448
385.375	0.0455
385.5	0.044
385.625	0.0471
385.75	0.0463
385.875	0.044
386.0	0.0448
386.125	0.0448
386.25	0.0463
386.375	0.0455
386.5	0.0471
386.625	0.0424
386.75	0.0424
386.875	0.0416
387.0	0.0471
387.125	0.0471
387.25	0.0455
387.375	0.044
387.5	0.0448
387.625	0.0463
387.75	0.0463
387.875	0.0432
388.0	0.0432
388.125	0.0424
388.25	0.0424
388.375	0.0424
388.5	0.0432
388.625	0.0448
388.75	0.044
388.875	0.0424
389.0	0.0448
389.125	0.0455
389.25	0.0463
389.375	0.0463
389.5	0.0455
389.625	0.0455
389.75	0.0479
389.875	0.0471
390.0	0.0471
390.125	0.0424
390.25	0.0455
390.375	0.044
390.5	0.0424
390.625	0.0455
390.75	0.0463
390.875	0.0448
391.0	0.0471
391.125	0.0471
391.25	0.0455
391.375	0.0463
391.5	0.0448
391.625	0.0463
391.75	0.0471
391.875	0.0448
392.0	0.0463
392.125	0.0424
392.25	0.044
392.375	0.0471
392.5	0.0463
392.625	0.0463
392.75	0.0471
392.875	0.0463
393.0	0.0463
393.125	0.0455
393.25	0.0463
393.375	0.0471
393.5	0.0463
393.625	0.0455
393.75	0.0455
393.875	0.0463
394.0	0.0487
394.125	0.0471
394.25	0.0455
394.375	0.0448
394.5	0.0448
394.625	0.0424
394.75	0.0424
394.875	0.0448
395.0	0.044
395.125	0.0471
395.25	0.0463
395.375	0.044
395.5	0.0448
395.625	0.0448
395.75	0.0455
395.875	0.0471
396.0	0.0471
396.125	0.0455
396.25	0.0471
396.375	0.0463
396.5	0.0471
396.625	0.0448
396.75	0.0448
396.875	0.0432
397.0	0.0471
397.125	0.0432
397.25	0.0424
397.375	0.0424
397.5	0.0424
397.625	0.0424
397.75	0.0448
397.875	0.044
398.0	0.044
398.125	0.044
398.25	0.0471
398.375	0.0455
398.5	0.044
398.625	0.0424
398.75	0.0455
398.875	0.0448
399.0	0.0432
399.125	0.0448
399.25	0.0455
399.375	0.0455
399.5	0.0432
399.625	0.044
399.75	0.0424
399.875	0.0448
400.0	0.044
400.125	0.0432
400.25	0.0424
400.375	0.0416
400.5	0.044
400.625	0.044
400.75	0.0432
400.875	0.0448
401.0	0.0463
401.125	0.0463
401.25	0.044
401.375	0.0455
401.5	0.0455
401.625	0.0463
401.75	0.0471
401.875	0.0463
402.0	0.0432
402.125	0.0424
402.25	0.044
402.375	0.0455
402.5	0.0471
402.625	0.044
402.75	0.0424
402.875	0.0432
403.0	0.0448
403.125	0.0448
403.25	0.0424
403.375	0.0455
403.5	0.0455
403.625	0.0463
403.75	0.0432
403.875	0.044
404.0	0.0448
404.125	0.0448
404.25	0.044
404.375	0.0432
404.5	0.0455
404.625	0.0471
404.75	0.0455
404.875	0.0471
405.0	0.0471
405.125	0.0424
405.25	0.0424
405.375	0.0432
405.5	0.0471
405.625	0.0471
405.75	0.0463
405.875	0.0448
406.0	0.0432
406.125	0.0455
406.25	0.0448
406.375	0.0471
406.5	0.0455
406.625	0.0432
406.75	0.0471
406.875	0.0471
407.0	0.0471
407.125	0.0455
407.25	0.0424
407.375	0.0432
407.5	0.0432
407.625	0.0455
407.75	0.0455
407.875	0.0432
408.0	0.0471
408.125	0.0463
408.25	0.0455
408.375	0.0455
408.5	0.044
408.625	0.0455
408.75	0.0455
408.875	0.0448
409.0	0.0455
409.125	0.0455
409.25	0.0448
409.375	0.0424
409.5	0.0424
409.625	0.0416
409.75	0.0424
409.875	0.0463
410.0	0.0448
410.125	0.044
410.25	0.0424
410.375	0.0424
410.5	0.0424
410.625	0.0424
410.75	0.0463
410.875	0.0471
411.0	0.0448
411.125	0.0455
411.25	0.0455
411.375	0.044
411.5	0.0455
411.625	0.0424
411.75	0.0448
411.875	0.0455
412.0	0.0463
412.125	0.0448
412.25	0.0463
412.375	0.0463
412.5	0.044
412.625	0.0424
412.75	0.0471
412.875	0.0455
413.0	0.0463
413.125	0.0455
413.25	0.044
413.375	0.0455
413.5	0.0455
413.625	0.0455
413.75	0.0448
413.875	0.0424
414.0	0.044
414.125	0.0424
414.25	0.0424
414.375	0.0432
414.5	0.0424
414.625	0.044
414.75	0.0455
414.875	0.0463
415.0	0.0455
415.125	0.0455
415.25	0.0455
415.375	0.0424
415.5	0.0424
415.625	0.0432
415.75	0.0432
415.875	0.0432
416.0	0.044
416.125	0.0424
416.25	0.0455
416.375	0.0448
416.5	0.0455
416.625	0.044
416.75	0.0463
416.875	0.0455
417.0	0.0455
417.125	0.0432
417.25	0.044
417.375	0.0455
417.5	0.044
417.625	0.0424
417.75	0.0424
417.875	0.0424
418.0	0.0455
418.125	0.0455
418.25	0.0432
418.375	0.0455
418.5	0.0424
418.625	0.0432
418.75	0.044
418.875	0.0448
419.0	0.0424
419.125	0.044
419.25	0.0448
419.375	0.0432
419.5	0.0455
419.625	0.044
419.75	0.0463
419.875	0.0463
420.0	0.0448
420.125	0.0448
420.25	0.044
420.375	0.044
420.5	0.0455
420.625	0.0455
420.75	0.0455
420.875	0.0463
421.0	0.0463
421.125	0.0448
421.25	0.0463
421.375	0.0455
421.5	0.0448
421.625	0.0471
421.75	0.0463
421.875	0.0463
422.0	0.0455
422.125	0.0471
422.25	0.0463
422.375	0.0432
422.5	0.0455
422.625	0.0463
422.75	0.0448
422.875	0.0455
423.0	0.0471
423.125	0.044
423.25	0.0463
423.375	0.0455
423.5	0.0455
423.625	0.0455
423.75	0.0463
423.875	0.044
424.0	0.0448
424.125	0.0455
424.25	0.0471
424.375	0.0463
424.5	0.0463
424.625	0.0471
424.75	0.0455
424.875	0.0463
425.0	0.0471
425.125	0.0471
425.25	0.0455
425.375	0.0455
425.5	0.0455
425.625	0.0424
425.75	0.0448
425.875	0.0424
426.0	0.0455
426.125	0.0448
426.25	0.0471
426.375	0.0455
426.5	0.0455
426.625	0.0424
426.75	0.044
426.875	0.044
427.0	0.0471
427.125	0.0455
427.25	0.044
427.375	0.0424
427.5	0.0455
427.625	0.0455
427.75	0.044
427.875	0.0424
428.0	0.0455
428.125	0.0432
428.25	0.0463
428.375	0.0448
428.5	0.0455
428.625	0.0455
428.75	0.0448
428.875	0.0432
429.0	0.0424
429.125	0.0424
429.25	0.0432
429.375	0.0424
429.5	0.0455
429.625	0.0448
429.75	0.0448
429.875	0.0424
430.0	0.0432
430.125	0.0432
430.25	0.0448
430.375	0.0432
430.5	0.044
430.625	0.044
430.75	0.0448
430.875	0.0424
431.0	0.0424
431.125	0.044
431.25	0.0471
431.375	0.044
431.5	0.0432
431.625	0.044
431.75	0.044
431.875	0.044
432.0	0.0448
432.125	0.0455
432.25	0.0424
432.375	0.0455
432.5	0.0471
432.625	0.0455
432.75	0.0471
432.875	0.0471
433.0	0.0471
433.125	0.0471
433.25	0.0471
433.375	0.0471
433.5	0.0463
433.625	0.0448
433.75	0.0471
433.875	0.0432
434.0	0.044
434.125	0.0463
434.25	0.0455
434.375	0.0455
434.5	0.0455
434.625	0.0455
434.75	0.0432
434.875	0.0424
435.0	0.0424
435.125	0.0448
435.25	0.0455
435.375	0.0471
435.5	0.0455
435.625	0.0455
435.75	0.0471
435.875	0.0471
436.0	0.0463
436.125	0.0432
436.25	0.0455
436.375	0.0471
436.5	0.0463
436.625	0.0448
436.75	0.0463
436.875	0.0455
437.0	0.0471
437.125	0.0448
437.25	0.044
437.375	0.0432
437.5	0.0463
437.625	0.0471
437.75	0.044
437.875	0.0448
438.0	0.0424
438.125	0.0471
438.25	0.0448
438.375	0.0424
438.5	0.0424
438.625	0.0455
438.75	0.0432
438.875	0.0455
439.0	0.0432
439.125	0.0448
439.25	0.0463
439.375	0.0471
439.5	0.0471
439.625	0.0479
439.75	0.0511
439.875	0.0526
440.0	0.0534
440.125	0.055
440.25	0.0542
440.375	0.0534
440.5	0.055
440.625	0.0566
440.75	0.0542
440.875	0.055
441.0	0.0558
441.125	0.0558
441.25	0.0503
441.375	0.0487
441.5	0.0479
441.625	0.0479
441.75	0.0463
441.875	0.0455
442.0	0.0463
442.125	0.0432
442.25	0.0424
442.375	0.0432
442.5	0.0432
442.625	0.0455
442.75	0.0448
442.875	0.0463
443.0	0.044
443.125	0.0471
443.25	0.0424
443.375	0.044
443.5	0.0448
443.625	0.0424
443.75	0.044
443.875	0.0448
444.0	0.0463
444.125	0.0455
444.25	0.0463
444.375	0.0463
444.5	0.0424
444.625	0.044
444.75	0.0471
444.875	0.0455
445.0	0.0455
445.125	0.0432
445.25	0.044
445.375	0.0455
445.5	0.0463
445.625	0.0455
445.75	0.0432
445.875	0.0463
446.0	0.0471
446.125	0.044
446.25	0.0448
446.375	0.0448
446.5	0.0448
446.625	0.0448
446.75	0.0463
446.875	0.0463
447.0	0.0471
447.125	0.0463
447.25	0.044
447.375	0.0455
447.5	0.0471
447.625	0.0448
447.75	0.0471
447.875	0.0448
448.0	0.0471
448.125	0.044
448.25	0.0448
448.375	0.0448
448.5	0.0432
448.625	0.0448
448.75	0.0471
448.875	0.0463
449.0	0.0463
449.125	0.0479
449.25	0.044
449.375	0.0448
449.5	0.0463
449.625	0.0463
449.75	0.0455
449.875	0.0463
450.0	0.0455
450.125	0.0432
450.25	0.044
450.375	0.0471
450.5	0.0471
450.625	0.0463
450.75	0.0463
450.875	0.0432
451.0	0.0471
451.125	0.0471
451.25	0.0448
451.375	0.0448
451.5	0.044
451.625	0.044
451.75	0.044
451.875	0.0432
452.0	0.0463
452.125	0.0455
452.25	0.0448
452.375	0.0432
452.5	0.0424
452.625	0.0424
452.75	0.0432
452.875	0.0424
453.0	0.0432
453.125	0.0448
453.25	0.0448
453.375	0.0463
453.5	0.0463
453.625	0.0471
453.75	0.0471
453.875	0.0479
454.0	0.0455
454.125	0.0432
454.25	0.0448
454.375	0.0455
454.5	0.0471
454.625	0.0471
454.75	0.0471
454.875	0.0463
455.0	0.0471
455.125	0.0455
455.25	0.044
455.375	0.044
455.5	0.044
455.625	0.0463
455.75	0.044
455.875	0.0455
456.0	0.044
456.125	0.0471
456.25	0.0479
456.375	0.0455
456.5	0.044
456.625	0.0455
456.75	0.0471
456.875	0.0471
457.0	0.0455
457.125	0.0455
457.25	0.0471
457.375	0.0471
457.5	0.0448
457.625	0.0448
457.75	0.0448
457.875	0.0471
458.0	0.0432
458.125	0.0471
458.25	0.0463
458.375	0.044
458.5	0.0471
458.625	0.0455
458.75	0.044
458.875	0.0471
459.0	0.0471
459.125	0.0455
459.25	0.0455
459.375	0.0463
459.5	0.0471
459.625	0.0455
459.75	0.0455
459.875	0.0471
460.0	0.0463
460.125	0.0448
460.25	0.0455
460.375	0.0448
460.5	0.0463
460.625	0.0463
460.75	0.0471
460.875	0.0455
461.0	0.0471
461.125	0.0471
461.25	0.0471
461.375	0.0448
461.5	0.0463
461.625	0.044
461.75	0.0448
461.875	0.0471
462.0	0.0471
462.125	0.0471
462.25	0.0471
462.375	0.0463
462.5	0.0471
462.625	0.0448
462.75	0.0463
462.875	0.0455
463.0	0.0455
463.125	0.0503
463.25	0.0471
463.375	0.0471
463.5	0.0471
463.625	0.0479
463.75	0.0463
463.875	0.0471
464.0	0.0471
464.125	0.0479
464.25	0.0511
464.375	0.0471
464.5	0.0471
464.625	0.0471
464.75	0.0487
464.875	0.0471
465.0	0.0471
465.125	0.0479
465.25	0.0479
465.375	0.0471
465.5	0.0471
465.625	0.0471
465.75	0.0471
465.875	0.0471
466.0	0.0479
466.125	0.0471
466.25	0.0455
466.375	0.0463
466.5	0.0479
466.625	0.0471
466.75	0.0455
466.875	0.0432
467.0	0.0424
467.125	0.0448
467.25	0.0471
467.375	0.0471
467.5	0.0487
467.625	0.0495
467.75	0.0487
467.875	0.0471
468.0	0.0471
468.125	0.0448
468.25	0.0471
468.375	0.0455
468.5	0.0448
468.625	0.0455
468.75	0.0471
468.875	0.0455
469.0	0.0432
469.125	0.0463
469.25	0.0471
469.375	0.0487
469.5	0.0471
469.625	0.0471
469.75	0.0471
469.875	0.0471
470.0	0.0471
470.125	0.0471
470.25	0.0455
470.375	0.0455
470.5	0.0463
470.625	0.0471
470.75	0.0471
470.875	0.0448
471.0	0.044
471.125	0.0471
471.25	0.0471
471.375	0.0471
471.5	0.0471
471.625	0.0463
471.75	0.0471
471.875	0.0471
472.0	0.044
472.125	0.0448
472.25	0.044
472.375	0.0471
472.5	0.0471
472.625	0.0455
472.75	0.0448
472.875	0.0463
473.0	0.0463
473.125	0.0471
473.25	0.0463
473.375	0.0471
473.5	0.0471
473.625	0.0471
473.75	0.0463
473.875	0.0448
474.0	0.0455
474.125	0.0463
474.25	0.0463
474.375	0.044
474.5	0.044
474.625	0.0424
474.75	0.0471
474.875	0.0471
475.0	0.0471
475.125	0.0455
475.25	0.0471
475.375	0.0471
475.5	0.0479
475.625	0.0455
475.75	0.0455
475.875	0.0471
476.0	0.0479
476.125	0.0487
476.25	0.0495
476.375	0.0471
476.5	0.0448
476.625	0.0463
476.75	0.0495
476.875	0.0487
477.0	0.0487
477.125	0.0471
477.25	0.0463
477.375	0.0424
477.5	0.0448
477.625	0.0455
477.75	0.0448
477.875	0.0463
478.0	0.0471
478.125	0.0471
478.25	0.0471
478.375	0.0463
478.5	0.0455
478.625	0.0463
478.75	0.0463
478.875	0.044
479.0	0.0471
479.125	0.0471
479.25	0.0471
479.375	0.0487
479.5	0.0471
479.625	0.0479
479.75	0.0471
479.875	0.0455
480.0	0.0448
480.125	0.0424
480.25	0.0463
480.375	0.0471
480.5	0.0479
480.625	0.0479
480.75	0.0487
480.875	0.0479
481.0	0.0479
481.125	0.0479
481.25	0.0455
481.375	0.0432
481.5	0.044
481.625	0.0455
481.75	0.0463
481.875	0.044
482.0	0.0471
482.125	0.0471
482.25	0.0471
482.375	0.0471
482.5	0.0455
482.625	0.0471
482.75	0.0455
482.875	0.0463
483.0	0.0463
483.125	0.0471
483.25	0.0463
483.375	0.0448
483.5	0.0463
483.625	0.0455
483.75	0.0471
483.875	0.0471
484.0	0.0455
484.125	0.0432
484.25	0.0448
484.375	0.0471
484.5	0.0487
484.625	0.0471
484.75	0.0487
484.875	0.0471
485.0	0.0487
485.125	0.0471
485.25	0.0448
485.375	0.0471
485.5	0.0463
485.625	0.0455
485.75	0.0463
485.875	0.0495
486.0	0.0479
486.125	0.0479
486.25	0.0479
486.375	0.0463
486.5	0.0479
486.625	0.0471
486.75	0.0463
486.875	0.0471
487.0	0.0471
487.125	0.0463
487.25	0.0471
487.375	0.0503
487.5	0.0471
487.625	0.0479
487.75	0.0471
487.875	0.0455
488.0	0.0471
488.125	0.044
488.25	0.0448
488.375	0.044
488.5	0.0463
488.625	0.0471
488.75	0.0471
488.875	0.0463
489.0	0.0471
489.125	0.0455
489.25	0.0455
489.375	0.0463
489.5	0.0448
489.625	0.0432
489.75	0.0479
489.875	0.0479
490.0	0.0471
490.125	0.0471
490.25	0.0471
490.375	0.0463
490.5	0.0471
490.625	0.0463
490.75	0.0471
490.875	0.0471
491.0	0.0471
491.125	0.0463
491.25	0.0424
491.375	0.0424
491.5	0.0455
491.625	0.044
491.75	0.0455
491.875	0.0471
492.0	0.0463
492.125	0.0448
492.25	0.0471
492.375	0.0455
492.5	0.0455
492.625	0.0463
492.75	0.0463
492.875	0.0471
493.0	0.0471
493.125	0.0463
493.25	0.0463
493.375	0.0471
493.5	0.0471
493.625	0.0455
493.75	0.0479
493.875	0.0487
494.0	0.0503
494.125	0.0503
494.25	0.0503
494.375	0.0503
494.5	0.0526
494.625	0.0534
494.75	0.0542
494.875	0.055
495.0	0.0542
495.125	0.0534
495.25	0.0518
495.375	0.0526
495.5	0.0518
495.625	0.0534
495.75	0.0518
495.875	0.0518
496.0	0.0495
496.125	0.0479
496.25	0.0471
496.375	0.0463
496.5	0.044
496.625	0.0471
496.75	0.0463
496.875	0.0455
497.0	0.0471
497.125	0.0463
497.25	0.0463
497.375	0.0471
497.5	0.0471
497.625	0.0471
497.75	0.0471
497.875	0.0471
498.0	0.0455
498.125	0.0471
498.25	0.0463
498.375	0.0463
498.5	0.0471
498.625	0.0471
498.75	0.0463
498.875	0.0471
499.0	0.0479
499.125	0.0471
499.25	0.0471
499.375	0.0471
499.5	0.0463
499.625	0.0463
499.75	0.0471
499.875	0.0471
500.0	0.0471
500.125	0.0479
500.25	0.0479
500.375	0.0471
500.5	0.0455
500.625	0.0463
500.75	0.0463
500.875	0.0463
501.0	0.0479
501.125	0.0455
501.25	0.0471
501.375	0.0463
501.5	0.0471
501.625	0.0471
501.75	0.0471
501.875	0.0479
502.0	0.0479
502.125	0.0471
502.25	0.0455
502.375	0.0463
502.5	0.0471
502.625	0.0487
502.75	0.0455
502.875	0.0455
503.0	0.044
503.125	0.0463
503.25	0.0448
503.375	0.0448
503.5	0.0455
503.625	0.0432
503.75	0.0463
503.875	0.0471
504.0	0.0448
504.125	0.0463
504.25	0.0455
504.375	0.0463
504.5	0.0448
504.625	0.0463
504.75	0.044
504.875	0.0471
505.0	0.0471
505.125	0.0471
505.25	0.0463
505.375	0.0471
505.5	0.044
505.625	0.0479
505.75	0.0471
505.875	0.0448
506.0	0.0448
506.125	0.0471
506.25	0.0455
506.375	0.0471
506.5	0.0479
506.625	0.0487
506.75	0.0463
506.875	0.0471
507.0	0.0448
507.125	0.0432
507.25	0.044
507.375	0.0463
507.5	0.0432
507.625	0.0448
507.75	0.0463
507.875	0.0479
508.0	0.0455
508.125	0.0487
508.25	0.0471
508.375	0.0463
508.5	0.0463
508.625	0.0448
508.75	0.0448
508.875	0.0448
509.0	0.0471
509.125	0.0471
509.25	0.0471
509.375	0.0448
509.5	0.0455
509.625	0.0448
509.75	0.0463
509.875	0.0455
510.0	0.0432
510.125	0.0471
510.25	0.0479
510.375	0.0455
510.5	0.0471
510.625	0.0455
510.75	0.0471
510.875	0.0487
511.0	0.0432
511.125	0.0471
511.25	0.0471
511.375	0.0463
511.5	0.0463
511.625	0.0471
511.75	0.0463
511.875	0.0471
512.0	0.0471
512.125	0.0432
512.25	0.0463
512.375	0.0455
512.5	0.0448
512.625	0.0432
512.75	0.0471
512.875	0.0471
513.0	0.0463
513.125	0.044
513.25	0.044
513.375	0.0471
513.5	0.0471
513.625	0.044
513.75	0.0448
513.875	0.0432
514.0	0.0471
514.125	0.0471
514.25	0.0448
514.375	0.0455
514.5	0.0455
514.625	0.0463
514.75	0.0479
514.875	0.0471
515.0	0.0471
515.125	0.0463
515.25	0.044
515.375	0.0471
515.5	0.0448
515.625	0.0455
515.75	0.0471
515.875	0.0455
516.0	0.0455
516.125	0.044
516.25	0.0424
516.375	0.0448
516.5	0.0455
516.625	0.0455
516.75	0.0455
516.875	0.0455
517.0	0.0471
517.125	0.0471
517.25	0.0471
517.375	0.0455
517.5	0.0448
517.625	0.0471
517.75	0.0479
517.875	0.0471
518.0	0.0463
518.125	0.0471
518.25	0.0471
518.375	0.0448
518.5	0.0463
518.625	0.0463
518.75	0.0471
518.875	0.0455
519.0	0.0463
519.125	0.0448
519.25	0.0448
519.375	0.0471
519.5	0.0471
519.625	0.0471
519.75	0.0455
519.875	0.0448
520.0	0.0455
520.125	0.0471
520.25	0.0471
520.375	0.0455
520.5	0.0463
520.625	0.0455
520.75	0.0448
520.875	0.044
521.0	0.0471
521.125	0.0463
521.25	0.0471
521.375	0.0455
521.5	0.0463
521.625	0.0432
521.75	0.0455
521.875	0.0455
522.0	0.0463
522.125	0.0479
522.25	0.0455
522.375	0.0463
522.5	0.0479
522.625	0.0471
522.75	0.0471
522.875	0.0432
523.0	0.0432
523.125	0.0448
523.25	0.0432
523.375	0.0463
523.5	0.0471
523.625	0.0479
523.75	0.0471
523.875	0.0487
524.0	0.0448
524.125	0.0455
524.25	0.0463
524.375	0.0471
524.5	0.0471
524.625	0.0432
524.75	0.0448
524.875	0.0455
525.0	0.0448
525.125	0.0463
525.25	0.0463
525.375	0.0455
525.5	0.0455
525.625	0.0455
525.75	0.0463
525.875	0.0455
526.0	0.0471
526.125	0.0471
526.25	0.0455
526.375	0.044
526.5	0.0448
526.625	0.044
526.75	0.0455
526.875	0.0448
527.0	0.0463
527.125	0.0471
527.25	0.0471
527.375	0.0424
527.5	0.0455
527.625	0.0471
527.75	0.0448
527.875	0.044
528.0	0.0448
528.125	0.0455
528.25	0.0471
528.375	0.0471
528.5	0.0455
528.625	0.0471
528.75	0.0471
528.875	0.0463
529.0	0.0463
529.125	0.0479
529.25	0.0448
529.375	0.0471
529.5	0.0455
529.625	0.0448
529.75	0.0471
529.875	0.0463
530.0	0.0448
530.125	0.0471
530.25	0.0471
530.375	0.0479
530.5	0.0471
530.625	0.0487
530.75	0.0471
530.875	0.0448
531.0	0.0455
531.125	0.0471
531.25	0.0471
531.375	0.0455
531.5	0.044
531.625	0.0448
531.75	0.0448
531.875	0.044
532.0	0.0471
532.125	0.0479
532.25	0.0471
532.375	0.0471
532.5	0.0463
532.625	0.0471
532.75	0.0455
532.875	0.0471
533.0	0.0448
533.125	0.0455
533.25	0.0471
533.375	0.0463
533.5	0.0471
533.625	0.0471
533.75	0.0455
533.875	0.0432
534.0	0.0455
534.125	0.044
534.25	0.0448
534.375	0.0463
534.5	0.0463
534.625	0.0479
534.75	0.0448
534.875	0.0424
535.0	0.0424
535.125	0.0424
535.25	0.0455
535.375	0.0463
535.5	0.0463
535.625	0.0463
535.75	0.0463
535.875	0.0487
536.0	0.0463
536.125	0.0463
536.25	0.0455
536.375	0.0471
536.5	0.0471
536.625	0.0463
536.75	0.0471
536.875	0.0471
537.0	0.0448
537.125	0.044
537.25	0.0471
537.375	0.0455
537.5	0.044
537.625	0.0448
537.75	0.0471
537.875	0.0471
538.0	0.0471
538.125	0.0448
538.25	0.044
538.375	0.0455
538.5	0.0455
538.625	0.0455
538.75	0.0448
538.875	0.0471
539.0	0.0463
539.125	0.0463
539.25	0.0448
539.375	0.0455
539.5	0.0455
539.625	0.0471
539.75	0.0432
539.875	0.0424
540.0	0.0424
540.125	0.0455
540.25	0.0471
540.375	0.0471
540.5	0.0455
540.625	0.0463
540.75	0.0463
540.875	0.0455
541.0	0.0448
541.125	0.0463
541.25	0.0448
541.375	0.0463
541.5	0.044
541.625	0.0471
541.75	0.0448
541.875	0.0432
542.0	0.044
542.125	0.0471
542.25	0.0455
542.375	0.0432
542.5	0.044
542.625	0.0471
542.75	0.0448
542.875	0.0455
543.0	0.0463
543.125	0.0463
543.25	0.0471
543.375	0.0448
543.5	0.044
543.625	0.0448
543.75	0.0448
543.875	0.0448
544.0	0.0471
544.125	0.0448
544.25	0.0471
544.375	0.0471
544.5	0.0471
544.625	0.0479
544.75	0.0463
544.875	0.0463
545.0	0.0463
545.125	0.0463
545.25	0.0455
545.375	0.0448
545.5	0.0455
545.625	0.0463
545.75	0.0455
545.875	0.0471
546.0	0.0463
546.125	0.0479
546.25	0.0448
546.375	0.0455
546.5	0.0432
546.625	0.0448
546.75	0.0448
546.875	0.0463
547.0	0.0471
547.125	0.0471
547.25	0.0455
547.375	0.0471
547.5	0.0448
547.625	0.0463
547.75	0.0471
547.875	0.0448
548.0	0.044
548.125	0.0455
548.25	0.0471
548.375	0.0471
548.5	0.044
548.625	0.0455
548.75	0.0448
548.875	0.0463
549.0	0.0455
549.125	0.0471
549.25	0.0448
549.375	0.0432
549.5	0.0463
549.625	0.0455
549.75	0.0463
549.875	0.044
550.0	0.0448
550.125	0.0448
550.25	0.044
550.375	0.0455
550.5	0.0455
550.625	0.0455
550.75	0.0463
550.875	0.0455
551.0	0.0471
551.125	0.0463
551.25	0.0448
551.375	0.0479
551.5	0.0463
551.625	0.0471
551.75	0.0471
551.875	0.0471
552.0	0.0479
552.125	0.0471
552.25	0.0455
552.375	0.0471
552.5	0.0471
552.625	0.0432
552.75	0.0471
552.875	0.0463
553.0	0.0471
553.125	0.0463
553.25	0.0471
553.375	0.0471
553.5	0.0448
553.625	0.0463
553.75	0.0471
553.875	0.0463
554.0	0.0463
554.125	0.0448
554.25	0.0455
554.375	0.0471
554.5	0.0471
554.625	0.0471
554.75	0.0455
554.875	0.0424
555.0	0.0432
555.125	0.0424
555.25	0.0455
555.375	0.0463
555.5	0.0471
555.625	0.0471
555.75	0.0455
555.875	0.0471
556.0	0.0455
556.125	0.0495
556.25	0.0463
556.375	0.0487
556.5	0.0455
556.625	0.0463
556.75	0.0479
556.875	0.0471
557.0	0.0463
557.125	0.0471
557.25	0.0463
557.375	0.0463
557.5	0.0455
557.625	0.0471
557.75	0.0455
557.875	0.0471
558.0	0.0448
558.125	0.0463
558.25	0.0471
558.375	0.0471
558.5	0.0455
558.625	0.0471
558.75	0.0471
558.875	0.0448
559.0	0.0463
559.125	0.0448
559.25	0.0479
559.375	0.0471
559.5	0.044
559.625	0.0471
559.75	0.0455
559.875	0.0479
560.0	0.0463
560.125	0.0448
560.25	0.0471
560.375	0.0471
560.5	0.0471
560.625	0.0487
560.75	0.0463
560.875	0.0471
561.0	0.0463
561.125	0.0448
561.25	0.0463
561.375	0.0471
561.5	0.0463
561.625	0.0471
561.75	0.0471
561.875	0.0503
562.0	0.0487
562.125	0.0471
562.25	0.0479
562.375	0.0471
562.5	0.0455
562.625	0.0471
562.75	0.0455
562.875	0.0471
563.0	0.0479
563.125	0.0471
563.25	0.0487
563.375	0.0479
563.5	0.0479
563.625	0.0448
563.75	0.0471
563.875	0.0487
564.0	0.0487
564.125	0.0471
564.25	0.0487
564.375	0.0471
564.5	0.044
564.625	0.0471
564.75	0.0471
564.875	0.0471
565.0	0.0471
565.125	0.0471
565.25	0.0471
565.375	0.0471
565.5	0.0463
565.625	0.0463
565.75	0.0471
565.875	0.0463
566.0	0.0463
566.125	0.0463
566.25	0.0463
566.375	0.044
566.5	0.0471
566.625	0.0471
566.75	0.0471
566.875	0.0471
567.0	0.0463
567.125	0.0463
567.25	0.0432
567.375	0.0463
567.5	0.0463
567.625	0.0448
567.75	0.0448
567.875	0.0471
568.0	0.0455
568.125	0.0432
568.25	0.0471
568.375	0.0455
568.5	0.0479
568.625	0.0463
568.75	0.0448
568.875	0.0471
569.0	0.0471
569.125	0.0471
569.25	0.0471
569.375	0.0448
569.5	0.0448
569.625	0.0471
569.75	0.0471
569.875	0.0471
570.0	0.0455
570.125	0.0471
570.25	0.0471
570.375	0.0471
570.5	0.0463
570.625	0.0463
570.75	0.0487
570.875	0.0471
571.0	0.0471
571.125	0.0455
571.25	0.0448
571.375	0.0471
571.5	0.0455
571.625	0.0448
571.75	0.0455
571.875	0.0471
572.0	0.0455
572.125	0.0448
572.25	0.0455
572.375	0.0471
572.5	0.0463
572.625	0.0471
572.75	0.0448
572.875	0.0455
573.0	0.0471
573.125	0.0471
573.25	0.0471
573.375	0.0455
573.5	0.0463
573.625	0.0463
573.75	0.0448
573.875	0.0471
574.0	0.044
574.125	0.0424
574.25	0.0424
574.375	0.0448
574.5	0.0455
574.625	0.0471
574.75	0.0471
574.875	0.0471
575.0	0.044
575.125	0.0448
575.25	0.0448
575.375	0.0463
575.5	0.0432
575.625	0.0448
575.75	0.0432
575.875	0.0455
576.0	0.0424
576.125	0.0448
576.25	0.0432
576.375	0.044
576.5	0.0471
576.625	0.0432
576.75	0.044
576.875	0.0448
577.0	0.0448
577.125	0.0455
577.25	0.0424
577.375	0.0424
577.5	0.044
577.625	0.0455
577.75	0.0424
577.875	0.0448
578.0	0.0463
578.125	0.044
578.25	0.0448
578.375	0.0424
578.5	0.0424
578.625	0.0463
578.75	0.0471
578.875	0.044
579.0	0.0455
579.125	0.044
579.25	0.0471
579.375	0.0479
579.5	0.0526
579.625	0.0566
579.75	0.0613
579.875	0.066
580.0	0.0652
580.125	0.0707
580.25	0.0715
580.375	0.0715
580.5	0.0738
580.625	0.0746
580.75	0.0754
580.875	0.0754
581.0	0.0738
581.125	0.0723
581.25	0.0715
581.375	0.0668
581.5	0.0652
581.625	0.0621
581.75	0.0589
581.875	0.0542
582.0	0.0518
582.125	0.0487
582.25	0.0479
582.375	0.0471
582.5	0.0471
582.625	0.0463
582.75	0.0471
582.875	0.0471
583.0	0.0455
583.125	0.0471
583.25	0.0448
583.375	0.0471
583.5	0.0471
583.625	0.0455
583.75	0.0463
583.875	0.0463
584.0	0.0463
584.125	0.0455
584.25	0.044
584.375	0.0463
584.5	0.0448
584.625	0.0471
584.75	0.0471
584.875	0.0471
585.0	0.0448
585.125	0.0463
585.25	0.044
585.375	0.0448
585.5	0.0455
585.625	0.0471
585.75	0.0455
585.875	0.0455
586.0	0.0463
586.125	0.0471
586.25	0.0463
586.375	0.0463
586.5	0.0455
586.625	0.0471
586.75	0.0463
586.875	0.0448
587.0	0.0463
587.125	0.0471
587.25	0.0455
587.375	0.0471
587.5	0.0448
587.625	0.044
587.75	0.0471
587.875	0.0455
588.0	0.0471
588.125	0.0463
588.25	0.0448
588.375	0.0455
588.5	0.0463
588.625	0.0463
588.75	0.0471
588.875	0.0448
589.0	0.0463
589.125	0.044
589.25	0.0424
589.375	0.044
589.5	0.0455
589.625	0.0471
589.75	0.0471
589.875	0.0463
590.0	0.0463
590.125	0.0448
590.25	0.0455
590.375	0.0455
590.5	0.0487
590.625	0.0487
590.75	0.0471
590.875	0.0463
591.0	0.0448
591.125	0.044
591.25	0.0455
591.375	0.0471
591.5	0.0463
591.625	0.044
591.75	0.0424
591.875	0.0416
592.0	0.0424
592.125	0.0416
592.25	0.044
592.375	0.0432
592.5	0.0424
592.625	0.0432
592.75	0.044
592.875	0.0424
593.0	0.0424
593.125	0.0424
593.25	0.0424
593.375	0.0432
593.5	0.0432
593.625	0.0432
593.75	0.0424
593.875	0.0424
594.0	0.0416
594.125	0.0416
594.25	0.0424
594.375	0.0424
594.5	0.0424
594.625	0.0424
594.75	0.0424
594.875	0.04
595.0	0.0416
595.125	0.0424
595.25	0.0424
595.375	0.0416
595.5	0.0424
595.625	0.044
595.75	0.0424
595.875	0.0424
596.0	0.0424
596.125	0.0424
596.25	0.0416
596.375	0.0393
596.5	0.0393
596.625	0.0424
596.75	0.0424
596.875	0.0424
597.0	0.0432
597.125	0.0424
597.25	0.0424
597.375	0.0424
597.5	0.04
597.625	0.0424
597.75	0.0424
597.875	0.0408
598.0	0.0385
598.125	0.0408
598.25	0.0424
598.375	0.0424
598.5	0.0416
598.625	0.0424
598.75	0.0432
598.875	0.0424
599.0	0.0424
599.125	0.0424
599.25	0.0424
599.375	0.0432
599.5	0.0424
599.625	0.0432
599.75	0.044
599.875	0.0424
600.0	0.0424
600.125	0.0424
600.25	0.0424
600.375	0.0424
600.5	0.0424
600.625	0.0424
600.75	0.0424
600.875	0.0424
601.0	0.0408
601.125	0.0424
601.25	0.04
601.375	0.0424
601.5	0.0424
601.625	0.0424
601.75	0.0424
601.875	0.0424
602.0	0.0424
602.125	0.0432
602.25	0.0432
602.375	0.0424
602.5	0.0432
602.625	0.0432
602.75	0.04
602.875	0.0424
603.0	0.0424
603.125	0.0424
603.25	0.044
603.375	0.044
603.5	0.044
603.625	0.0424
603.75	0.044
603.875	0.0455
604.0	0.0424
604.125	0.0424
604.25	0.0432
604.375	0.0424
604.5	0.0416
604.625	0.0424
604.75	0.0424
604.875	0.0424
605.0	0.0424
605.125	0.0408
605.25	0.0416
605.375	0.0416
605.5	0.0424
605.625	0.0424
605.75	0.0424
605.875	0.044
606.0	0.0424
606.125	0.0424
606.25	0.0424
606.375	0.0424
606.5	0.0416
606.625	0.0424
606.75	0.0408
606.875	0.0424
607.0	0.0424
607.125	0.0424
607.25	0.0424
607.375	0.0424
607.5	0.0424
607.625	0.0424
607.75	0.0424
607.875	0.044
608.0	0.0377
608.125	0.0408
608.25	0.0424
608.375	0.0416
608.5	0.0408
608.625	0.0424
608.75	0.0424
608.875	0.0424
609.0	0.0424
609.125	0.0424
609.25	0.0424
609.375	0.0416
609.5	0.0424
609.625	0.0432
609.75	0.0424
609.875	0.0416
610.0	0.0408
610.125	0.0424
610.25	0.044
610.375	0.044
610.5	0.0448
610.625	0.0424
610.75	0.0424
610.875	0.0424
611.0	0.0424
611.125	0.044
611.25	0.0424
611.375	0.0416
611.5	0.04
611.625	0.0416
611.75	0.0424
611.875	0.0432
612.0	0.0424
612.125	0.0424
612.25	0.0424
612.375	0.0424
612.5	0.0463
612.625	0.0424
612.75	0.0424
612.875	0.0408
613.0	0.0408
613.125	0.0424
613.25	0.0424
613.375	0.0424
613.5	0.0424
613.625	0.0424
613.75	0.0424
613.875	0.0424
614.0	0.0448
614.125	0.044
614.25	0.0432
614.375	0.044
614.5	0.0424
614.625	0.044
614.75	0.0424
614.875	0.0424
615.0	0.0424
615.125	0.0424
615.25	0.0424
615.375	0.0424
615.5	0.0424
615.625	0.0424
615.75	0.0424
615.875	0.0424
616.0	0.0408
616.125	0.0416
616.25	0.0424
616.375	0.0408
616.5	0.0424
616.625	0.0416
616.75	0.0408
616.875	0.0424
617.0	0.0424
617.125	0.0424
617.25	0.0408
617.375	0.0424
617.5	0.04
617.625	0.04
617.75	0.04
617.875	0.0408
618.0	0.0424
618.125	0.0424
618.25	0.0424
618.375	0.0424
618.5	0.0471
618.625	0.0455
618.75	0.0424
618.875	0.0432
619.0	0.0432
619.125	0.0424
619.25	0.0424
619.375	0.0448
619.5	0.0424
619.625	0.0408
619.75	0.0424
619.875	0.0424
620.0	0.0416
620.125	0.0385
620.25	0.0416
620.375	0.0408
620.5	0.0424
620.625	0.0455
620.75	0.044
620.875	0.0416
621.0	0.0424
621.125	0.0432
621.25	0.0432
621.375	0.0424
621.5	0.0424
621.625	0.0455
621.75	0.0424
621.875	0.0448
622.0	0.0424
622.125	0.0424
622.25	0.0432
622.375	0.0416
622.5	0.0416
622.625	0.0424
622.75	0.0424
622.875	0.0424
623.0	0.0416
623.125	0.0393
623.25	0.0408
623.375	0.0385
623.5	0.0432
623.625	0.0424
623.75	0.0424
623.875	0.0424
624.0	0.0408
624.125	0.0408
624.25	0.0393
624.375	0.0424
624.5	0.0424
624.625	0.0448
624.75	0.0424
624.875	0.0424
625.0	0.0424
625.125	0.04
625.25	0.0424
625.375	0.0408
625.5	0.0424
625.625	0.0424
625.75	0.0416
625.875	0.0408
626.0	0.0416
626.125	0.0408
626.25	0.0424
626.375	0.0424
626.5	0.0448
626.625	0.044
626.75	0.0448
626.875	0.0455
627.0	0.0432
627.125	0.0424
627.25	0.0424
627.375	0.0424
627.5	0.0408
627.625	0.0408
627.75	0.0424
627.875	0.0416
628.0	0.0432
628.125	0.0424
628.25	0.0416
628.375	0.044
628.5	0.0424
628.625	0.0432
628.75	0.0408
628.875	0.0424
629.0	0.0424
629.125	0.0424
629.25	0.0432
629.375	0.0455
629.5	0.0424
629.625	0.044
629.75	0.0424
629.875	0.0424
630.0	0.0432
630.125	0.0424
630.25	0.0424
630.375	0.0424
630.5	0.0416
630.625	0.0424
630.75	0.0448
630.875	0.0463
631.0	0.0424
631.125	0.0455
631.25	0.0424
631.375	0.0424
631.5	0.0424
631.625	0.044
631.75	0.0416
631.875	0.0432
632.0	0.0424
632.125	0.0408
632.25	0.0416
632.375	0.0424
632.5	0.0416
632.625	0.0424
632.75	0.0424
632.875	0.0424
633.0	0.0424
633.125	0.0424
633.25	0.0424
633.375	0.0424
633.5	0.0393
633.625	0.0408
633.75	0.04
633.875	0.04
634.0	0.0408
634.125	0.0408
634.25	0.0377
634.375	0.04
634.5	0.0424
634.625	0.0424
634.75	0.044
634.875	0.0424
635.0	0.0432
635.125	0.0424
635.25	0.0424
635.375	0.0416
635.5	0.0424
635.625	0.0471
635.75	0.0424
635.875	0.0424
636.0	0.0416
636.125	0.0416
636.25	0.0424
636.375	0.0424
636.5	0.0408
636.625	0.0424
636.75	0.0424
636.875	0.0408
637.0	0.0424
637.125	0.044
637.25	0.0424
637.375	0.0424
637.5	0.044
637.625	0.0432
637.75	0.044
637.875	0.044
638.0	0.0424
638.125	0.0424
638.25	0.0424
638.375	0.0424
638.5	0.0424
638.625	0.0424
638.75	0.0424
638.875	0.0424
639.0	0.0424
639.125	0.0416
639.25	0.0424
639.375	0.0432
639.5	0.0432
639.625	0.0424
639.75	0.0448
639.875	0.0424
640.0	0.0424
640.125	0.0424
640.25	0.0463
640.375	0.0424
640.5	0.0432
640.625	0.0424
640.75	0.0424
640.875	0.0393
641.0	0.0416
641.125	0.0393
641.25	0.0416
641.375	0.0424
641.5	0.0424
641.625	0.0424
641.75	0.0424
641.875	0.0424
642.0	0.0424
642.125	0.0424
642.25	0.0424
642.375	0.0424
642.5	0.0424
642.625	0.0424
642.75	0.0424
642.875	0.044
643.0	0.0424
643.125	0.0424
643.25	0.0424
643.375	0.0424
643.5	0.0424
643.625	0.0448
643.75	0.0424
643.875	0.0455
644.0	0.0424
644.125	0.0432
644.25	0.0424
644.375	0.0424
644.5	0.0424
644.625	0.0432
644.75	0.0432
644.875	0.0455
645.0	0.0432
645.125	0.0432
645.25	0.0432
645.375	0.0424
645.5	0.0424
645.625	0.0432
645.75	0.0432
645.875	0.0424
646.0	0.0424
646.125	0.0463
646.25	0.0432
646.375	0.0424
646.5	0.0416
646.625	0.0424
646.75	0.0424
646.875	0.0424
647.0	0.0424
647.125	0.0408
647.25	0.0448
647.375	0.0424
647.5	0.0424
647.625	0.0471
647.75	0.044
647.875	0.0416
648.0	0.0424
648.125	0.0432
648.25	0.0424
648.375	0.0408
648.5	0.0432
648.625	0.0424
648.75	0.0424
648.875	0.0424
649.0	0.0424
649.125	0.0432
649.25	0.0424
649.375	0.0424
649.5	0.0424
649.625	0.0424
649.75	0.0424
649.875	0.0424
650.0	0.0424
650.125	0.0424
650.25	0.0424
650.375	0.0424
650.5	0.0424
650.625	0.0424
650.75	0.0424
650.875	0.0424
651.0	0.0424
651.125	0.0424
651.25	0.0408
651.375	0.0424
651.5	0.0424
651.625	0.0424
651.75	0.0424
651.875	0.0424
652.0	0.0432
652.125	0.0424
652.25	0.0424
652.375	0.0432
652.5	0.0424
652.625	0.0424
652.75	0.0424
652.875	0.0385
653.0	0.04
653.125	0.0416
653.25	0.0424
653.375	0.0408
653.5	0.04
653.625	0.0385
653.75	0.0377
653.875	0.0385
654.0	0.0416
654.125	0.0424
654.25	0.0424
654.375	0.04
654.5	0.0424
654.625	0.0448
654.75	0.0424
654.875	0.0424
655.0	0.0424
655.125	0.0424
655.25	0.0432
655.375	0.0432
655.5	0.0432
655.625	0.0424
655.75	0.0424
655.875	0.0408
656.0	0.0424
656.125	0.0432
656.25	0.0432
656.375	0.0424
656.5	0.0424
656.625	0.0424
656.75	0.0424
656.875	0.0424
657.0	0.0424
657.125	0.0424
657.25	0.0424
657.375	0.0424
657.5	0.0424
657.625	0.0424
657.75	0.0416
657.875	0.0416
658.0	0.0416
658.125	0.0424
658.25	0.0424
658.375	0.0408
658.5	0.0424
658.625	0.0424
658.75	0.0424
658.875	0.0408
659.0	0.0424
659.125	0.0416
659.25	0.0416
659.375	0.0385
659.5	0.0424
659.625	0.0424
659.75	0.0424
659.875	0.0432
660.0	0.0471
660.125	0.0471
660.25	0.0471
660.375	0.0487
660.5	0.0471
660.625	0.0503
660.75	0.0487
660.875	0.0471
661.0	0.0479
661.125	0.0495
661.25	0.0471
661.375	0.0471
661.5	0.0463
661.625	0.0503
661.75	0.0463
661.875	0.044
662.0	0.0455
662.125	0.0424
662.25	0.0463
662.375	0.0455
662.5	0.0424
662.625	0.0416
662.75	0.0424
662.875	0.0416
663.0	0.04
663.125	0.0424
663.25	0.0424
663.375	0.0448
663.5	0.0424
663.625	0.0424
663.75	0.0432
663.875	0.0424
664.0	0.0424
664.125	0.0424
664.25	0.0424
664.375	0.0424
664.5	0.0424
664.625	0.0424
664.75	0.0432
664.875	0.0424
665.0	0.0424
665.125	0.0424
665.25	0.0416
665.375	0.0424
665.5	0.0424
665.625	0.0424
665.75	0.0448
665.875	0.0455
666.0	0.0424
666.125	0.0424
666.25	0.0416
666.375	0.0424
666.5	0.0424
666.625	0.0408
666.75	0.0424
666.875	0.0408
667.0	0.0424
667.125	0.0424
667.25	0.0424
667.375	0.04
667.5	0.0424
667.625	0.0424
667.75	0.0408
667.875	0.0424
668.0	0.044
668.125	0.0432
668.25	0.0424
668.375	0.0424
668.5	0.044
668.625	0.0416
668.75	0.0424
668.875	0.0424
669.0	0.0424
669.125	0.0424
669.25	0.0424
669.375	0.0424
669.5	0.0424
669.625	0.0424
669.75	0.0424
669.875	0.0424
670.0	0.0416
670.125	0.0424
670.25	0.0416
670.375	0.0416
670.5	0.0424
670.625	0.0424
670.75	0.0416
670.875	0.0408
671.0	0.04
671.125	0.0416
671.25	0.0416
671.375	0.0424
671.5	0.0424
671.625	0.0424
671.75	0.0424
671.875	0.0377
672.0	0.0424
672.125	0.0424
672.25	0.0424
672.375	0.0424
672.5	0.0424
672.625	0.0424
672.75	0.044
672.875	0.0424
673.0	0.0424
673.125	0.0424
673.25	0.0416
673.375	0.0424
673.5	0.0424
673.625	0.0424
673.75	0.04
673.875	0.0424
674.0	0.0424
674.125	0.0424
674.25	0.0424
674.375	0.0424
674.5	0.044
674.625	0.0424
674.75	0.0424
674.875	0.0424
675.0	0.0424
675.125	0.0424
675.25	0.0432
675.375	0.0424
675.5	0.0432
675.625	0.0424
675.75	0.0424
675.875	0.0424
676.0	0.0424
676.125	0.0424
676.25	0.0393
676.375	0.0416
676.5	0.0424
676.625	0.0424
676.75	0.0424
676.875	0.0424
677.0	0.0432
677.125	0.0424
677.25	0.0424
677.375	0.0424
677.5	0.0424
677.625	0.0432
677.75	0.0424
677.875	0.0424
678.0	0.0424
678.125	0.0424
678.25	0.0432
678.375	0.0424
678.5	0.0424
678.625	0.0424
678.75	0.0424
678.875	0.0424
679.0	0.04
679.125	0.0416
679.25	0.0424
679.375	0.0416
679.5	0.0416
679.625	0.0424
679.75	0.0424
679.875	0.0416
680.0	0.0424
680.125	0.0416
680.25	0.0424
680.375	0.0424
680.5	0.0424
680.625	0.0416
680.75	0.0408
680.875	0.0408
681.0	0.0416
681.125	0.0416
681.25	0.0424
681.375	0.0408
681.5	0.0424
681.625	0.0424
681.75	0.0424
681.875	0.0432
682.0	0.0432
682.125	0.0424
682.25	0.0424
682.375	0.0432
682.5	0.0448
682.625	0.0432
682.75	0.0432
682.875	0.0424
683.0	0.0432
683.125	0.0416
683.25	0.0424
683.375	0.0432
683.5	0.0432
683.625	0.0424
683.75	0.0432
683.875	0.0432
684.0	0.0424
684.125	0.0424
684.25	0.0424
684.375	0.044
684.5	0.0432
684.625	0.044
684.75	0.0424
684.875	0.0424
685.0	0.0424
685.125	0.0416
685.25	0.0416
685.375	0.0424
685.5	0.0424
685.625	0.0424
685.75	0.044
685.875	0.0424
686.0	0.044
686.125	0.0424
686.25	0.0424
686.375	0.0424
686.5	0.0408
686.625	0.0424
686.75	0.0424
686.875	0.0424
687.0	0.0424
687.125	0.0424
687.25	0.0424
687.375	0.0424
687.5	0.0432
687.625	0.0424
687.75	0.0424
687.875	0.0424
688.0	0.0424
688.125	0.0424
688.25	0.0432
688.375	0.0424
688.5	0.0424
688.625	0.0424
688.75	0.0408
688.875	0.0424
689.0	0.0416
689.125	0.044
689.25	0.0424
689.375	0.0424
689.5	0.0432
689.625	0.0424
689.75	0.0424
689.875	0.0416
690.0	0.0432
690.125	0.0471
690.25	0.0424
690.375	0.0424
690.5	0.0424
690.625	0.044
690.75	0.0432
690.875	0.0424
691.0	0.0424
691.125	0.0424
691.25	0.0432
691.375	0.0448
691.5	0.044
691.625	0.0424
691.75	0.044
691.875	0.0448
692.0	0.0448
692.125	0.0424
692.25	0.0432
692.375	0.0424
692.5	0.0424
692.625	0.0432
692.75	0.04
692.875	0.0424
693.0	0.0424
693.125	0.0424
693.25	0.0416
693.375	0.0424
693.5	0.0424
693.625	0.0424
693.75	0.0432
693.875	0.04
694.0	0.0424
694.125	0.0432
694.25	0.0424
694.375	0.0432
694.5	0.0424
694.625	0.0424
694.75	0.0424
694.875	0.044
695.0	0.0424
695.125	0.0424
695.25	0.0424
695.375	0.0424
695.5	0.0424
695.625	0.0424
695.75	0.0424
695.875	0.0424
696.0	0.0416
696.125	0.04
696.25	0.0424
696.375	0.0424
696.5	0.0416
696.625	0.0424
696.75	0.0424
696.875	0.0424
697.0	0.0432
697.125	0.0463
697.25	0.0424
697.375	0.0448
697.5	0.0424
697.625	0.0424
697.75	0.0424
697.875	0.0424
698.0	0.0416
698.125	0.0424
698.25	0.0448
698.375	0.0463
698.5	0.0455
698.625	0.0471
698.75	0.0479
698.875	0.0487
699.0	0.0471
699.125	0.0479
699.25	0.0487
699.375	0.0526
699.5	0.0503
699.625	0.0503
699.75	0.0518
699.875	0.0518
700.0	0.0511
700.125	0.0495
700.25	0.0479
700.375	0.0471
700.5	0.0471
700.625	0.0471
700.75	0.0463
700.875	0.0455
701.0	0.0455
701.125	0.0463
701.25	0.0432
701.375	0.0424
701.5	0.0424
701.625	0.0424
701.75	0.044
701.875	0.0424
702.0	0.0408
702.125	0.0432
702.25	0.0424
702.375	0.0424
702.5	0.0424
702.625	0.0424
702.75	0.0432
702.875	0.0471
703.0	0.044
703.125	0.0448
703.25	0.0424
703.375	0.0408
703.5	0.0416
703.625	0.0424
703.75	0.0424
703.875	0.0432
704.0	0.0432
704.125	0.0424
704.25	0.0432
704.375	0.0432
704.5	0.0408
704.625	0.0408
704.75	0.04
704.875	0.0424
705.0	0.0424
705.125	0.0424
705.25	0.0432
705.375	0.0424
705.5	0.0424
705.625	0.0432
705.75	0.0463
705.875	0.0424
706.0	0.044
706.125	0.04
706.25	0.0424
706.375	0.0424
706.5	0.044
706.625	0.0424
706.75	0.0424
706.875	0.0424
707.0	0.0424
707.125	0.0424
707.25	0.0424
707.375	0.04
707.5	0.0416
707.625	0.0424
707.75	0.0432
707.875	0.0432
708.0	0.0424
708.125	0.0424
708.25	0.0432
708.375	0.044
708.5	0.0424
708.625	0.0424
708.75	0.044
708.875	0.0424
709.0	0.0424
709.125	0.0424
709.25	0.0448
709.375	0.0432
709.5	0.0424
709.625	0.0424
709.75	0.0416
709.875	0.0432
710.0	0.0432
710.125	0.0424
710.25	0.0424
710.375	0.0432
710.5	0.0385
710.625	0.0424
710.75	0.0424
710.875	0.0432
711.0	0.044
711.125	0.0432
711.25	0.04
711.375	0.0424
711.5	0.0424
711.625	0.0408
711.75	0.0424
711.875	0.0424
712.0	0.0424
712.125	0.0424
712.25	0.0424
712.375	0.0424
712.5	0.0424
712.625	0.0424
712.75	0.0424
712.875	0.0448
713.0	0.0424
713.125	0.0432
713.25	0.0432
713.375	0.0424
713.5	0.0424
713.625	0.0424
713.75	0.0432
713.875	0.0424
714.0	0.0424
714.125	0.044
714.25	0.0432
714.375	0.0448
714.5	0.044
714.625	0.0455
714.75	0.044
714.875	0.0432
715.0	0.0424
715.125	0.0424
715.25	0.0448
715.375	0.0432
715.5	0.0432
715.625	0.0424
715.75	0.0424
715.875	0.0432
716.0	0.044
716.125	0.0432
716.25	0.0432
716.375	0.0424
716.5	0.0424
716.625	0.0432
716.75	0.0424
716.875	0.0408
717.0	0.0424
717.125	0.0424
717.25	0.0432
717.375	0.0424
717.5	0.0424
717.625	0.0424
717.75	0.0424
717.875	0.0424
718.0	0.0424
718.125	0.0448
718.25	0.044
718.375	0.0424
718.5	0.0424
718.625	0.0424
718.75	0.044
718.875	0.0424
719.0	0.0455
719.125	0.0448
719.25	0.0432
719.375	0.0424
719.5	0.044
719.625	0.0432
719.75	0.0455
719.875	0.0463
720.0	0.0432
720.125	0.044
720.25	0.0424
720.375	0.0424
720.5	0.0432
720.625	0.0432
720.75	0.0432
720.875	0.0463
721.0	0.0455
721.125	0.0424
721.25	0.0448
721.375	0.0471
721.5	0.0463
721.625	0.0455
721.75	0.044
721.875	0.0432
722.0	0.0424
722.125	0.0448
722.25	0.044
722.375	0.0424
722.5	0.0424
722.625	0.0424
722.75	0.0424
722.875	0.0424
723.0	0.0416
723.125	0.0432
723.25	0.0424
723.375	0.0416
723.5	0.0424
723.625	0.0455
723.75	0.0455
723.875	0.0455
724.0	0.0432
724.125	0.0424
724.25	0.0432
724.375	0.0424
724.5	0.0424
724.625	0.0424
724.75	0.044
724.875	0.0424
725.0	0.0416
725.125	0.0424
725.25	0.0424
725.375	0.0448
725.5	0.0432
725.625	0.0455
725.75	0.0424
725.875	0.0424
726.0	0.0424
726.125	0.0424
726.25	0.0432
726.375	0.0424
726.5	0.044
726.625	0.0424
726.75	0.0424
726.875	0.0432
727.0	0.0416
727.125	0.044
727.25	0.0432
727.375	0.0424
727.5	0.0424
727.625	0.0432
727.75	0.0424
727.875	0.0432
728.0	0.0424
728.125	0.0424
728.25	0.0424
728.375	0.0471
728.5	0.0448
728.625	0.044
728.75	0.0424
728.875	0.0424
729.0	0.0416
729.125	0.0416
729.25	0.0408
729.375	0.0424
729.5	0.0432
729.625	0.0424
729.75	0.0424
729.875	0.0424
730.0	0.0424
730.125	0.0424
730.25	0.0432
730.375	0.0424
730.5	0.0424
730.625	0.0424
730.75	0.0424
730.875	0.0424
731.0	0.044
731.125	0.044
731.25	0.0424
731.375	0.0424
731.5	0.0455
731.625	0.0432
731.75	0.0424
731.875	0.0448
732.0	0.0424
732.125	0.0432
732.25	0.0424
732.375	0.0432
732.5	0.0416
732.625	0.0424
732.75	0.0424
732.875	0.0432
733.0	0.0424
733.125	0.0424
733.25	0.044
733.375	0.044
733.5	0.0448
733.625	0.0424
733.75	0.0416
733.875	0.0424
734.0	0.04
734.125	0.0424
734.25	0.0424
734.375	0.0424
734.5	0.0424
734.625	0.0424
734.75	0.0424
734.875	0.0424
735.0	0.0424
735.125	0.0424
735.25	0.0432
735.375	0.0424
735.5	0.0424
735.625	0.0424
735.75	0.0448
735.875	0.0432
736.0	0.0424
736.125	0.0424
736.25	0.044
736.375	0.044
736.5	0.0448
736.625	0.044
736.75	0.0448
736.875	0.0455
737.0	0.0432
737.125	0.0448
737.25	0.0432
737.375	0.0424
737.5	0.0432
737.625	0.0424
737.75	0.0424
737.875	0.044
738.0	0.0448
738.125	0.0424
738.25	0.0463
738.375	0.0463
738.5	0.0424
738.625	0.0424
738.75	0.0416
738.875	0.0416
739.0	0.0424
739.125	0.044
739.25	0.0408
739.375	0.0424
739.5	0.0424
739.625	0.0424
739.75	0.044
739.875	0.0424
740.0	0.0424
740.125	0.0424
740.25	0.0424
740.375	0.0432
740.5	0.0424
740.625	0.0455
740.75	0.044
740.875	0.0448
741.0	0.044
741.125	0.0424
741.25	0.0424
741.375	0.0424
741.5	0.0408
741.625	0.0448
741.75	0.044
741.875	0.0424
742.0	0.0424
742.125	0.0432
742.25	0.0432
742.375	0.0432
742.5	0.0424
742.625	0.0448
742.75	0.0424
742.875	0.0424
743.0	0.0424
743.125	0.0424
743.25	0.0455
743.375	0.044
743.5	0.0424
743.625	0.0424
743.75	0.0424
743.875	0.0424
744.0	0.044
744.125	0.0432
744.25	0.0424
744.375	0.0424
744.5	0.0432
744.625	0.0424
744.75	0.0424
744.875	0.0416
745.0	0.0424
745.125	0.0424
745.25	0.044
745.375	0.044
745.5	0.0448
745.625	0.0416
745.75	0.044
745.875	0.044
746.0	0.0463
746.125	0.0432
746.25	0.0424
746.375	0.0416
746.5	0.0424
746.625	0.0424
746.75	0.0416
746.875	0.0424
747.0	0.0424
747.125	0.0424
747.25	0.0424
747.375	0.0424
747.5	0.0424
747.625	0.0424
747.75	0.0424
747.875	0.0424
748.0	0.0416
748.125	0.0424
748.25	0.0416
748.375	0.0393
748.5	0.0424
748.625	0.0424
748.75	0.044
748.875	0.0424
749.0	0.0424
749.125	0.0448
749.25	0.0424
749.375	0.0424
749.5	0.0448
749.625	0.0424
749.75	0.0424
749.875	0.0424
750.0	0.0424
750.125	0.0424
750.25	0.044
750.375	0.0424
750.5	0.0424
750.625	0.0424
750.75	0.0424
750.875	0.0424
751.0	0.0424
751.125	0.0416
751.25	0.0424
751.375	0.0424
751.5	0.0424
751.625	0.0424
751.75	0.0424
751.875	0.0424
752.0	0.0432
752.125	0.0424
752.25	0.0432
752.375	0.0424
752.5	0.0424
752.625	0.0424
752.75	0.0424
752.875	0.0424
753.0	0.0424
753.125	0.044
753.25	0.0448
753.375	0.0424
753.5	0.0432
753.625	0.0471
753.75	0.0448
753.875	0.0448
754.0	0.0432
754.125	0.0408
754.25	0.0424
754.375	0.0424
754.5	0.0424
754.625	0.0432
754.75	0.0448
754.875	0.0455
755.0	0.044
755.125	0.0455
755.25	0.0424
755.375	0.044
755.5	0.0424
755.625	0.0432
755.75	0.0424
755.875	0.0424
756.0	0.0424
756.125	0.0432
756.25	0.0432
756.375	0.0424
756.5	0.0432
756.625	0.0424
756.75	0.0424
756.875	0.0424
757.0	0.0416
757.125	0.0424
757.25	0.044
757.375	0.0424
757.5	0.044
757.625	0.0432
757.75	0.044
757.875	0.0385
758.0	0.0424
758.125	0.0424
758.25	0.0424
758.375	0.0424
758.5	0.0432
758.625	0.0424
758.75	0.0424
758.875	0.0432
759.0	0.0424
759.125	0.0424
759.25	0.0424
759.375	0.0432
759.5	0.0424
759.625	0.0424
759.75	0.0416
759.875	0.0424
760.0	0.0408
760.125	0.0416
760.25	0.0424
760.375	0.0424
760.5	0.0448
760.625	0.0432
760.75	0.0432
760.875	0.044
761.0	0.0424
761.125	0.0424
761.25	0.0424
761.375	0.0408
761.5	0.0424
761.625	0.0424
761.75	0.0424
761.875	0.0416
762.0	0.0424
762.125	0.044
762.25	0.044
762.375	0.0432
762.5	0.0424
762.625	0.0424
762.75	0.0424
762.875	0.0424
763.0	0.0424
763.125	0.0424
763.25	0.0424
763.375	0.044
763.5	0.0408
763.625	0.0424
763.75	0.0424
763.875	0.0424
764.0	0.0416
764.125	0.0424
764.25	0.0424
764.375	0.0424
764.5	0.0432
764.625	0.0448
764.75	0.0432
764.875	0.0424
765.0	0.0424
765.125	0.0424
765.25	0.0408
765.375	0.0424
765.5	0.0408
765.625	0.0385
765.75	0.0416
765.875	0.0424
766.0	0.0424
766.125	0.0424
766.25	0.0424
766.375	0.0424
766.5	0.0463
766.625	0.0424
766.75	0.0424
766.875	0.0424
767.0	0.0424
767.125	0.0424
767.25	0.0424
767.375	0.0408
767.5	0.0416
767.625	0.044
767.75	0.0432
767.875	0.0424
768.0	0.044
768.125	0.0424
768.25	0.0424
768.375	0.0416
768.5	0.0424
768.625	0.0416
768.75	0.0408
768.875	0.0424
769.0	0.0432
769.125	0.0416
769.25	0.0424
769.375	0.0432
769.5	0.0424
769.625	0.0424
769.75	0.0448
769.875	0.0463
770.0	0.0471
770.125	0.0448
770.25	0.0463
770.375	0.0471
770.5	0.0455
770.625	0.0471
770.75	0.0479
770.875	0.0471
771.0	0.0471
771.125	0.0471
771.25	0.0487
771.375	0.0463
771.5	0.0471
771.625	0.0471
771.75	0.0487
771.875	0.0471
772.0	0.0463
772.125	0.0471
772.25	0.0455
772.375	0.0432
772.5	0.0455
772.625	0.044
772.75	0.0424
772.875	0.0424
773.0	0.0432
773.125	0.0432
773.25	0.0432
773.375	0.0424
773.5	0.0416
773.625	0.0424
773.75	0.0424
773.875	0.0393
774.0	0.0424
774.125	0.0448
774.25	0.0424
774.375	0.0432
774.5	0.0432
774.625	0.0424
774.75	0.0424
774.875	0.0424
775.0	0.0424
775.125	0.0416
775.25	0.04
775.375	0.0424
775.5	0.0424
775.625	0.0424
775.75	0.0424
775.875	0.0408
776.0	0.0424
776.125	0.0424
776.25	0.0424
776.375	0.0455
776.5	0.0424
776.625	0.0424
776.75	0.044
776.875	0.0424
777.0	0.0416
777.125	0.0424
777.25	0.0416
777.375	0.0416
777.5	0.0424
777.625	0.0416
777.75	0.0424
777.875	0.0424
778.0	0.0424
778.125	0.0424
778.25	0.0416
778.375	0.0424
778.5	0.0424
778.625	0.0408
778.75	0.0393
778.875	0.0424
779.0	0.0424
779.125	0.0424
779.25	0.0424
779.375	0.0424
779.5	0.0408
779.625	0.0424
779.75	0.0424
779.875	0.0432
780.0	0.0424
780.125	0.0424
780.25	0.0424
780.375	0.0424
780.5	0.0455
780.625	0.0432
780.75	0.0416
780.875	0.0424
781.0	0.0432
781.125	0.0424
781.25	0.0424
781.375	0.0408
781.5	0.0424
781.625	0.0424
781.75	0.0424
781.875	0.0424
782.0	0.0424
782.125	0.0424
782.25	0.0455
782.375	0.0455
782.5	0.0424
782.625	0.044
782.75	0.0432
782.875	0.0424
783.0	0.0424
783.125	0.0424
783.25	0.0424
783.375	0.0424
783.5	0.044
783.625	0.0424
783.75	0.0424
783.875	0.0416
784.0	0.0424
784.125	0.0424
784.25	0.0424
784.375	0.0424
784.5	0.0424
784.625	0.0424
784.75	0.0424
784.875	0.0424
785.0	0.0424
785.125	0.0424
785.25	0.0416
785.375	0.0424
785.5	0.0424
785.625	0.0408
785.75	0.0416
785.875	0.0416
786.0	0.0432
786.125	0.0432
786.25	0.0448
786.375	0.0424
786.5	0.0424
786.625	0.0424
786.75	0.0424
786.875	0.0424
787.0	0.0424
787.125	0.0432
787.25	0.044
787.375	0.0424
787.5	0.0424
787.625	0.0424
787.75	0.0432
787.875	0.0432
788.0	0.0432
788.125	0.0448
788.25	0.044
788.375	0.0424
788.5	0.0432
788.625	0.0424
788.75	0.0424
788.875	0.0424
789.0	0.0393
789.125	0.0424
789.25	0.0424
789.375	0.0432
789.5	0.0424
789.625	0.0385
789.75	0.0408
789.875	0.0424
790.0	0.0424
790.125	0.0432
790.25	0.0424
790.375	0.0432
790.5	0.0424
790.625	0.044
790.75	0.0424
790.875	0.0416
791.0	0.0424
791.125	0.0424
791.25	0.0424
791.375	0.0432
791.5	0.0432
791.625	0.0424
791.75	0.0448
791.875	0.0424
792.0	0.0424
792.125	0.0416
792.25	0.0424
792.375	0.0424
792.5	0.0424
792.625	0.0424
792.75	0.0432
792.875	0.0424
793.0	0.0424
793.125	0.0416
793.25	0.0424
793.375	0.0424
793.5	0.0408
793.625	0.0432
793.75	0.0424
793.875	0.0424
794.0	0.0424
794.125	0.0424
794.25	0.0432
794.375	0.0408
794.5	0.0424
794.625	0.0424
794.75	0.0424
794.875	0.0424
795.0	0.0416
795.125	0.0424
795.25	0.0416
795.375	0.0424
795.5	0.0424
795.625	0.0424
795.75	0.0432
795.875	0.0424
796.0	0.0424
796.125	0.0424
796.25	0.0424
796.375	0.044
796.5	0.044
796.625	0.0432
796.75	0.0432
796.875	0.044
797.0	0.0424
797.125	0.0424
797.25	0.0455
797.375	0.0448
797.5	0.0424
797.625	0.044
797.75	0.0432
797.875	0.0424
798.0	0.0424
798.125	0.04
798.25	0.0424
798.375	0.0408
798.5	0.0424
798.625	0.0432
798.75	0.0432
798.875	0.044
799.0	0.0424
799.125	0.0424
799.25	0.0432
799.375	0.0432
799.5	0.0416
799.625	0.0432
799.75	0.0408
799.875	0.0416
800.0	0.0416
800.125	0.0424
800.25	0.0408
800.375	0.0424
800.5	0.0424
800.625	0.044
800.75	0.0424
800.875	0.0448
801.0	0.0424
801.125	0.0424
801.25	0.044
801.375	0.0424
801.5	0.0424
801.625	0.0408
801.75	0.0424
801.875	0.0416
802.0	0.0424
802.125	0.0424
802.25	0.0424
802.375	0.0424
802.5	0.0424
802.625	0.0448
802.75	0.0424
802.875	0.0424
803.0	0.0424
803.125	0.044
803.25	0.0424
803.375	0.0424
803.5	0.0424
803.625	0.0448
803.75	0.0424
803.875	0.0424
804.0	0.0424
804.125	0.0448
804.25	0.0432
804.375	0.0424
804.5	0.0424
804.625	0.0424
804.75	0.0432
804.875	0.0424
805.0	0.0424
805.125	0.044
805.25	0.044
805.375	0.0432
805.5	0.0424
805.625	0.0424
805.75	0.044
805.875	0.0424
806.0	0.0432
806.125	0.0424
806.25	0.0424
806.375	0.0416
806.5	0.0393
806.625	0.0424
806.75	0.0432
806.875	0.0463
807.0	0.044
807.125	0.0424
807.25	0.0424
807.375	0.0424
807.5	0.0424
807.625	0.0424
807.75	0.0424
807.875	0.044
808.0	0.0424
808.125	0.0424
808.25	0.0455
808.375	0.0432
808.5	0.0424
808.625	0.04
808.75	0.0424
808.875	0.0424
809.0	0.0424
809.125	0.0432
809.25	0.0424
809.375	0.0432
809.5	0.0424
809.625	0.0424
809.75	0.0424
809.875	0.0408
810.0	0.0424
810.125	0.0424
810.25	0.0416
810.375	0.0432
810.5	0.0424
810.625	0.0424
810.75	0.0432
810.875	0.0424
811.0	0.0408
811.125	0.0416
811.25	0.0424
811.375	0.0424
811.5	0.0432
811.625	0.0432
811.75	0.0432
811.875	0.0424
812.0	0.0424
812.125	0.0424
812.25	0.044
812.375	0.044
812.5	0.0424
812.625	0.0432
812.75	0.0424
812.875	0.0408
813.0	0.0424
813.125	0.0432
813.25	0.0424
813.375	0.0424
813.5	0.0424
813.625	0.0424
813.75	0.0424
813.875	0.0432
814.0	0.0408
814.125	0.0424
814.25	0.0432
814.375	0.0432
814.5	0.0424
814.625	0.0424
814.75	0.0448
814.875	0.0424
815.0	0.0424
815.125	0.0424
815.25	0.0432
815.375	0.0424
815.5	0.0424
815.625	0.0432
815.75	0.044
815.875	0.0432
816.0	0.0424
816.125	0.0424
816.25	0.0424
816.375	0.0432
816.5	0.0408
816.625	0.0424
816.75	0.0424
816.875	0.0416
817.0	0.0424
817.125	0.0424
817.25	0.0432
817.375	0.0424
817.5	0.0424
817.625	0.0424
817.75	0.0424
817.875	0.0416
818.0	0.0424
818.125	0.0424
818.25	0.0408
818.375	0.0424
818.5	0.0424
818.625	0.0424
818.75	0.0424
818.875	0.0424
819.0	0.0424
819.125	0.044
819.25	0.0424
819.375	0.0424
819.5	0.0432
819.625	0.044
819.75	0.0432
819.875	0.0424
820.0	0.0424
820.125	0.0432
820.25	0.0424
820.375	0.0424
820.5	0.0424
820.625	0.0424
820.75	0.044
820.875	0.0424
821.0	0.0424
821.125	0.0424
821.25	0.044
821.375	0.0424
821.5	0.0424
821.625	0.0424
821.75	0.044
821.875	0.044
822.0	0.0455
822.125	0.0424
822.25	0.0424
822.375	0.044
822.5	0.044
822.625	0.044
822.75	0.0448
822.875	0.044
823.0	0.0424
823.125	0.0424
823.25	0.0424
823.375	0.0424
823.5	0.0424
823.625	0.0424
823.75	0.0424
823.875	0.0424
824.0	0.0424
824.125	0.0432
824.25	0.0424
824.375	0.0424
824.5	0.0432
824.625	0.0416
824.75	0.0424
824.875	0.04
825.0	0.0424
825.125	0.0424
825.25	0.0424
825.375	0.0424
825.5	0.0432
825.625	0.0424
825.75	0.0424
825.875	0.0424
826.0	0.0424
826.125	0.044
826.25	0.0424
826.375	0.0424
826.5	0.0463
826.625	0.0448
826.75	0.0455
826.875	0.0448
827.0	0.0424
827.125	0.0455
827.25	0.0424
827.375	0.0424
827.5	0.0424
827.625	0.0424
827.75	0.044
827.875	0.0432
828.0	0.0463
828.125	0.0432
828.25	0.0432
828.375	0.0424
828.5	0.0424
828.625	0.0416
828.75	0.0424
828.875	0.0424
829.0	0.0424
829.125	0.0424
829.25	0.0424
829.375	0.044
829.5	0.0432
829.625	0.0424
829.75	0.0408
829.875	0.0424
830.0	0.0432
830.125	0.0432
830.25	0.0432
830.375	0.0455
830.5	0.0424
830.625	0.0424
830.75	0.044
830.875	0.0424
831.0	0.0424
831.125	0.0432
831.25	0.0424
831.375	0.0424
831.5	0.0432
831.625	0.0448
831.75	0.044
831.875	0.0424
832.0	0.044
832.125	0.0424
832.25	0.0432
832.375	0.0424
832.5	0.0432
832.625	0.0424
832.75	0.0424
832.875	0.0424
833.0	0.0424
833.125	0.0408
833.25	0.0424
833.375	0.0424
833.5	0.044
833.625	0.0424
833.75	0.0424
833.875	0.0424
834.0	0.0432
834.125	0.0424
834.25	0.0424
834.375	0.0424
834.5	0.0424
834.625	0.0424
834.75	0.0424
834.875	0.04
835.0	0.0424
835.125	0.0424
835.25	0.0424
835.375	0.0432
835.5	0.0424
835.625	0.0424
835.75	0.0424
835.875	0.0432
836.0	0.0432
836.125	0.0424
836.25	0.0424
836.375	0.0424
836.5	0.0424
836.625	0.0424
836.75	0.0424
836.875	0.0424
837.0	0.044
837.125	0.0424
837.25	0.0432
837.375	0.0408
837.5	0.0424
837.625	0.0424
837.75	0.0424
837.875	0.0448
838.0	0.0416
838.125	0.0432
838.25	0.0424
838.375	0.0432
838.5	0.0424
838.625	0.0424
838.75	0.0424
838.875	0.0424
839.0	0.0424
839.125	0.0424
839.25	0.0424
839.375	0.0424
839.5	0.0424
839.625	0.0424
839.75	0.0424
839.875	0.0424
840.0	0.0416
840.125	0.0424
840.25	0.0424
840.375	0.0424
840.5	0.0416
840.625	0.0424
840.75	0.0424
840.875	0.0424
841.0	0.0424
841.125	0.0432
841.25	0.0416
841.375	0.0424
841.5	0.0424
841.625	0.0424
841.75	0.044
841.875	0.0424
842.0	0.04
842.125	0.0424
842.25	0.0424
842.375	0.0424
842.5	0.0424
842.625	0.0424
842.75	0.0416
842.875	0.0424
843.0	0.0424
843.125	0.0424
843.25	0.0424
843.375	0.0424
843.5	0.0424
843.625	0.0408
843.75	0.0416
843.875	0.0424
844.0	0.0432
844.125	0.0424
844.25	0.0424
844.375	0.0424
844.5	0.0432
844.625	0.0424
844.75	0.0424
844.875	0.0424
845.0	0.0455
845.125	0.0424
845.25	0.0432
845.375	0.0424
845.5	0.0424
845.625	0.0424
845.75	0.044
845.875	0.0424
846.0	0.0424
846.125	0.0432
846.25	0.0424
846.375	0.0408
846.5	0.0424
846.625	0.044
846.75	0.0455
846.875	0.0424
847.0	0.0424
847.125	0.0424
847.25	0.0424
847.375	0.0424
847.5	0.0416
847.625	0.0424
847.75	0.0432
847.875	0.0408
848.0	0.0432
848.125	0.0448
848.25	0.0424
848.375	0.0408
848.5	0.0424
848.625	0.0424
848.75	0.0424
848.875	0.0424
849.0	0.0448
849.125	0.0455
849.25	0.0424
849.375	0.0424
849.5	0.0432
849.625	0.0424
849.75	0.0424
849.875	0.0424
850.0	0.044
850.125	0.0424
850.25	0.0408
850.375	0.0424
850.5	0.0424
850.625	0.0424
850.75	0.0455
850.875	0.0424
851.0	0.0408
851.125	0.0424
851.25	0.0424
851.375	0.0424
851.5	0.044
851.625	0.0424
851.75	0.0424
851.875	0.0424
852.0	0.0432
852.125	0.0424
852.25	0.0424
852.375	0.0424
852.5	0.0424
852.625	0.0432
852.75	0.0424
852.875	0.0424
853.0	0.0424
853.125	0.0432
853.25	0.0416
853.375	0.0424
853.5	0.0408
853.625	0.0424
853.75	0.0424
853.875	0.044
854.0	0.0424
854.125	0.0424
854.25	0.0432
854.375	0.0424
854.5	0.0448
854.625	0.0448
854.75	0.0432
854.875	0.0424
855.0	0.0408
855.125	0.0424
855.25	0.044
855.375	0.0432
855.5	0.0424
855.625	0.0432
855.75	0.0432
855.875	0.0432
856.0	0.0424
856.125	0.0424
856.25	0.0424
856.375	0.0432
856.5	0.0432
856.625	0.044
856.75	0.0424
856.875	0.0424
857.0	0.0424
857.125	0.0424
857.25	0.0416
857.375	0.0424
857.5	0.0424
857.625	0.0424
857.75	0.0416
857.875	0.0424
858.0	0.044
858.125	0.0448
858.25	0.0424
858.375	0.0424
858.5	0.0424
858.625	0.0424
858.75	0.0432
858.875	0.0455
859.0	0.0432
859.125	0.044
859.25	0.044
859.375	0.0424
859.5	0.0424
859.625	0.0424
859.75	0.0432
859.875	0.0424
860.0	0.0416
860.125	0.0416
860.25	0.0424
860.375	0.0424
860.5	0.0424
860.625	0.0424
860.75	0.0424
860.875	0.0432
861.0	0.0424
861.125	0.0424
861.25	0.0432
861.375	0.0424
861.5	0.0432
861.625	0.0432
861.75	0.0448
861.875	0.0448
862.0	0.0455
862.125	0.0463
862.25	0.044
862.375	0.044
862.5	0.0448
862.625	0.0432
862.75	0.0432
862.875	0.044
863.0	0.0432
863.125	0.0424
863.25	0.0424
863.375	0.0432
863.5	0.0424
863.625	0.0432
863.75	0.0424
863.875	0.0424
864.0	0.0432
864.125	0.0448
864.25	0.0432
864.375	0.0432
864.5	0.0463
864.625	0.0448
864.75	0.0432
864.875	0.0432
865.0	0.0424
865.125	0.0424
865.25	0.0416
865.375	0.0424
865.5	0.0424
865.625	0.0424
865.75	0.0424
865.875	0.0416
866.0	0.0424
866.125	0.0424
866.25	0.0432
866.375	0.0424
866.5	0.0448
866.625	0.0424
866.75	0.0424
866.875	0.0424
867.0	0.044
867.125	0.0424
867.25	0.0424
867.375	0.0424
867.5	0.0432
867.625	0.0424
867.75	0.0424
867.875	0.0424
868.0	0.0424
868.125	0.0424
868.25	0.0408
868.375	0.0416
868.5	0.0416
868.625	0.0424
868.75	0.0424
868.875	0.0424
869.0	0.0416
869.125	0.0408
869.25	0.0408
869.375	0.0424
869.5	0.0424
869.625	0.0424
869.75	0.0424
869.875	0.0424
870.0	0.0424
870.125	0.044
870.25	0.0424
870.375	0.0408
870.5	0.0424
870.625	0.0424
870.75	0.0416
870.875	0.0424
871.0	0.0432
871.125	0.0416
871.25	0.0416
871.375	0.0424
871.5	0.0432
871.625	0.0424
871.75	0.0416
871.875	0.0424
872.0	0.0424
872.125	0.0424
872.25	0.0424
872.375	0.0424
872.5	0.044
872.625	0.0424
872.75	0.0424
872.875	0.0416
873.0	0.0416
873.125	0.0424
873.25	0.044
873.375	0.0424
873.5	0.0432
873.625	0.0416
873.75	0.0424
873.875	0.0424
874.0	0.0424
874.125	0.0424
874.25	0.0424
874.375	0.0424
874.5	0.0424
874.625	0.0424
874.75	0.0424
874.875	0.0424
875.0	0.0424
875.125	0.0424
875.25	0.0424
875.375	0.0432
875.5	0.0455
875.625	0.0424
875.75	0.0393
875.875	0.0424
876.0	0.0424
876.125	0.044
876.25	0.044
876.375	0.0432
876.5	0.0432
876.625	0.04
876.75	0.0448
876.875	0.0424
877.0	0.0424
877.125	0.0424
877.25	0.0424
877.375	0.0416
877.5	0.0432
877.625	0.0432
877.75	0.0424
877.875	0.0408
878.0	0.0424
878.125	0.0424
878.25	0.0424
878.375	0.0424
878.5	0.0424
878.625	0.0424
878.75	0.044
878.875	0.0432
879.0	0.0424
879.125	0.0424
879.25	0.04
879.375	0.0385
879.5	0.0424
879.625	0.0416
879.75	0.0424
879.875	0.0424
880.0	0.0416
880.125	0.0424
880.25	0.0432
880.375	0.0424
880.5	0.0448
880.625	0.0448
880.75	0.0432
880.875	0.0432
881.0	0.0424
881.125	0.0424
881.25	0.0424
881.375	0.0424
881.5	0.0416
881.625	0.0416
881.75	0.0424
881.875	0.0424
882.0	0.0424
882.125	0.044
882.25	0.0424
882.375	0.0424
882.5	0.0416
882.625	0.0416
882.75	0.0424
882.875	0.0424
883.0	0.0424
883.125	0.0432
883.25	0.0408
883.375	0.0432
883.5	0.0432
883.625	0.0424
883.75	0.0424
883.875	0.0416
884.0	0.0416
884.125	0.044
884.25	0.0424
884.375	0.044
884.5	0.0424
884.625	0.0424
884.75	0.0424
884.875	0.0432
885.0	0.0432
885.125	0.0448
885.25	0.0448
885.375	0.0455
885.5	0.0424
885.625	0.0432
885.75	0.0424
885.875	0.0424
886.0	0.0424
886.125	0.0424
886.25	0.0424
886.375	0.0424
886.5	0.044
886.625	0.0455
886.75	0.0455
886.875	0.0448
887.0	0.0424
887.125	0.0424
887.25	0.0432
887.375	0.0448
887.5	0.0432
887.625	0.0424
887.75	0.0432
887.875	0.044
888.0	0.0455
888.125	0.0448
888.25	0.0424
888.375	0.0424
888.5	0.0424
888.625	0.0424
888.75	0.0424
888.875	0.0424
889.0	0.0424
889.125	0.0424
889.25	0.0424
889.375	0.0432
889.5	0.044
889.625	0.0448
889.75	0.0432
889.875	0.0424
890.0	0.0408
890.125	0.0424
890.25	0.0424
890.375	0.044
890.5	0.044
890.625	0.0424
890.75	0.0455
890.875	0.0424
891.0	0.0424
891.125	0.0424
891.25	0.0432
891.375	0.0424
891.5	0.044
891.625	0.044
891.75	0.0432
891.875	0.0424
892.0	0.0424
892.125	0.0424
892.25	0.0424
892.375	0.0424
892.5	0.0432
892.625	0.0448
892.75	0.0432
892.875	0.0424
893.0	0.0416
893.125	0.0424
893.25	0.0424
893.375	0.0455
893.5	0.0424
893.625	0.044
893.75	0.0455
893.875	0.0424
894.0	0.0424
894.125	0.0416
894.25	0.0408
894.375	0.0424
894.5	0.0424
894.625	0.0424
894.75	0.0424
894.875	0.0424
895.0	0.0424
895.125	0.044
895.25	0.0424
895.375	0.0448
895.5	0.0424
895.625	0.0424
895.75	0.0432
895.875	0.044
896.0	0.044
896.125	0.0424
896.25	0.0424
896.375	0.0424
896.5	0.0424
896.625	0.0424
896.75	0.0424
896.875	0.0416
897.0	0.0416
897.125	0.0424
897.25	0.0432
897.375	0.0424
897.5	0.0416
897.625	0.04
897.75	0.044
897.875	0.0424
898.0	0.0424
898.125	0.0424
898.25	0.0424
898.375	0.0424
898.5	0.0424
898.625	0.0424
898.75	0.0393
898.875	0.0432
899.0	0.0424
899.125	0.0424
899.25	0.0424
899.375	0.0455
899.5	0.0424
899.625	0.0424
899.75	0.0432
899.875	0.0424
