300.0	1.2767
300.125	1.2814
300.25	1.2783
300.375	1.2727
300.5	1.2783
300.625	1.2743
300.75	1.2775
300.875	1.2712
301.0	1.2735
301.125	1.2783
301.25	1.2743
301.375	1.2783
301.5	1.2735
301.625	1.2735
301.75	1.2727
301.875	1.2735
302.0	1.2712
302.125	1.272
302.25	1.2727
302.375	1.2735
302.5	1.2767
302.625	1.2743
302.75	1.2712
302.875	1.2735
303.0	1.2775
303.125	1.2775
303.25	1.2727
303.375	1.2759
303.5	1.2759
303.625	1.2759
303.75	1.2743
303.875	1.2735
304.0	1.2798
304.125	1.2775
304.25	1.2735
304.375	1.2759
304.5	1.279
304.625	1.2783
304.75	1.2814
304.875	1.2775
305.0	1.2814
305.125	1.283
305.25	1.2783
305.375	1.2759
305.5	1.279
305.625	1.2798
305.75	1.2798
305.875	1.279
306.0	1.2838
306.125	1.283
306.25	1.279
306.375	1.2806
306.5	1.2814
306.625	1.2806
306.75	1.2822
306.875	1.2798
307.0	1.2838
307.125	1.2853
307.25	1.2861
307.375	1.2838
307.5	1.2853
307.625	1.2861
307.75	1.2845
307.875	1.2924
308.0	1.2924
308.125	1.2885
308.25	1.29
308.375	1.2916
308.5	1.294
308.625	1.294
308.75	1.2948
308.875	1.2893
309.0	1.2948
309.125	1.2987
309.25	1.2971
309.375	1.3003
309.5	1.2987
309.625	1.2995
309.75	1.3042
309.875	1.3042
310.0	1.3003
310.125	1.3034
310.25	1.3066
310.375	1.3073
310.5	1.3058
310.625	1.3081
310.75	1.3113
310.875	1.3128
311.0	1.3152
311.125	1.3136
311.25	1.3097
311.375	1.316
311.5	1.3207
311.625	1.3183
311.75	1.3207
311.875	1.3223
312.0	1.3278
312.125	1.327
312.25	1.3262
312.375	1.3317
312.5	1.3333
312.625	1.3301
312.75	1.3341
312.875	1.3372
313.0	1.3396
313.125	1.3364
313.25	1.3411
313.375	1.3435
313.5	1.3427
313.625	1.349
313.75	1.3466
313.875	1.3427
314.0	1.3506
314.125	1.3529
314.25	1.3553
314.375	1.3569
314.5	1.3569
314.625	1.3632
314.75	1.3608
314.875	1.3608
315.0	1.3679
315.125	1.3632
315.25	1.3679
315.375	1.371
315.5	1.371
315.625	1.3757
315.75	1.3742
315.875	1.3773
316.0	1.3773
316.125	1.3773
316.25	1.3812
316.375	1.3812
316.5	1.3805
316.625	1.3765
316.75	1.3844
316.875	1.3836
317.0	1.3836
317.125	1.3867
317.25	1.3836
317.375	1.3875
317.5	1.3867
317.625	1.3852
317.75	1.382
317.875	1.3836
318.0	1.3836
318.125	1.3765
318.25	1.386
318.375	1.3797
318.5	1.382
318.625	1.3844
318.75	1.3844
318.875	1.3828
319.0	1.3789
319.125	1.3789
319.25	1.3773
319.375	1.3773
319.5	1.3742
319.625	1.3726
319.75	1.3679
319.875	1.3679
320.0	1.3687
320.125	1.3632
320.25	1.3632
320.375	1.3632
320.5	1.3624
320.625	1.3577
320.75	1.3561
320.875	1.3482
321.0	1.349
321.125	1.3474
321.25	1.3451
321.375	1.3404
321.5	1.3435
321.625	1.3396
321.75	1.3349
321.875	1.3341
322.0	1.3294
322.125	1.3238
322.25	1.3246
322.375	1.3278
322.5	1.3199
322.625	1.3207
322.75	1.3136
322.875	1.3121
323.0	1.3105
323.125	1.3058
323.25	1.2987
323.375	1.3018
323.5	1.3003
323.625	1.2924
323.75	1.2924
323.875	1.2893
324.0	1.2877
324.125	1.2853
324.25	1.2775
324.375	1.2759
324.5	1.2735
324.625	1.2735
324.75	1.2696
324.875	1.2696
325.0	1.261
325.125	1.2625
325.25	1.2625
325.375	1.261
325.5	1.2578
325.625	1.2547
325.75	1.2515
325.875	1.2523
326.0	1.2444
326.125	1.2484
326.25	1.2405
326.375	1.2405
326.5	1.2389
326.625	1.2374
326.75	1.2358
326.875	1.2334
327.0	1.2311
327.125	1.2264
327.25	1.2279
327.375	1.2303
327.5	1.2279
327.625	1.2256
327.75	1.2216
327.875	1.2201
328.0	1.2201
328.125	1.2122
328.25	1.2091
328.375	1.2122
328.5	1.213
328.625	1.2106
328.75	1.2106
328.875	1.2083
329.0	1.2091
329.125	1.2059
329.25	1.2075
329.375	1.2059
329.5	1.1996
329.625	1.2044
329.75	1.2012
329.875	1.1988
330.0	1.1988
330.125	1.1957
330.25	1.1988
330.375	1.1933
330.5	1.1933
330.625	1.1933
330.75	1.1949
330.875	1.1957
331.0	1.1973
331.125	1.1886
331.25	1.1918
331.375	1.1894
331.5	1.1918
331.625	1.1878
331.75	1.1847
331.875	1.1894
332.0	1.1878
332.125	1.1863
332.25	1.1871
332.375	1.18
332.5	1.1823
332.625	1.1816
332.75	1.1823
332.875	1.1831
333.0	1.18
333.125	1.1792
333.25	1.18
333.375	1.1831
333.5	1.1792
333.625	1.1729
333.75	1.1839
333.875	1.1745
334.0	1.1768
334.125	1.18
334.25	1.1729
334.375	1.1713
334.5	1.1729
334.625	1.1729
334.75	1.1698
334.875	1.1745
335.0	1.1721
335.125	1.1729
335.25	1.1761
335.375	1.1745
335.5	1.169
335.625	1.1729
335.75	1.169
335.875	1.1698
336.0	1.1705
336.125	1.1674
336.25	1.165
336.375	1.1698
336.5	1.1658
336.625	1.1705
336.75	1.1721
336.875	1.1674
337.0	1.169
337.125	1.1705
337.25	1.169
337.375	1.1666
337.5	1.1713
337.625	1.1705
337.75	1.1666
337.875	1.1682
338.0	1.1682
338.125	1.1666
338.25	1.169
338.375	1.1666
338.5	1.1658
338.625	1.1643
338.75	1.1666
338.875	1.1658
339.0	1.1674
339.125	1.1666
339.25	1.165
339.375	1.165
339.5	1.1619
339.625	1.169
339.75	1.1674
339.875	1.1713
340.0	1.165
340.125	1.1658
340.25	1.1674
340.375	1.1627
340.5	1.1721
340.625	1.1643
340.75	1.1698
340.875	1.1713
341.0	1.1682
341.125	1.1666
341.25	1.1627
341.375	1.1682
341.5	1.1682
341.625	1.1729
341.75	1.1658
341.875	1.1658
342.0	1.1729
342.125	1.1713
342.25	1.1698
342.375	1.169
342.5	1.1721
342.625	1.1705
342.75	1.1705
342.875	1.1721
343.0	1.1729
343.125	1.1682
343.25	1.1729
343.375	1.1705
343.5	1.1713
343.625	1.1745
343.75	1.1737
343.875	1.1761
344.0	1.1729
344.125	1.1753
344.25	1.1768
344.375	1.1792
344.5	1.1808
344.625	1.1776
344.75	1.1816
344.875	1.1808
345.0	1.1776
345.125	1.1839
345.25	1.1823
345.375	1.1816
345.5	1.1831
345.625	1.1855
345.75	1.1839
345.875	1.1863
346.0	1.1855
346.125	1.1855
346.25	1.1878
346.375	1.1871
346.5	1.1918
346.625	1.1886
346.75	1.1926
346.875	1.1902
347.0	1.1957
347.125	1.1894
347.25	1.1973
347.375	1.1949
347.5	1.1973
347.625	1.1981
347.75	1.1988
347.875	1.1981
348.0	1.2004
348.125	1.1996
348.25	1.2028
348.375	1.2036
348.5	1.2051
348.625	1.2114
348.75	1.2051
348.875	1.2075
349.0	1.2106
349.125	1.2099
349.25	1.2106
349.375	1.2114
349.5	1.2099
349.625	1.2169
349.75	1.2138
349.875	1.2138
350.0	1.2185
350.125	1.2201
350.25	1.2224
350.375	1.2256
350.5	1.224
350.625	1.2279
350.75	1.2256
350.875	1.2311
351.0	1.2311
351.125	1.2248
351.25	1.2327
351.375	1.2342
351.5	1.2366
351.625	1.2389
351.75	1.2397
351.875	1.2397
352.0	1.2452
352.125	1.2429
352.25	1.2429
352.375	1.2468
352.5	1.2421
352.625	1.2531
352.75	1.2555
352.875	1.2555
353.0	1.2562
353.125	1.2547
353.25	1.2602
353.375	1.2594
353.5	1.2633
353.625	1.2672
353.75	1.2688
353.875	1.2672
354.0	1.2712
354.125	1.2759
354.25	1.2735
354.375	1.2735
354.5	1.2775
354.625	1.2775
354.75	1.2845
354.875	1.2822
355.0	1.2861
355.125	1.2893
355.25	1.2924
355.375	1.294
355.5	1.2916
355.625	1.294
355.75	1.3066
355.875	1.3026
356.0	1.3089
356.125	1.3144
356.25	1.3105
356.375	1.316
356.5	1.3176
356.625	1.3176
356.75	1.3207
356.875	1.3286
357.0	1.3301
357.125	1.3356
357.25	1.3278
357.375	1.3356
357.5	1.3404
357.625	1.3435
357.75	1.3427
357.875	1.349
358.0	1.3522
358.125	1.3553
358.25	1.3624
358.375	1.36
358.5	1.3545
358.625	1.3616
358.75	1.3671
358.875	1.3694
359.0	1.3702
359.125	1.3797
359.25	1.3805
359.375	1.3852
359.5	1.3891
359.625	1.386
359.75	1.3922
359.875	1.397
360.0	1.3977
360.125	1.4009
360.25	1.404
360.375	1.4095
360.5	1.4056
360.625	1.4088
360.75	1.4166
360.875	1.4213
361.0	1.4213
361.125	1.4261
361.25	1.4363
361.375	1.4339
361.5	1.4378
361.625	1.4394
361.75	1.4449
361.875	1.4528
362.0	1.4528
362.125	1.4544
362.25	1.4622
362.375	1.4709
362.5	1.4732
362.625	1.474
362.75	1.4803
362.875	1.4858
363.0	1.4834
363.125	1.485
363.25	1.4968
363.375	1.5
363.5	1.4984
363.625	1.5031
363.75	1.507
363.875	1.5094
364.0	1.511
364.125	1.5196
364.25	1.5204
364.375	1.533
364.5	1.5283
364.625	1.533
364.75	1.5377
364.875	1.5471
365.0	1.544
365.125	1.5479
365.25	1.5503
365.375	1.5573
365.5	1.5613
365.625	1.5652
365.75	1.5715
365.875	1.5746
366.0	1.5738
366.125	1.5833
366.25	1.5849
366.375	1.5959
366.5	1.5959
366.625	1.5974
366.75	1.5982
366.875	1.6037
367.0	1.6155
367.125	1.6163
367.25	1.6187
367.375	1.6257
367.5	1.6234
367.625	1.632
367.75	1.6391
367.875	1.6422
368.0	1.6454
368.125	1.6454
368.25	1.6548
368.375	1.658
368.5	1.6603
368.625	1.6705
368.75	1.6713
368.875	1.6761
369.0	1.6816
369.125	1.6839
369.25	1.6902
369.375	1.6902
369.5	1.6981
369.625	1.7004
369.75	1.7036
369.875	1.7122
370.0	1.7185
370.125	1.7185
370.25	1.7232
370.375	1.7287
370.5	1.7342
370.625	1.7389
370.75	1.7421
370.875	1.7429
371.0	1.7515
371.125	1.7539
371.25	1.7562
371.375	1.7672
371.5	1.7665
371.625	1.7712
371.75	1.7759
371.875	1.7783
372.0	1.7806
372.125	1.783
372.25	1.7861
372.375	1.794
372.5	1.7893
372.625	1.8018
372.75	1.8058
372.875	1.8058
373.0	1.8121
373.125	1.8176
373.25	1.8238
373.375	1.8207
373.5	1.8246
373.625	1.827
373.75	1.8333
373.875	1.8333
374.0	1.8356
374.125	1.8372
374.25	1.8419
374.375	1.8498
374.5	1.8514
374.625	1.8482
374.75	1.849
374.875	1.8545
375.0	1.8616
375.125	1.8624
375.25	1.8632
375.375	1.8616
375.5	1.8702
375.625	1.8694
375.75	1.8718
375.875	1.8797
376.0	1.8773
376.125	1.8789
376.25	1.8867
376.375	1.8867
376.5	1.8875
376.625	1.8891
376.75	1.8891
376.875	1.8915
377.0	1.8946
377.125	1.893
377.25	1.8946
377.375	1.8946
377.5	1.897
377.625	1.8962
377.75	1.8993
377.875	1.9009
378.0	1.8993
378.125	1.8954
378.25	1.9009
378.375	1.9009
378.5	1.9017
378.625	1.8946
378.75	1.897
378.875	1.9017
379.0	1.9017
379.125	1.8954
379.25	1.9009
379.375	1.9056
379.5	1.9001
379.625	1.9056
379.75	1.9048
379.875	1.9025
380.0	1.9064
380.125	1.9033
380.25	1.9056
380.375	1.8993
380.5	1.9088
380.625	1.9088
380.75	1.9009
380.875	1.9135
381.0	1.9033
381.125	1.908
381.25	1.9056
381.375	1.9103
381.5	1.9072
381.625	1.9048
381.75	1.9088
381.875	1.9056
382.0	1.9166
382.125	1.9103
382.25	1.9103
382.375	1.9158
382.5	1.9119
382.625	1.9198
382.75	1.9182
382.875	1.919
383.0	1.9166
383.125	1.9237
383.25	1.9198
383.375	1.9245
383.5	1.9323
383.625	1.9268
383.75	1.93
383.875	1.9339
384.0	1.9363
384.125	1.9386
384.25	1.9402
384.375	1.9402
384.5	1.9394
384.625	1.9449
384.75	1.9512
384.875	1.9504
385.0	1.9559
385.125	1.9575
385.25	1.9606
385.375	1.9622
385.5	1.9661
385.625	1.9661
385.75	1.974
385.875	1.974
386.0	1.9772
386.125	1.9834
386.25	1.9842
386.375	1.985
386.5	1.9897
386.625	1.9866
386.75	1.9905
386.875	1.9905
387.0	1.9921
387.125	1.9882
387.25	1.9803
387.375	1.9803
387.5	1.974
387.625	1.9724
387.75	1.9716
387.875	1.9685
388.0	1.9693
388.125	1.9661
388.25	1.9622
388.375	1.9614
388.5	1.9661
388.625	1.9677
388.75	1.963
388.875	1.9661
389.0	1.9732
389.125	1.9795
389.25	1.9787
389.375	1.9811
389.5	1.9874
389.625	1.9874
389.75	1.9976
389.875	2.0055
390.0	2.0047
390.125	2.0125
390.25	2.0235
390.375	2.0345
390.5	2.0338
390.625	2.0479
390.75	2.0526
390.875	2.0613
391.0	2.0746
391.125	2.0841
391.25	2.0911
391.375	2.1014
391.5	2.1132
391.625	2.1226
391.75	2.1383
391.875	2.1501
392.0	2.1627
392.125	2.1698
392.25	2.1871
392.375	2.2036
392.5	2.2216
392.625	2.2327
392.75	2.25
392.875	2.2657
393.0	2.2877
393.125	2.3034
393.25	2.3254
393.375	2.3451
393.5	2.3655
393.625	2.3907
393.75	2.4064
393.875	2.4268
394.0	2.4418
394.125	2.474
394.25	2.4968
394.375	2.5275
394.5	2.5534
394.625	2.5778
394.75	2.6037
394.875	2.6367
395.0	2.6603
395.125	2.7059
395.25	2.7429
395.375	2.7727
395.5	2.8183
395.625	2.8537
395.75	2.8907
395.875	2.9213
396.0	2.9716
396.125	3.0141
396.25	3.0597
396.375	3.1037
396.5	3.1493
396.625	3.1996
396.75	3.2476
396.875	3.3267
397.0	3.3738
397.125	3.4383
397.25	3.498
397.375	3.5601
397.5	3.6222
397.625	3.6804
397.75	3.7543
397.875	3.8117
398.0	3.8872
398.125	3.9658
398.25	4.0483
398.375	4.123
398.5	4.2017
398.625	4.2842
398.75	4.3581
398.875	4.4627
399.0	4.5499
399.125	4.6372
399.25	4.7307
399.375	4.741
399.5	4.741
399.625	4.7417
399.75	4.7425
399.875	4.7417
400.0	4.7425
400.125	4.741
400.25	4.7417
400.375	4.7425
400.5	4.7425
400.625	4.7425
400.75	4.741
400.875	4.7417
401.0	4.7425
401.125	4.7417
401.25	4.7394
401.375	4.7425
401.5	4.7417
401.625	4.741
401.75	4.741
401.875	4.741
402.0	4.7394
402.125	4.7417
402.25	4.741
402.375	4.7402
402.5	4.7394
402.625	4.7386
402.75	4.7417
402.875	4.7386
403.0	4.7425
403.125	4.7425
403.25	4.7425
403.375	4.7425
403.5	4.741
403.625	4.7417
403.75	4.7394
403.875	4.741
404.0	4.7394
404.125	4.7386
404.25	4.7425
404.375	4.741
404.5	4.7417
404.625	4.7394
404.75	4.7417
404.875	4.741
405.0	4.7417
405.125	4.741
405.25	4.741
405.375	4.741
405.5	4.741
405.625	4.7402
405.75	4.741
405.875	4.741
406.0	4.741
406.125	4.741
406.25	4.741
406.375	4.7378
406.5	4.7425
406.625	4.741
406.75	4.7394
406.875	4.7402
407.0	4.7402
407.125	4.7417
407.25	4.7417
407.375	4.7402
407.5	4.7394
407.625	4.741
407.75	4.741
407.875	4.7386
408.0	4.7402
408.125	4.741
408.25	4.7402
408.375	4.7402
408.5	4.7402
408.625	4.7394
408.75	4.7417
408.875	4.741
409.0	4.7402
409.125	4.7386
409.25	4.7402
409.375	4.7394
409.5	4.741
409.625	4.7386
409.75	4.7394
409.875	4.7386
410.0	4.7378
410.125	4.7378
410.25	4.7378
410.375	4.7378
410.5	4.7402
410.625	4.7386
410.75	4.7378
410.875	4.7394
411.0	4.741
411.125	4.7394
411.25	4.7386
411.375	4.7402
411.5	4.7394
411.625	4.7386
411.75	4.7378
411.875	4.7402
412.0	4.7378
412.125	4.741
412.25	4.7386
412.375	4.7402
412.5	4.7394
412.625	4.7378
412.75	4.7394
412.875	4.7394
413.0	4.7378
413.125	4.7378
413.25	4.7378
413.375	4.7386
413.5	4.7394
413.625	4.7394
413.75	4.7378
413.875	4.7378
414.0	4.7394
414.125	4.7386
414.25	4.7378
414.375	4.7402
414.5	4.7386
414.625	4.7394
414.75	4.7378
414.875	4.7394
415.0	4.7394
415.125	4.7386
415.25	4.7386
415.375	4.741
415.5	4.7378
415.625	4.7402
415.75	4.7378
415.875	4.741
416.0	4.7378
416.125	4.7394
416.25	4.7394
416.375	4.7378
416.5	4.7394
416.625	4.7378
416.75	4.7378
416.875	4.7386
417.0	4.7394
417.125	4.7378
417.25	4.7378
417.375	4.7394
417.5	4.7378
417.625	4.7386
417.75	4.7378
417.875	4.7386
418.0	4.7378
418.125	4.7386
418.25	4.7378
418.375	4.737
418.5	4.7378
418.625	4.7378
418.75	4.7378
418.875	4.7386
419.0	4.7386
419.125	4.7386
419.25	4.7386
419.375	4.7394
419.5	4.7386
419.625	4.7378
419.75	4.7386
419.875	4.7378
420.0	4.7386
420.125	4.737
420.25	4.7386
420.375	4.7378
420.5	4.7378
420.625	4.7378
420.75	4.7378
420.875	4.7394
421.0	4.7378
421.125	4.7378
421.25	4.7394
421.375	4.7378
421.5	4.7394
421.625	4.7386
421.75	4.7378
421.875	4.7378
422.0	4.7386
422.125	4.7378
422.25	4.7362
422.375	4.7402
422.5	4.7378
422.625	4.7394
422.75	4.7378
422.875	4.7386
423.0	4.7378
423.125	4.7378
423.25	4.7378
423.375	4.7378
423.5	4.7378
423.625	4.7378
423.75	4.7378
423.875	4.737
424.0	4.7378
424.125	4.7378
424.25	4.7386
424.375	4.7394
424.5	4.737
424.625	4.7378
424.75	4.7378
424.875	4.7378
425.0	4.7378
425.125	4.7378
425.25	4.7378
425.375	4.7378
425.5	4.7378
425.625	4.7378
425.75	4.7378
425.875	4.7394
426.0	4.7378
426.125	4.7386
426.25	4.7386
426.375	4.7378
426.5	4.7378
426.625	4.7386
426.75	4.7394
426.875	4.7378
427.0	4.7386
427.125	4.7378
427.25	4.7394
427.375	4.7378
427.5	4.7378
427.625	4.7378
427.75	4.7378
427.875	4.7386
428.0	4.7378
428.125	4.7378
428.25	4.7378
428.375	4.7378
428.5	4.7386
428.625	4.7378
428.75	4.7378
428.875	4.7378
429.0	4.7378
429.125	4.7378
429.25	4.7378
429.375	4.7378
429.5	4.7378
429.625	4.7386
429.75	4.7402
429.875	4.737
430.0	4.7378
430.125	4.741
430.25	4.7402
430.375	4.7355
430.5	4.7378
430.625	4.7378
430.75	4.7378
430.875	4.7378
431.0	4.7378
431.125	4.7386
431.25	4.7386
431.375	4.7386
431.5	4.7394
431.625	4.7378
431.75	4.7378
431.875	4.7386
432.0	4.7378
432.125	4.7378
432.25	4.7402
432.375	4.7378
432.5	4.7378
432.625	4.7378
432.75	4.7378
432.875	4.7378
433.0	4.7386
433.125	4.7378
433.25	4.7386
433.375	4.7378
433.5	4.7378
433.625	4.7386
433.75	4.7378
433.875	4.7394
434.0	4.7378
434.125	4.7378
434.25	4.7386
434.375	4.7378
434.5	4.7378
434.625	4.7386
434.75	4.7378
434.875	4.7378
435.0	4.7378
435.125	4.7378
435.25	4.7378
435.375	4.7378
435.5	4.737
435.625	4.7378
435.75	4.7362
435.875	4.7378
436.0	4.7378
436.125	4.737
436.25	4.7378
436.375	4.7378
436.5	4.737
436.625	4.7386
436.75	4.7378
436.875	4.737
437.0	4.7378
437.125	4.7378
437.25	4.7378
437.375	4.7378
437.5	4.7378
437.625	4.737
437.75	4.737
437.875	4.7378
438.0	4.7402
438.125	4.7378
438.25	4.7378
438.375	4.7386
438.5	4.7378
438.625	4.7394
438.75	4.7378
438.875	4.7378
439.0	4.737
439.125	4.7378
439.25	4.7378
439.375	4.7378
439.5	4.7355
439.625	4.737
439.75	4.7378
439.875	4.7386
440.0	4.7378
440.125	4.737
440.25	4.7362
440.375	4.7378
440.5	4.737
440.625	4.7378
440.75	4.737
440.875	4.7362
441.0	4.7362
441.125	4.7378
441.25	4.7378
441.375	4.7386
441.5	4.7378
441.625	4.7378
441.75	4.7378
441.875	4.7378
442.0	4.7378
442.125	4.7378
442.25	4.7378
442.375	4.7386
442.5	4.7378
442.625	4.7378
442.75	4.7378
442.875	4.7378
443.0	4.737
443.125	4.7394
443.25	4.7386
443.375	4.737
443.5	4.7378
443.625	4.7378
443.75	4.7378
443.875	4.7378
444.0	4.7378
444.125	4.737
444.25	4.7386
444.375	4.7386
444.5	4.7378
444.625	4.7378
444.75	4.7378
444.875	4.7378
445.0	4.7378
445.125	4.7386
445.25	4.7378
445.375	4.7386
445.5	4.7378
445.625	4.7378
445.75	4.7378
445.875	4.7378
446.0	4.7362
446.125	4.7378
446.25	4.737
446.375	4.7378
446.5	4.7378
446.625	4.7386
446.75	4.7378
446.875	4.7378
447.0	4.7378
447.125	4.7378
447.25	4.7386
447.375	4.7362
447.5	4.7378
447.625	4.7378
447.75	4.737
447.875	4.7362
448.0	4.7386
448.125	4.7362
448.25	4.7378
448.375	4.7378
448.5	4.737
448.625	4.7378
448.75	4.7378
448.875	4.7378
449.0	4.7362
449.125	4.7378
449.25	4.7378
449.375	4.7378
449.5	4.7355
449.625	4.7378
449.75	4.7362
449.875	4.7378
450.0	4.7378
450.125	4.7378
450.25	4.7355
450.375	4.7378
450.5	4.7378
450.625	4.737
450.75	4.737
450.875	4.7362
451.0	4.7378
451.125	4.7378
451.25	4.7378
451.375	4.7394
451.5	4.7378
451.625	4.7386
451.75	4.7378
451.875	4.737
452.0	4.737
452.125	4.7378
452.25	4.7378
452.375	4.7378
452.5	4.737
452.625	4.7378
452.75	4.7378
452.875	4.7378
453.0	4.7394
453.125	4.7394
453.25	4.7378
453.375	4.7378
453.5	4.7378
453.625	4.7378
453.75	4.737
453.875	4.7402
454.0	4.7402
454.125	4.7386
454.25	4.7378
454.375	4.7378
454.5	4.7378
454.625	4.7386
454.75	4.7394
454.875	4.7378
455.0	4.7386
455.125	4.7386
455.25	4.7386
455.375	4.7378
455.5	4.7386
455.625	4.7378
455.75	4.7394
455.875	4.7378
456.0	4.7378
456.125	4.7386
456.25	4.7378
456.375	4.7378
456.5	4.7386
456.625	4.7378
456.75	4.7386
456.875	4.7378
457.0	4.7362
457.125	4.7378
457.25	4.7378
457.375	4.7378
457.5	4.7378
457.625	4.7386
457.75	4.7386
457.875	4.7362
458.0	4.7378
458.125	4.7386
458.25	4.7378
458.375	4.7378
458.5	4.7378
458.625	4.7386
458.75	4.7378
458.875	4.7378
459.0	4.7386
459.125	4.7378
459.25	4.7378
459.375	4.7378
459.5	4.7378
459.625	4.7386
459.75	4.7386
459.875	4.737
460.0	4.737
460.125	4.7386
460.25	4.7386
460.375	4.7394
460.5	4.7386
460.625	4.7378
460.75	4.737
460.875	4.7378
461.0	4.7394
461.125	4.7386
461.25	4.7386
461.375	4.7378
461.5	4.7378
461.625	4.7386
461.75	4.7378
461.875	4.737
462.0	4.7386
462.125	4.7378
462.25	4.7386
462.375	4.7394
462.5	4.7378
462.625	4.7386
462.75	4.7386
462.875	4.7394
463.0	4.7394
463.125	4.7394
463.25	4.7378
463.375	4.7386
463.5	4.7394
463.625	4.7378
463.75	4.7386
463.875	4.7378
464.0	4.7378
464.125	4.7378
464.25	4.7378
464.375	4.7386
464.5	4.7394
464.625	4.7378
464.75	4.7402
464.875	4.7378
465.0	4.7386
465.125	4.7386
465.25	4.7378
465.375	4.7378
465.5	4.7378
465.625	4.7386
465.75	4.7378
465.875	4.7378
466.0	4.7378
466.125	4.7378
466.25	4.741
466.375	4.7386
466.5	4.7386
466.625	4.7378
466.75	4.7378
466.875	4.7386
467.0	4.7386
467.125	4.737
467.25	4.7378
467.375	4.7386
467.5	4.7378
467.625	4.7402
467.75	4.737
467.875	4.7378
468.0	4.7386
468.125	4.7378
468.25	4.7386
468.375	4.741
468.5	4.7394
468.625	4.7378
468.75	4.7378
468.875	4.7386
469.0	4.7378
469.125	4.7378
469.25	4.7378
469.375	4.7394
469.5	4.7386
469.625	4.7378
469.75	4.7378
469.875	4.7378
470.0	4.7386
470.125	4.7386
470.25	4.7386
470.375	4.7378
470.5	4.7394
470.625	4.7378
470.75	4.7378
470.875	4.7378
471.0	4.7378
471.125	4.737
471.25	4.7386
471.375	4.7378
471.5	4.7386
471.625	4.7378
471.75	4.7378
471.875	4.7378
472.0	4.7378
472.125	4.7394
472.25	4.7378
472.375	4.7378
472.5	4.7378
472.625	4.7378
472.75	4.7378
472.875	4.7386
473.0	4.7394
473.125	4.7378
473.25	4.7386
473.375	4.7378
473.5	4.7378
473.625	4.7386
473.75	4.7378
473.875	4.7378
474.0	4.7386
474.125	4.7378
474.25	4.7378
474.375	4.7378
474.5	4.7386
474.625	4.7386
474.75	4.7378
474.875	4.7378
475.0	4.7386
475.125	4.7378
475.25	4.7386
475.375	4.7378
475.5	4.7386
475.625	4.7378
475.75	4.7378
475.875	4.7378
476.0	4.7378
476.125	4.7378
476.25	4.7386
476.375	4.7394
476.5	4.7378
476.625	4.7394
476.75	4.7386
476.875	4.7378
477.0	4.7378
477.125	4.7386
477.25	4.7378
477.375	4.7386
477.5	4.7386
477.625	4.7378
477.75	4.7386
477.875	4.7378
478.0	4.7378
478.125	4.7386
478.25	4.7394
478.375	4.7386
478.5	4.737
478.625	4.7394
478.75	4.7378
478.875	4.7386
479.0	4.7394
479.125	4.7378
479.25	4.7394
479.375	4.7378
479.5	4.7386
479.625	4.7378
479.75	4.7394
479.875	4.7378
480.0	4.7394
480.125	4.7378
480.25	4.7402
480.375	4.7378
480.5	4.7378
480.625	4.7386
480.75	4.7378
480.875	4.7378
481.0	4.7378
481.125	4.7386
481.25	4.7386
481.375	4.7386
481.5	4.7378
481.625	4.7386
481.75	4.7378
481.875	4.7386
482.0	4.7378
482.125	4.7378
482.25	4.7378
482.375	4.7386
482.5	4.7378
482.625	4.7386
482.75	4.7386
482.875	4.7378
483.0	4.7378
483.125	4.7386
483.25	4.7386
483.375	4.7378
483.5	4.7386
483.625	4.7378
483.75	4.7394
483.875	4.7386
484.0	4.7378
484.125	4.7378
484.25	4.7386
484.375	4.7378
484.5	4.7386
484.625	4.7378
484.75	4.7378
484.875	4.7386
485.0	4.7378
485.125	4.7378
485.25	4.7378
485.375	4.7386
485.5	4.7378
485.625	4.7378
485.75	4.7386
485.875	4.7394
486.0	4.7378
486.125	4.7378
486.25	4.7378
486.375	4.737
486.5	4.7378
486.625	4.7378
486.75	4.7378
486.875	4.7378
487.0	4.7378
487.125	4.7378
487.25	4.7386
487.375	4.7378
487.5	4.7378
487.625	4.7378
487.75	4.7378
487.875	4.7378
488.0	4.7378
488.125	4.7378
488.25	4.7378
488.375	4.7378
488.5	4.7378
488.625	4.7378
488.75	4.737
488.875	4.7378
489.0	4.7378
489.125	4.7378
489.25	4.7378
489.375	4.7378
489.5	4.7378
489.625	4.7378
489.75	4.7378
489.875	4.7378
490.0	4.7378
490.125	4.7378
490.25	4.737
490.375	4.7378
490.5	4.737
490.625	4.7378
490.75	4.7378
490.875	4.7378
491.0	4.737
491.125	4.7378
491.25	4.737
491.375	4.7378
491.5	4.7378
491.625	4.7378
491.75	4.7378
491.875	4.7378
492.0	4.737
492.125	4.7378
492.25	4.737
492.375	4.7378
492.5	4.7378
492.625	4.7378
492.75	4.7378
492.875	4.7378
493.0	4.7378
493.125	4.7378
493.25	4.7378
493.375	4.7378
493.5	4.7378
493.625	4.7378
493.75	4.737
493.875	4.7378
494.0	4.7378
494.125	4.7378
494.25	4.737
494.375	4.7378
494.5	4.7378
494.625	4.7378
494.75	4.7362
494.875	4.7386
495.0	4.7378
495.125	4.7378
495.25	4.7378
495.375	4.7378
495.5	4.7386
495.625	4.7378
495.75	4.7378
495.875	4.7378
496.0	4.7378
496.125	4.7378
496.25	4.7386
496.375	4.7378
496.5	4.7378
496.625	4.7378
496.75	4.7378
496.875	4.7378
497.0	4.7378
497.125	4.7378
497.25	4.7378
497.375	4.7378
497.5	4.7378
497.625	4.737
497.75	4.7378
497.875	4.7378
498.0	4.7378
498.125	4.737
498.25	4.7378
498.375	4.7378
498.5	4.7378
498.625	4.7378
498.75	4.7402
498.875	4.7378
499.0	4.7378
499.125	4.737
499.25	4.7378
499.375	4.7355
499.5	4.7339
499.625	4.7378
499.75	4.7378
499.875	4.7378
500.0	4.737
500.125	4.737
500.25	4.737
500.375	4.7378
500.5	4.7378
500.625	4.7394
500.75	4.7378
500.875	4.7378
501.0	4.7386
501.125	4.7378
501.25	4.7378
501.375	4.7378
501.5	4.7378
501.625	4.737
501.75	4.7378
501.875	4.7378
502.0	4.7355
502.125	4.7378
502.25	4.7378
502.375	4.7347
502.5	4.7378
502.625	4.7378
502.75	4.7378
502.875	4.7378
503.0	4.7378
503.125	4.7378
503.25	4.7378
503.375	4.7378
503.5	4.7378
503.625	4.7355
503.75	4.7378
503.875	4.7378
504.0	4.7378
504.125	4.737
504.25	4.7378
504.375	4.7378
504.5	4.7378
504.625	4.737
504.75	4.7378
504.875	4.737
505.0	4.7378
505.125	4.7378
505.25	4.7378
505.375	4.737
505.5	4.7378
505.625	4.737
505.75	4.7378
505.875	4.7378
506.0	4.7378
506.125	4.7378
506.25	4.7378
506.375	4.7378
506.5	4.737
506.625	4.7378
506.75	4.737
506.875	4.7378
507.0	4.737
507.125	4.7378
507.25	4.7378
507.375	4.7378
507.5	4.7378
507.625	4.7378
507.75	4.7362
507.875	4.7378
508.0	4.737
508.125	4.7355
508.25	4.7378
508.375	4.7355
508.5	4.7378
508.625	4.737
508.75	4.737
508.875	4.737
509.0	4.7378
509.125	4.7362
509.25	4.7362
509.375	4.737
509.5	4.7355
509.625	4.7378
509.75	4.7378
509.875	4.7378
510.0	4.7378
510.125	4.7378
510.25	4.7378
510.375	4.7378
510.5	4.7378
510.625	4.737
510.75	4.737
510.875	4.7362
511.0	4.7378
511.125	4.737
511.25	4.737
511.375	4.7355
511.5	4.7355
511.625	4.7378
511.75	4.7355
511.875	4.7362
512.0	4.7347
512.125	4.7378
512.25	4.7362
512.375	4.7347
512.5	4.7355
512.625	4.7378
512.75	4.737
512.875	4.7362
513.0	4.7378
513.125	4.7355
513.25	4.7362
513.375	4.737
513.5	4.7378
513.625	4.7355
513.75	4.737
513.875	4.737
514.0	4.7355
514.125	4.7378
514.25	4.7378
514.375	4.737
514.5	4.7355
514.625	4.737
514.75	4.7362
514.875	4.7362
515.0	4.7362
515.125	4.737
515.25	4.7378
515.375	4.737
515.5	4.7362
515.625	4.737
515.75	4.7355
515.875	4.7378
516.0	4.7362
516.125	4.737
516.25	4.7347
516.375	4.7378
516.5	4.7378
516.625	4.7378
516.75	4.7362
516.875	4.7378
517.0	4.7378
517.125	4.7362
517.25	4.7362
517.375	4.7378
517.5	4.7362
517.625	4.7362
517.75	4.7378
517.875	4.737
518.0	4.7386
518.125	4.7378
518.25	4.737
518.375	4.7378
518.5	4.737
518.625	4.7378
518.75	4.7362
518.875	4.7378
519.0	4.7378
519.125	4.7362
519.25	4.7378
519.375	4.7378
519.5	4.7378
519.625	4.737
519.75	4.7355
519.875	4.7386
520.0	4.7362
520.125	4.7378
520.25	4.7378
520.375	4.7378
520.5	4.7378
520.625	4.7378
520.75	4.737
520.875	4.7378
521.0	4.7378
521.125	4.7378
521.25	4.7378
521.375	4.7378
521.5	4.7378
521.625	4.7378
521.75	4.7378
521.875	4.7378
522.0	4.7378
522.125	4.7378
522.25	4.7378
522.375	4.7378
522.5	4.7378
522.625	4.7378
522.75	4.7347
522.875	4.737
523.0	4.7362
523.125	4.7378
523.25	4.7378
523.375	4.7378
523.5	4.7378
523.625	4.737
523.75	4.7378
523.875	4.7362
524.0	4.7378
524.125	4.737
524.25	4.7378
524.375	4.737
524.5	4.7378
524.625	4.7378
524.75	4.737
524.875	4.7378
525.0	4.737
525.125	4.7378
525.25	4.7378
525.375	4.7378
525.5	4.7378
525.625	4.7378
525.75	4.737
525.875	4.7378
526.0	4.737
526.125	4.7378
526.25	4.737
526.375	4.7362
526.5	4.737
526.625	4.7378
526.75	4.737
526.875	4.7378
527.0	4.7378
527.125	4.737
527.25	4.7378
527.375	4.7378
527.5	4.7362
527.625	4.7378
527.75	4.7378
527.875	4.7378
528.0	4.7378
528.125	4.7378
528.25	4.737
528.375	4.7378
528.5	4.7355
528.625	4.7378
528.75	4.7378
528.875	4.7362
529.0	4.7347
529.125	4.7362
529.25	4.7362
529.375	4.7378
529.5	4.737
529.625	4.737
529.75	4.7378
529.875	4.7339
530.0	4.7378
530.125	4.737
530.25	4.737
530.375	4.737
530.5	4.7378
530.625	4.7362
530.75	4.7378
530.875	4.7378
531.0	4.7378
531.125	4.7378
531.25	4.7362
531.375	4.7378
531.5	4.7362
531.625	4.737
531.75	4.7378
531.875	4.7378
532.0	4.737
532.125	4.7378
532.25	4.7355
532.375	4.7378
532.5	4.7378
532.625	4.737
532.75	4.7378
532.875	4.7378
533.0	4.737
533.125	4.737
533.25	4.7378
533.375	4.7362
533.5	4.737
533.625	4.7378
533.75	4.737
533.875	4.7378
534.0	4.7378
534.125	4.7378
534.25	4.7378
534.375	4.7378
534.5	4.7378
534.625	4.737
534.75	4.7362
534.875	4.7378
535.0	4.7378
535.125	4.7362
535.25	4.7355
535.375	4.7355
535.5	4.7378
535.625	4.7378
535.75	4.7378
535.875	4.7378
536.0	4.7355
536.125	4.737
536.25	4.7378
536.375	4.7378
536.5	4.7355
536.625	4.7362
536.75	4.737
536.875	4.7378
537.0	4.7331
537.125	4.7355
537.25	4.7347
537.375	4.737
537.5	4.737
537.625	4.737
537.75	4.7378
537.875	4.7378
538.0	4.737
538.125	4.7378
538.25	4.7378
538.375	4.7378
538.5	4.737
538.625	4.737
538.75	4.7362
538.875	4.7347
539.0	4.7355
539.125	4.7378
539.25	4.7378
539.375	4.7378
539.5	4.7378
539.625	4.7378
539.75	4.7355
539.875	4.737
540.0	4.737
540.125	4.7378
540.25	4.7362
540.375	4.7378
540.5	4.737
540.625	4.7347
540.75	4.7378
540.875	4.7378
541.0	4.737
541.125	4.737
541.25	4.7378
541.375	4.7378
541.5	4.7355
541.625	4.737
541.75	4.7378
541.875	4.7378
542.0	4.737
542.125	4.7362
542.25	4.7378
542.375	4.7362
542.5	4.7362
542.625	4.737
542.75	4.737
542.875	4.7378
543.0	4.737
543.125	4.737
543.25	4.7378
543.375	4.7355
543.5	4.7378
543.625	4.737
543.75	4.7362
543.875	4.7378
544.0	4.7355
544.125	4.737
544.25	4.7362
544.375	4.7362
544.5	4.7362
544.625	4.7362
544.75	4.7362
544.875	4.7355
545.0	4.7362
545.125	4.7347
545.25	4.7355
545.375	4.7339
545.5	4.7355
545.625	4.7362
545.75	4.7347
545.875	4.7331
546.0	4.7331
546.125	4.7355
546.25	4.737
546.375	4.7355
546.5	4.7362
546.625	4.7347
546.75	4.7378
546.875	4.7362
547.0	4.7339
547.125	4.737
547.25	4.7362
547.375	4.7378
547.5	4.737
547.625	4.7378
547.75	4.7339
547.875	4.7362
548.0	4.737
548.125	4.7347
548.25	4.7347
548.375	4.7355
548.5	4.7355
548.625	4.737
548.75	4.7378
548.875	4.7362
549.0	4.7339
549.125	4.7347
549.25	4.7347
549.375	4.7362
549.5	4.737
549.625	4.7378
549.75	4.7378
549.875	4.7347
550.0	4.737
550.125	4.7362
550.25	4.7339
550.375	4.7378
550.5	4.7378
550.625	4.7347
550.75	4.7378
550.875	4.737
551.0	4.737
551.125	4.737
551.25	4.7355
551.375	4.737
551.5	4.7362
551.625	4.7362
551.75	4.7362
551.875	4.7362
552.0	4.7378
552.125	4.7378
552.25	4.7355
552.375	4.7347
552.5	4.7355
552.625	4.7362
552.75	4.7347
552.875	4.737
553.0	4.7347
553.125	4.7355
553.25	4.737
553.375	4.737
553.5	4.737
553.625	4.7362
553.75	4.7347
553.875	4.7355
554.0	4.7378
554.125	4.7362
554.25	4.7362
554.375	4.7378
554.5	4.737
554.625	4.737
554.75	4.7378
554.875	4.737
555.0	4.737
555.125	4.737
555.25	4.7378
555.375	4.7355
555.5	4.737
555.625	4.7355
555.75	4.7378
555.875	4.7355
556.0	4.7362
556.125	4.7362
556.25	4.737
556.375	4.7378
556.5	4.7347
556.625	4.7355
556.75	4.7362
556.875	4.7362
557.0	4.7378
557.125	4.7355
557.25	4.7347
557.375	4.7362
557.5	4.7362
557.625	4.7347
557.75	4.7362
557.875	4.7362
558.0	4.7378
558.125	4.737
558.25	4.7362
558.375	4.7355
558.5	4.7362
558.625	4.7347
558.75	4.7347
558.875	4.7355
559.0	4.7347
559.125	4.7362
559.25	4.7355
559.375	4.7355
559.5	4.7362
559.625	4.7362
559.75	4.7355
559.875	4.7362
560.0	4.7362
560.125	4.7355
560.25	4.7355
560.375	4.7378
560.5	4.7362
560.625	4.7378
560.75	4.7362
560.875	4.737
561.0	4.737
561.125	4.7347
561.25	4.7339
561.375	4.7347
561.5	4.737
561.625	4.7347
561.75	4.737
561.875	4.7362
562.0	4.737
562.125	4.737
562.25	4.7362
562.375	4.7362
562.5	4.737
562.625	4.737
562.75	4.737
562.875	4.737
563.0	4.7347
563.125	4.7378
563.25	4.7362
563.375	4.7339
563.5	4.7362
563.625	4.7362
563.75	4.7362
563.875	4.7362
564.0	4.7378
564.125	4.7378
564.25	4.737
564.375	4.7347
564.5	4.7378
564.625	4.7355
564.75	4.7355
564.875	4.7355
565.0	4.7331
565.125	4.704
565.25	1.6202
565.375	1.6375
565.5	1.6454
565.625	1.6462
565.75	1.647
565.875	1.6477
566.0	1.647
566.125	1.6462
566.25	1.6422
566.375	1.6415
566.5	1.6407
566.625	1.6367
566.75	1.6352
566.875	1.632
567.0	1.6289
567.125	1.6281
567.25	1.625
567.375	1.6226
567.5	1.6179
567.625	1.6179
567.75	1.6147
567.875	1.6132
568.0	1.6116
568.125	1.6084
568.25	1.6053
568.375	1.6037
568.5	1.599
568.625	1.599
568.75	1.5959
568.875	1.5927
569.0	1.5904
569.125	1.5872
569.25	1.5849
569.375	1.5841
569.5	1.5809
569.625	1.5801
569.75	1.5754
569.875	1.5707
570.0	1.5707
570.125	1.5691
570.25	1.566
570.375	1.5644
570.5	1.5621
570.625	1.5581
570.75	1.5566
570.875	1.5518
571.0	1.5518
571.125	1.5503
571.25	1.5463
571.375	1.5448
571.5	1.5424
571.625	1.5385
571.75	1.5369
571.875	1.533
572.0	1.5298
572.125	1.5283
572.25	1.5259
572.375	1.5235
572.5	1.5204
572.625	1.5188
572.75	1.5141
572.875	1.5133
573.0	1.5102
573.125	1.5078
573.25	1.5062
573.375	1.5047
573.5	1.5015
573.625	1.4992
573.75	1.4952
573.875	1.4929
574.0	1.4921
574.125	1.4882
574.25	1.4858
574.375	1.4834
574.5	1.4811
574.625	1.4779
574.75	1.4764
574.875	1.4732
575.0	1.4716
575.125	1.4669
575.25	1.4669
575.375	1.4638
575.5	1.4614
575.625	1.4575
575.75	1.4551
575.875	1.4528
576.0	1.4528
576.125	1.4488
576.25	1.4465
576.375	1.4433
576.5	1.4418
576.625	1.4386
576.75	1.4371
576.875	1.4331
577.0	1.4308
577.125	1.4292
577.25	1.4268
577.375	1.4237
577.5	1.4213
577.625	1.419
577.75	1.4166
577.875	1.415
578.0	1.4111
578.125	1.4103
578.25	1.4056
578.375	1.4048
578.5	1.4009
578.625	1.3993
578.75	1.3962
578.875	1.393
579.0	1.3922
579.125	1.3891
579.25	1.3867
579.375	1.386
579.5	1.382
579.625	1.3797
579.75	1.3773
579.875	1.3742
580.0	1.3726
580.125	1.3679
580.25	1.3671
580.375	1.3655
580.5	1.3616
580.625	1.36
580.75	1.3561
580.875	1.3537
581.0	1.3529
581.125	1.349
581.25	1.3459
581.375	1.3435
581.5	1.3419
581.625	1.3396
581.75	1.338
581.875	1.3349
582.0	1.3317
582.125	1.3301
582.25	1.3262
582.375	1.3246
582.5	1.3223
582.625	1.3207
582.75	1.3168
582.875	1.3144
583.0	1.3113
583.125	1.3097
583.25	1.3089
583.375	1.3034
583.5	1.3026
583.625	1.2987
583.75	1.2971
583.875	1.2932
584.0	1.2924
584.125	1.2885
584.25	1.2869
584.375	1.2845
584.5	1.2822
584.625	1.279
584.75	1.2783
584.875	1.2735
585.0	1.272
585.125	1.2688
585.25	1.2672
585.375	1.2641
585.5	1.2633
585.625	1.2594
585.75	1.2547
585.875	1.2547
586.0	1.2515
586.125	1.25
586.25	1.246
586.375	1.2452
586.5	1.2413
586.625	1.2405
586.75	1.2358
586.875	1.2327
587.0	1.2311
587.125	1.2303
587.25	1.2264
587.375	1.2232
587.5	1.2224
587.625	1.2177
587.75	1.2169
587.875	1.213
588.0	1.2106
588.125	1.2083
588.25	1.2051
588.375	1.2028
588.5	1.202
588.625	1.1988
588.75	1.1973
588.875	1.1933
589.0	1.191
589.125	1.1886
589.25	1.1847
589.375	1.1839
589.5	1.1792
589.625	1.1784
589.75	1.1761
589.875	1.1745
590.0	1.1705
590.125	1.1674
590.25	1.165
590.375	1.1619
590.5	1.1611
590.625	1.1572
590.75	1.154
590.875	1.1525
591.0	1.1509
591.125	1.147
591.25	1.1446
591.375	1.1415
591.5	1.1407
591.625	1.1367
591.75	1.1352
591.875	1.1328
592.0	1.132
592.125	1.1281
592.25	1.125
592.375	1.1226
592.5	1.1194
592.625	1.1179
592.75	1.1132
592.875	1.1132
593.0	1.1092
593.125	1.1069
593.25	1.1053
593.375	1.1014
593.5	1.099
593.625	1.0951
593.75	1.0943
593.875	1.0919
594.0	1.0896
594.125	1.0872
594.25	1.0849
594.375	1.0817
594.5	1.0794
594.625	1.0754
594.75	1.0738
594.875	1.0715
595.0	1.0691
595.125	1.066
595.25	1.0644
595.375	1.0613
595.5	1.0581
595.625	1.0566
595.75	1.0542
595.875	1.0511
596.0	1.0495
596.125	1.0455
596.25	1.0432
596.375	1.0416
596.5	1.0377
596.625	1.0345
596.75	1.0353
596.875	1.0314
597.0	1.0283
597.125	1.0259
597.25	1.0235
597.375	1.0212
597.5	1.0172
597.625	1.0172
597.75	1.0141
597.875	1.0102
598.0	1.0094
598.125	1.0047
598.25	1.0047
598.375	1.0
598.5	0.9976
598.625	0.9952
598.75	0.9929
598.875	0.9897
599.0	0.9897
599.125	0.9858
599.25	0.9819
599.375	0.9787
599.5	0.9764
599.625	0.9756
599.75	0.974
599.875	0.9716
600.0	0.9677
600.125	0.9661
600.25	0.963
600.375	0.9606
600.5	0.9575
600.625	0.9559
600.75	0.9528
600.875	0.9488
601.0	0.9481
601.125	0.9449
601.25	0.9433
601.375	0.9386
601.5	0.9386
601.625	0.9339
601.75	0.9331
601.875	0.9308
602.0	0.9268
602.125	0.9245
602.25	0.9237
602.375	0.9198
602.5	0.9182
602.625	0.915
602.75	0.9127
602.875	0.9103
603.0	0.9072
603.125	0.9056
603.25	0.9017
603.375	0.9009
603.5	0.8985
603.625	0.8962
603.75	0.8938
603.875	0.8907
604.0	0.8891
604.125	0.8852
604.25	0.8828
604.375	0.8812
604.5	0.8781
604.625	0.875
604.75	0.8734
604.875	0.8726
605.0	0.8679
605.125	0.8655
605.25	0.8624
605.375	0.8616
605.5	0.8584
605.625	0.8569
605.75	0.8545
605.875	0.8522
606.0	0.849
606.125	0.8459
606.25	0.8443
606.375	0.8404
606.5	0.8388
606.625	0.8372
606.75	0.8349
606.875	0.8301
607.0	0.8294
607.125	0.8254
607.25	0.8254
607.375	0.8207
607.5	0.8199
607.625	0.8176
607.75	0.816
607.875	0.8128
608.0	0.8113
608.125	0.8073
608.25	0.805
608.375	0.8026
608.5	0.8018
608.625	0.7971
608.75	0.7948
608.875	0.7924
609.0	0.7893
609.125	0.7877
609.25	0.783
609.375	0.7822
609.5	0.7822
609.625	0.7783
609.75	0.7743
609.875	0.7735
610.0	0.7712
610.125	0.7688
610.25	0.7657
610.375	0.7633
610.5	0.761
610.625	0.7586
610.75	0.7562
610.875	0.7539
611.0	0.7515
611.125	0.75
611.25	0.746
611.375	0.7452
611.5	0.7429
611.625	0.7405
611.75	0.7389
611.875	0.7358
612.0	0.7334
612.125	0.7311
612.25	0.7287
612.375	0.7248
612.5	0.7232
612.625	0.7216
612.75	0.7193
612.875	0.7169
613.0	0.7122
613.125	0.7122
613.25	0.7106
613.375	0.7075
613.5	0.7051
613.625	0.7028
613.75	0.6996
613.875	0.6973
614.0	0.6941
614.125	0.6933
614.25	0.6902
614.375	0.6886
614.5	0.6847
614.625	0.6839
614.75	0.6808
614.875	0.6792
615.0	0.6784
615.125	0.6745
615.25	0.6721
615.375	0.6698
615.5	0.6698
615.625	0.665
615.75	0.6619
615.875	0.6603
616.0	0.6588
616.125	0.6564
616.25	0.6548
616.375	0.6509
616.5	0.6509
616.625	0.647
616.75	0.6462
616.875	0.6422
617.0	0.6407
617.125	0.6391
617.25	0.6367
617.375	0.6352
617.5	0.6328
617.625	0.632
617.75	0.6273
617.875	0.6257
618.0	0.6234
618.125	0.621
618.25	0.6202
618.375	0.6179
618.5	0.6147
618.625	0.6132
618.75	0.61
618.875	0.6084
619.0	0.6053
619.125	0.6037
619.25	0.6037
619.375	0.599
619.5	0.599
619.625	0.5974
619.75	0.5943
619.875	0.5919
620.0	0.5896
620.125	0.5864
620.25	0.5849
620.375	0.5849
620.5	0.5825
620.625	0.5801
620.75	0.5778
620.875	0.5762
621.0	0.5738
621.125	0.5707
621.25	0.5676
621.375	0.5699
621.5	0.566
621.625	0.5644
621.75	0.5628
621.875	0.5605
622.0	0.5566
622.125	0.5566
622.25	0.5526
622.375	0.5518
622.5	0.5479
622.625	0.5487
622.75	0.5455
622.875	0.5432
623.0	0.5416
623.125	0.5416
623.25	0.5385
623.375	0.5369
623.5	0.533
623.625	0.5314
623.75	0.5306
623.875	0.5275
624.0	0.5243
624.125	0.5243
624.25	0.5227
624.375	0.5235
624.5	0.5204
624.625	0.5188
624.75	0.5165
624.875	0.5141
625.0	0.5117
625.125	0.5094
625.25	0.5094
625.375	0.5055
625.5	0.5031
625.625	0.5039
625.75	0.5007
625.875	0.5
626.0	0.4976
626.125	0.4952
626.25	0.4937
626.375	0.4905
626.5	0.4897
626.625	0.4874
626.75	0.485
626.875	0.4858
627.0	0.4827
627.125	0.4819
627.25	0.4787
627.375	0.4764
627.5	0.4764
627.625	0.4748
627.75	0.4716
627.875	0.4716
628.0	0.4669
628.125	0.4669
628.25	0.4654
628.375	0.4638
628.5	0.4622
628.625	0.4599
628.75	0.4575
628.875	0.4551
629.0	0.4536
629.125	0.4544
629.25	0.4528
629.375	0.4504
629.5	0.4481
629.625	0.4457
629.75	0.4433
629.875	0.4433
630.0	0.4426
630.125	0.4394
630.25	0.4378
630.375	0.4378
630.5	0.4339
630.625	0.4339
630.75	0.4323
630.875	0.4308
631.0	0.4276
631.125	0.4261
631.25	0.4245
631.375	0.4245
631.5	0.4221
631.625	0.4198
631.75	0.4182
631.875	0.4166
632.0	0.415
632.125	0.415
632.25	0.4111
632.375	0.4103
632.5	0.408
632.625	0.4088
632.75	0.4056
632.875	0.4033
633.0	0.4033
633.125	0.4009
633.25	0.4009
633.375	0.3977
633.5	0.397
633.625	0.3954
633.75	0.3938
633.875	0.3922
634.0	0.3899
634.125	0.3891
634.25	0.3875
634.375	0.3867
634.5	0.3828
634.625	0.3836
634.75	0.382
634.875	0.3812
635.0	0.3805
635.125	0.3773
635.25	0.3773
635.375	0.3734
635.5	0.3734
635.625	0.3726
635.75	0.3694
635.875	0.3687
636.0	0.3679
636.125	0.3671
636.25	0.3632
636.375	0.3632
636.5	0.3624
636.625	0.36
636.75	0.36
636.875	0.3577
637.0	0.3569
637.125	0.3569
637.25	0.3537
637.375	0.3529
637.5	0.3506
637.625	0.349
637.75	0.349
637.875	0.3474
638.0	0.3459
638.125	0.3443
638.25	0.3435
638.375	0.3404
638.5	0.3396
638.625	0.3396
638.75	0.338
638.875	0.3356
639.0	0.3349
639.125	0.3349
639.25	0.3349
639.375	0.3317
639.5	0.3294
639.625	0.327
639.75	0.327
639.875	0.3254
640.0	0.3231
640.125	0.3246
640.25	0.3238
640.375	0.3207
640.5	0.3207
640.625	0.316
640.75	0.3168
640.875	0.3152
641.0	0.3152
641.125	0.3113
641.25	0.3121
641.375	0.3105
641.5	0.3089
641.625	0.3073
641.75	0.3066
641.875	0.3058
642.0	0.3066
642.125	0.3018
642.25	0.3026
642.375	0.3018
642.5	0.3003
642.625	0.2971
642.75	0.2995
642.875	0.2971
643.0	0.2963
643.125	0.294
643.25	0.2932
643.375	0.294
643.5	0.2924
643.625	0.2893
643.75	0.2877
643.875	0.2877
644.0	0.2869
644.125	0.2869
644.25	0.2838
644.375	0.283
644.5	0.283
644.625	0.2814
644.75	0.2822
644.875	0.2806
645.0	0.279
645.125	0.2783
645.25	0.2775
645.375	0.2759
645.5	0.2767
645.625	0.2735
645.75	0.2727
645.875	0.2727
646.0	0.2704
646.125	0.2696
646.25	0.2688
646.375	0.2672
646.5	0.2665
646.625	0.2657
646.75	0.2649
646.875	0.2641
647.0	0.2633
647.125	0.2625
647.25	0.261
647.375	0.261
647.5	0.2594
647.625	0.2594
647.75	0.2562
647.875	0.2562
648.0	0.2547
648.125	0.2547
648.25	0.2547
648.375	0.2531
648.5	0.2531
648.625	0.25
648.75	0.25
648.875	0.25
649.0	0.25
649.125	0.2468
649.25	0.2476
649.375	0.246
649.5	0.2444
649.625	0.2444
649.75	0.2437
649.875	0.2437
650.0	0.2405
650.125	0.2421
650.25	0.2397
650.375	0.2405
650.5	0.2405
650.625	0.2382
650.75	0.2374
650.875	0.2358
651.0	0.2366
651.125	0.2366
651.25	0.2358
651.375	0.2342
651.5	0.2319
651.625	0.2311
651.75	0.2311
651.875	0.2311
652.0	0.2303
652.125	0.2311
652.25	0.2303
652.375	0.2303
652.5	0.2279
652.625	0.2264
652.75	0.2279
652.875	0.2256
653.0	0.2256
653.125	0.224
653.25	0.224
653.375	0.2232
653.5	0.2201
653.625	0.2209
653.75	0.2216
653.875	0.2193
654.0	0.2209
654.125	0.2201
654.25	0.2193
654.375	0.2169
654.5	0.2177
654.625	0.2169
654.75	0.2169
654.875	0.2169
655.0	0.2161
655.125	0.2138
655.25	0.213
655.375	0.2114
655.5	0.2122
655.625	0.2122
655.75	0.2099
655.875	0.2114
656.0	0.2099
656.125	0.2114
656.25	0.2091
656.375	0.2099
656.5	0.2075
656.625	0.2059
656.75	0.2075
656.875	0.2059
657.0	0.2075
657.125	0.2051
657.25	0.2051
657.375	0.2036
657.5	0.2036
657.625	0.2028
657.75	0.2028
657.875	0.202
658.0	0.202
658.125	0.1996
658.25	0.1981
658.375	0.2004
658.5	0.1996
658.625	0.1981
658.75	0.1981
658.875	0.1981
659.0	0.1981
659.125	0.1981
659.25	0.1973
659.375	0.1957
659.5	0.1949
659.625	0.1933
659.75	0.1933
659.875	0.1941
660.0	0.1926
660.125	0.1933
660.25	0.1926
660.375	0.1926
660.5	0.1933
660.625	0.191
660.75	0.1886
660.875	0.1886
661.0	0.1894
661.125	0.1886
661.25	0.1886
661.375	0.1886
661.5	0.1886
661.625	0.1886
661.75	0.1886
661.875	0.1871
662.0	0.1863
662.125	0.1855
662.25	0.1847
662.375	0.1839
662.5	0.1839
662.625	0.1839
662.75	0.1823
662.875	0.1823
663.0	0.1816
663.125	0.1823
663.25	0.1792
663.375	0.1823
663.5	0.1792
663.625	0.1792
663.75	0.18
663.875	0.1792
664.0	0.18
664.125	0.1792
664.25	0.1792
664.375	0.1792
664.5	0.1768
664.625	0.1761
664.75	0.1753
664.875	0.1761
665.0	0.1753
665.125	0.1753
665.25	0.1753
665.375	0.1745
665.5	0.1737
665.625	0.1721
665.75	0.1729
665.875	0.1729
666.0	0.1729
666.125	0.1713
666.25	0.1698
666.375	0.1698
666.5	0.1705
666.625	0.1698
666.75	0.1698
666.875	0.1674
667.0	0.1674
667.125	0.1674
667.25	0.1674
667.375	0.1658
667.5	0.165
667.625	0.1658
667.75	0.165
667.875	0.1643
668.0	0.1635
668.125	0.165
668.25	0.1627
668.375	0.1643
668.5	0.1627
668.625	0.1627
668.75	0.1635
668.875	0.1603
669.0	0.1603
669.125	0.1603
669.25	0.1611
669.375	0.1603
669.5	0.1603
669.625	0.1588
669.75	0.1572
669.875	0.1564
670.0	0.1595
670.125	0.1556
670.25	0.1564
670.375	0.1556
670.5	0.1556
670.625	0.1548
670.75	0.1556
670.875	0.154
671.0	0.1556
671.125	0.1533
671.25	0.1533
671.375	0.1509
671.5	0.1509
671.625	0.1509
671.75	0.1509
671.875	0.1509
672.0	0.1509
672.125	0.1501
672.25	0.1485
672.375	0.1501
672.5	0.147
672.625	0.1462
672.75	0.1462
672.875	0.1462
673.0	0.1462
673.125	0.1462
673.25	0.1454
673.375	0.1446
673.5	0.1438
673.625	0.1422
673.75	0.1422
673.875	0.1415
674.0	0.1415
674.125	0.1415
674.25	0.1399
674.375	0.1399
674.5	0.1367
674.625	0.1391
674.75	0.1375
674.875	0.1367
675.0	0.1367
675.125	0.1367
675.25	0.1352
675.375	0.1352
675.5	0.136
675.625	0.1344
675.75	0.1336
675.875	0.132
676.0	0.132
676.125	0.132
676.25	0.1305
676.375	0.1312
676.5	0.1305
676.625	0.1289
676.75	0.1273
676.875	0.1273
677.0	0.1273
677.125	0.1273
677.25	0.1257
677.375	0.125
677.5	0.1257
677.625	0.1234
677.75	0.1257
677.875	0.1226
678.0	0.1226
678.125	0.1218
678.25	0.1194
678.375	0.1187
678.5	0.1179
678.625	0.1179
678.75	0.1194
678.875	0.1187
679.0	0.1171
679.125	0.1147
679.25	0.1171
679.375	0.1171
679.5	0.1132
679.625	0.1139
679.75	0.1139
679.875	0.1124
680.0	0.1108
680.125	0.1132
680.25	0.1084
680.375	0.1092
680.5	0.1092
680.625	0.1084
680.75	0.1069
680.875	0.1053
681.0	0.1053
681.125	0.1045
681.25	0.1045
681.375	0.1037
681.5	0.1037
681.625	0.1029
681.75	0.1037
681.875	0.099
682.0	0.099
682.125	0.0982
682.25	0.099
682.375	0.099
682.5	0.0982
682.625	0.0966
682.75	0.0959
682.875	0.0951
683.0	0.0943
683.125	0.0935
683.25	0.0927
683.375	0.0919
683.5	0.0911
683.625	0.0896
683.75	0.0896
683.875	0.0911
684.0	0.0896
684.125	0.0872
684.25	0.088
684.375	0.0888
684.5	0.0849
684.625	0.0849
684.75	0.0849
684.875	0.0849
685.0	0.0849
685.125	0.0841
685.25	0.0801
685.375	0.0817
685.5	0.0801
685.625	0.0809
685.75	0.0801
685.875	0.0794
686.0	0.0778
686.125	0.0778
686.25	0.077
686.375	0.0754
686.5	0.0762
686.625	0.0746
686.75	0.0754
686.875	0.0738
687.0	0.0738
687.125	0.0715
687.25	0.0715
687.375	0.0723
687.5	0.0707
687.625	0.0715
687.75	0.0707
687.875	0.0683
688.0	0.0707
688.125	0.0683
688.25	0.0676
688.375	0.0668
688.5	0.066
688.625	0.066
688.75	0.066
688.875	0.066
689.0	0.0644
689.125	0.0636
689.25	0.0613
689.375	0.0621
689.5	0.0621
689.625	0.0613
689.75	0.0605
689.875	0.0589
690.0	0.0613
690.125	0.0605
690.25	0.0581
690.375	0.0566
690.5	0.0589
690.625	0.0566
690.75	0.0566
690.875	0.0566
691.0	0.0566
691.125	0.0558
691.25	0.0566
691.375	0.055
691.5	0.0534
691.625	0.0534
691.75	0.0518
691.875	0.0534
692.0	0.0526
692.125	0.0511
692.25	0.0503
692.375	0.0518
692.5	0.0503
692.625	0.0487
692.75	0.0503
692.875	0.0487
693.0	0.0471
693.125	0.0487
693.25	0.0471
693.375	0.0471
693.5	0.0471
693.625	0.0471
693.75	0.0471
693.875	0.0471
694.0	0.0471
694.125	0.0463
694.25	0.044
694.375	0.0448
694.5	0.0424
694.625	0.0424
694.75	0.0424
694.875	0.0424
695.0	0.0424
695.125	0.0424
695.25	0.0424
695.375	0.04
695.5	0.0408
695.625	0.0416
695.75	0.0408
695.875	0.0408
696.0	0.0408
696.125	0.0424
696.25	0.04
696.375	0.0385
696.5	0.0393
696.625	0.0385
696.75	0.0377
696.875	0.0377
697.0	0.0377
697.125	0.0377
697.25	0.0369
697.375	0.0361
697.5	0.0361
697.625	0.0377
697.75	0.0369
697.875	0.0369
698.0	0.0353
698.125	0.033
698.25	0.0377
698.375	0.033
698.5	0.033
698.625	0.033
698.75	0.033
698.875	0.0338
699.0	0.0314
699.125	0.033
699.25	0.033
699.375	0.0306
699.5	0.033
699.625	0.0322
699.75	0.033
699.875	0.0298
700.0	0.0314
700.125	0.033
700.25	0.0306
700.375	0.029
700.5	0.029
700.625	0.0283
700.75	0.0298
700.875	0.0298
701.0	0.0283
701.125	0.029
701.25	0.0283
701.375	0.0283
701.5	0.0283
701.625	0.0283
701.75	0.0283
701.875	0.0283
702.0	0.0267
702.125	0.0267
702.25	0.0275
702.375	0.0275
702.5	0.0267
702.625	0.0267
702.75	0.0251
702.875	0.0243
703.0	0.0235
703.125	0.0251
703.25	0.0235
703.375	0.0227
703.5	0.0235
703.625	0.0235
703.75	0.0235
703.875	0.0235
704.0	0.0235
704.125	0.0235
704.25	0.0235
704.375	0.0235
704.5	0.0235
704.625	0.0227
704.75	0.0227
704.875	0.0235
705.0	0.0227
705.125	0.022
705.25	0.0235
705.375	0.0227
705.5	0.0212
705.625	0.0227
705.75	0.022
705.875	0.0204
706.0	0.0204
706.125	0.022
706.25	0.0196
706.375	0.0188
706.5	0.0204
706.625	0.0204
706.75	0.018
706.875	0.0188
707.0	0.0188
707.125	0.0188
707.25	0.0188
707.375	0.0188
707.5	0.018
707.625	0.018
707.75	0.0188
707.875	0.0149
708.0	0.018
708.125	0.0188
708.25	0.0188
708.375	0.0157
708.5	0.0172
708.625	0.0165
708.75	0.018
708.875	0.0157
709.0	0.0157
709.125	0.0149
709.25	0.0172
709.375	0.0172
709.5	0.0157
709.625	0.0157
709.75	0.0149
709.875	0.0141
710.0	0.0149
710.125	0.0125
710.25	0.0157
710.375	0.0149
710.5	0.0125
710.625	0.0149
710.75	0.0117
710.875	0.0157
711.0	0.0141
711.125	0.0141
711.25	0.0125
711.375	0.0141
711.5	0.0133
711.625	0.0125
711.75	0.0141
711.875	0.0141
712.0	0.0117
712.125	0.0141
712.25	0.0141
712.375	0.0141
712.5	0.0133
712.625	0.0141
712.75	0.0102
712.875	0.011
713.0	0.0133
713.125	0.0117
713.25	0.0102
713.375	0.0125
713.5	0.0117
713.625	0.011
713.75	0.0117
713.875	0.011
714.0	0.0094
714.125	0.0094
714.25	0.0094
714.375	0.0094
714.5	0.0094
714.625	0.0102
714.75	0.0094
714.875	0.0094
715.0	0.0094
715.125	0.0094
715.25	0.0094
715.375	0.0094
715.5	0.0094
715.625	0.0094
715.75	0.0094
715.875	0.0086
716.0	0.0094
716.125	0.0094
716.25	0.007
716.375	0.0094
716.5	0.0094
716.625	0.0094
716.75	0.0086
716.875	0.0094
717.0	0.0086
717.125	0.0086
717.25	0.0094
717.375	0.007
717.5	0.0086
717.625	0.0094
717.75	0.0086
717.875	0.0078
718.0	0.0078
718.125	0.0086
718.25	0.0078
718.375	0.0055
718.5	0.0078
718.625	0.0055
718.75	0.0062
718.875	0.0047
719.0	0.007
719.125	0.0062
719.25	0.0047
719.375	0.0047
719.5	0.0055
719.625	0.0047
719.75	0.0047
719.875	0.0047
720.0	0.0047
720.125	0.0055
720.25	0.0047
720.375	0.0055
720.5	0.0055
720.625	0.0047
720.75	0.0047
720.875	0.0047
721.0	0.0047
721.125	0.0055
721.25	0.0055
721.375	0.0055
721.5	0.0039
721.625	0.0047
721.75	0.0047
721.875	0.0047
722.0	0.0047
722.125	0.0047
722.25	0.0047
722.375	0.0015
722.5	0.0047
722.625	0.0031
722.75	0.0023
722.875	0.0031
723.0	0.0023
723.125	0.0039
723.25	0.0031
723.375	0.0047
723.5	0.0023
723.625	0.0047
723.75	0.0031
723.875	0.0023
724.0	0.0039
724.125	0.0031
724.25	0.0047
724.375	0.0015
724.5	0.0047
724.625	0.0039
724.75	0.0047
724.875	0.0023
725.0	0.0031
725.125	0.0039
725.25	0.0023
725.375	0.0039
725.5	0.0031
725.625	0.0023
725.75	7.0E-4
725.875	0.0031
726.0	0.0015
726.125	0.0015
726.25	0.0031
726.375	0.0031
726.5	0.0023
726.625	7.0E-4
726.75	0.0015
726.875	0.0
727.0	0.0
727.125	0.0015
727.25	0.0023
727.375	0.0
727.5	7.0E-4
727.625	0.0031
727.75	0.0
727.875	0.0
728.0	7.0E-4
728.125	0.0015
728.25	0.0
728.375	0.0
728.5	7.0E-4
728.625	0.0
728.75	0.0
728.875	0.0
729.0	0.0023
729.125	0.0
729.25	7.0E-4
729.375	0.0
729.5	0.0
729.625	0.0
729.75	0.0
729.875	0.0
730.0	0.0
730.125	0.0
730.25	0.0
730.375	0.0015
730.5	0.0
730.625	0.0
730.75	0.0
730.875	0.0
731.0	0.0
731.125	0.0
731.25	0.0
731.375	0.0
731.5	7.0E-4
731.625	0.0
731.75	0.0
731.875	0.0
732.0	0.0
732.125	0.0
732.25	0.0
732.375	0.0
732.5	0.0
732.625	0.0
732.75	0.0
732.875	0.0
733.0	0.0
733.125	0.0
733.25	0.0
733.375	0.0
733.5	0.0
733.625	0.0
733.75	0.0
733.875	0.0
734.0	0.0
734.125	0.0
734.25	0.0
734.375	0.0
734.5	0.0
734.625	0.0
734.75	0.0
734.875	0.0
735.0	0.0
735.125	0.0
735.25	0.0
735.375	0.0
735.5	0.0
735.625	0.0
735.75	0.0
735.875	0.0
736.0	0.0
736.125	0.0
736.25	0.0
736.375	0.0
736.5	0.0
736.625	0.0
736.75	0.0
736.875	0.0
737.0	0.0
737.125	0.0
737.25	0.0
737.375	0.0
737.5	0.0
737.625	0.0
737.75	0.0
737.875	0.0
738.0	0.0
738.125	0.0
738.25	0.0
738.375	0.0
738.5	0.0
738.625	0.0
738.75	0.0
738.875	0.0
739.0	0.0
739.125	0.0
739.25	0.0
739.375	0.0
739.5	0.0
739.625	0.0
739.75	0.0
739.875	0.0
740.0	0.0
740.125	0.0
740.25	0.0
740.375	0.0
740.5	0.0
740.625	0.0
740.75	0.0
740.875	0.0
741.0	0.0
741.125	0.0
741.25	0.0
741.375	0.0
741.5	0.0
741.625	0.0
741.75	0.0
741.875	0.0
742.0	0.0
742.125	0.0
742.25	0.0
742.375	0.0
742.5	0.0
742.625	0.0
742.75	0.0
742.875	0.0
743.0	0.0
743.125	0.0
743.25	0.0
743.375	0.0
743.5	0.0
743.625	0.0
743.75	0.0
743.875	0.0
744.0	0.0
744.125	0.0
744.25	0.0
744.375	0.0
744.5	0.0
744.625	0.0
744.75	0.0
744.875	0.0
745.0	0.0
745.125	0.0
745.25	0.0
745.375	0.0
745.5	0.0
745.625	0.0
745.75	0.0
745.875	0.0
746.0	0.0
746.125	0.0
746.25	0.0
746.375	0.0
746.5	0.0
746.625	0.0
746.75	0.0
746.875	0.0
747.0	0.0
747.125	0.0
747.25	0.0
747.375	0.0
747.5	0.0
747.625	0.0
747.75	0.0
747.875	0.0
748.0	0.0
748.125	0.0
748.25	0.0
748.375	0.0
748.5	0.0
748.625	0.0
748.75	0.0
748.875	0.0
749.0	0.0
749.125	0.0
749.25	0.0
749.375	0.0
749.5	0.0
749.625	0.0
749.75	0.0
749.875	0.0
750.0	0.0
750.125	0.0
750.25	0.0
750.375	0.0
750.5	0.0
750.625	0.0
750.75	0.0
750.875	0.0
751.0	0.0
751.125	0.0
751.25	0.0
751.375	0.0
751.5	0.0
751.625	0.0
751.75	0.0
751.875	0.0
752.0	0.0
752.125	0.0
752.25	0.0
752.375	0.0
752.5	0.0
752.625	0.0
752.75	0.0
752.875	0.0
753.0	0.0
753.125	0.0
753.25	0.0
753.375	0.0
753.5	0.0
753.625	0.0
753.75	0.0
753.875	0.0
754.0	0.0
754.125	0.0
754.25	0.0
754.375	0.0
754.5	0.0
754.625	0.0
754.75	0.0
754.875	0.0
755.0	0.0
755.125	0.0
755.25	0.0
755.375	0.0
755.5	0.0
755.625	0.0
755.75	0.0
755.875	0.0
756.0	0.0
756.125	0.0
756.25	0.0
756.375	0.0
756.5	0.0
756.625	0.0
756.75	0.0
756.875	0.0
757.0	0.0
757.125	0.0
757.25	0.0
757.375	0.0
757.5	0.0
757.625	0.0
757.75	0.0
757.875	0.0
758.0	0.0
758.125	0.0
758.25	0.0
758.375	0.0
758.5	0.0
758.625	0.0
758.75	0.0
758.875	0.0
759.0	0.0
759.125	0.0
759.25	0.0
759.375	0.0
759.5	0.0
759.625	0.0
759.75	0.0
759.875	0.0
760.0	0.0
760.125	0.0
760.25	0.0
760.375	0.0
760.5	0.0
760.625	0.0
760.75	0.0
760.875	0.0
761.0	0.0
761.125	0.0
761.25	0.0
761.375	0.0
761.5	0.0
761.625	0.0
761.75	0.0
761.875	0.0
762.0	0.0
762.125	0.0
762.25	0.0
762.375	0.0
762.5	0.0
762.625	0.0
762.75	0.0
762.875	0.0
763.0	0.0
763.125	0.0
763.25	0.0
763.375	0.0
763.5	0.0
763.625	0.0
763.75	0.0
763.875	0.0
764.0	0.0
764.125	0.0
764.25	0.0
764.375	0.0
764.5	0.0
764.625	0.0
764.75	0.0
764.875	0.0
765.0	0.0
765.125	0.0
765.25	0.0
765.375	0.0
765.5	0.0
765.625	0.0
765.75	0.0
765.875	0.0
766.0	0.0
766.125	0.0
766.25	0.0
766.375	0.0
766.5	0.0
766.625	0.0
766.75	0.0
766.875	0.0
767.0	0.0
767.125	0.0
767.25	0.0
767.375	0.0
767.5	0.0
767.625	0.0
767.75	0.0
767.875	0.0
768.0	0.0
768.125	0.0
768.25	0.0
768.375	0.0
768.5	0.0
768.625	0.0
768.75	0.0
768.875	0.0
769.0	0.0
769.125	0.0
769.25	0.0
769.375	0.0
769.5	0.0
769.625	0.0
769.75	0.0
769.875	0.0
770.0	0.0
770.125	0.0
770.25	0.0
770.375	0.0
770.5	0.0
770.625	0.0
770.75	0.0
770.875	0.0
771.0	0.0
771.125	0.0
771.25	0.0
771.375	0.0
771.5	0.0
771.625	0.0
771.75	0.0
771.875	0.0
772.0	0.0
772.125	0.0
772.25	0.0
772.375	0.0
772.5	0.0
772.625	0.0
772.75	0.0
772.875	0.0
773.0	0.0
773.125	0.0
773.25	0.0
773.375	0.0
773.5	0.0
773.625	0.0
773.75	0.0
773.875	0.0
774.0	0.0
774.125	0.0
774.25	0.0
774.375	0.0
774.5	0.0
774.625	0.0
774.75	0.0
774.875	0.0
775.0	0.0
775.125	0.0
775.25	0.0
775.375	0.0
775.5	0.0
775.625	0.0
775.75	0.0
775.875	0.0
776.0	0.0
776.125	0.0
776.25	0.0
776.375	0.0
776.5	0.0
776.625	0.0
776.75	0.0
776.875	0.0
777.0	0.0
777.125	0.0
777.25	0.0
777.375	0.0
777.5	0.0
777.625	0.0
777.75	0.0
777.875	0.0
778.0	0.0
778.125	0.0
778.25	0.0
778.375	0.0
778.5	0.0
778.625	0.0
778.75	0.0
778.875	0.0
779.0	0.0
779.125	0.0
779.25	0.0
779.375	0.0
779.5	0.0
779.625	0.0
779.75	0.0
779.875	0.0
780.0	0.0
780.125	0.0
780.25	0.0
780.375	0.0
780.5	0.0
780.625	0.0
780.75	0.0
780.875	0.0
781.0	0.0
781.125	0.0
781.25	0.0
781.375	0.0
781.5	0.0
781.625	0.0
781.75	0.0
781.875	0.0
782.0	0.0
782.125	0.0
782.25	0.0
782.375	0.0
782.5	0.0
782.625	0.0
782.75	0.0
782.875	0.0
783.0	0.0
783.125	0.0
783.25	0.0
783.375	0.0
783.5	0.0
783.625	0.0
783.75	0.0
783.875	0.0
784.0	0.0
784.125	0.0
784.25	0.0
784.375	0.0
784.5	0.0
784.625	0.0
784.75	0.0
784.875	0.0
785.0	0.0
785.125	0.0
785.25	0.0
785.375	0.0
785.5	0.0
785.625	0.0
785.75	0.0
785.875	0.0
786.0	0.0
786.125	0.0
786.25	0.0
786.375	0.0
786.5	0.0
786.625	0.0
786.75	0.0
786.875	0.0
787.0	0.0
787.125	0.0
787.25	0.0
787.375	0.0
787.5	0.0
787.625	0.0
787.75	0.0
787.875	0.0
788.0	0.0
788.125	0.0
788.25	0.0
788.375	0.0
788.5	0.0
788.625	0.0
788.75	0.0
788.875	0.0
789.0	0.0
789.125	0.0
789.25	0.0
789.375	0.0
789.5	0.0
789.625	0.0
789.75	0.0
789.875	0.0
790.0	0.0
790.125	0.0
790.25	0.0
790.375	0.0
790.5	0.0
790.625	0.0
790.75	0.0
790.875	0.0
791.0	0.0
791.125	0.0
791.25	0.0
791.375	0.0
791.5	0.0
791.625	0.0
791.75	0.0
791.875	0.0
792.0	0.0
792.125	0.0
792.25	0.0
792.375	0.0
792.5	0.0
792.625	0.0
792.75	0.0
792.875	0.0
793.0	0.0
793.125	0.0
793.25	0.0
793.375	0.0
793.5	0.0
793.625	0.0
793.75	0.0
793.875	0.0
794.0	0.0
794.125	0.0
794.25	0.0
794.375	0.0
794.5	0.0
794.625	0.0
794.75	0.0
794.875	0.0
795.0	0.0
795.125	0.0
795.25	0.0
795.375	0.0
795.5	0.0
795.625	0.0
795.75	0.0
795.875	0.0
796.0	0.0
796.125	0.0
796.25	0.0
796.375	0.0
796.5	0.0
796.625	0.0
796.75	0.0
796.875	0.0
797.0	0.0
797.125	0.0
797.25	0.0
797.375	0.0
797.5	0.0
797.625	0.0
797.75	0.0
797.875	0.0
798.0	0.0
798.125	0.0
798.25	0.0
798.375	0.0
798.5	0.0
798.625	0.0
798.75	0.0
798.875	0.0
799.0	0.0
799.125	0.0
799.25	0.0
799.375	0.0
799.5	0.0
799.625	0.0
799.75	0.0
799.875	0.0
800.0	0.0
800.125	0.0
800.25	0.0
800.375	0.0
800.5	0.0
800.625	0.0
800.75	0.0
800.875	0.0
801.0	0.0
801.125	0.0
801.25	0.0
801.375	0.0
801.5	0.0
801.625	0.0
801.75	0.0
801.875	0.0
802.0	0.0
802.125	0.0
802.25	0.0
802.375	0.0
802.5	0.0
802.625	0.0
802.75	0.0
802.875	0.0
803.0	0.0
803.125	0.0
803.25	0.0
803.375	0.0
803.5	0.0
803.625	0.0
803.75	0.0
803.875	0.0
804.0	0.0
804.125	0.0
804.25	0.0
804.375	0.0
804.5	0.0
804.625	0.0
804.75	0.0
804.875	0.0
805.0	0.0
805.125	0.0
805.25	0.0
805.375	0.0
805.5	0.0
805.625	0.0
805.75	0.0
805.875	0.0
806.0	0.0
806.125	0.0
806.25	0.0
806.375	0.0
806.5	0.0
806.625	0.0
806.75	0.0
806.875	0.0
807.0	0.0
807.125	0.0
807.25	0.0
807.375	0.0
807.5	0.0
807.625	0.0
807.75	0.0
807.875	0.0
808.0	0.0
808.125	0.0
808.25	0.0
808.375	0.0
808.5	0.0
808.625	0.0
808.75	0.0
808.875	0.0
809.0	0.0
809.125	0.0
809.25	0.0
809.375	0.0
809.5	0.0
809.625	0.0
809.75	0.0
809.875	0.0
810.0	0.0
810.125	0.0
810.25	0.0
810.375	0.0
810.5	0.0
810.625	0.0
810.75	0.0
810.875	0.0
811.0	0.0
811.125	0.0
811.25	0.0
811.375	0.0
811.5	0.0
811.625	0.0
811.75	0.0
811.875	0.0
812.0	0.0
812.125	0.0
812.25	0.0
812.375	0.0
812.5	0.0
812.625	0.0
812.75	0.0
812.875	0.0
813.0	0.0
813.125	0.0
813.25	0.0
813.375	0.0
813.5	0.0
813.625	0.0
813.75	0.0
813.875	0.0
814.0	0.0
814.125	0.0
814.25	0.0
814.375	0.0
814.5	0.0
814.625	0.0
814.75	0.0
814.875	0.0
815.0	0.0
815.125	0.0
815.25	0.0
815.375	0.0
815.5	0.0
815.625	0.0
815.75	0.0
815.875	0.0
816.0	0.0
816.125	0.0
816.25	0.0
816.375	0.0
816.5	0.0
816.625	0.0
816.75	0.0
816.875	0.0
817.0	0.0
817.125	0.0
817.25	0.0
817.375	0.0
817.5	0.0
817.625	0.0
817.75	0.0
817.875	0.0
818.0	0.0
818.125	0.0
818.25	0.0
818.375	0.0
818.5	0.0
818.625	0.0
818.75	0.0
818.875	0.0
819.0	0.0
819.125	0.0
819.25	0.0
819.375	0.0
819.5	0.0
819.625	0.0
819.75	0.0
819.875	0.0
820.0	0.0
820.125	0.0
820.25	0.0
820.375	0.0
820.5	0.0
820.625	0.0
820.75	0.0
820.875	0.0
821.0	0.0
821.125	0.0
821.25	0.0
821.375	0.0
821.5	0.0
821.625	0.0
821.75	0.0
821.875	0.0
822.0	0.0
822.125	0.0
822.25	0.0
822.375	0.0
822.5	0.0
822.625	0.0
822.75	0.0
822.875	0.0
823.0	0.0
823.125	0.0023
823.25	7.0E-4
823.375	0.0
823.5	0.0
823.625	7.0E-4
823.75	0.0
823.875	0.0
824.0	0.0
824.125	0.0015
824.25	0.0
824.375	0.0023
824.5	0.0015
824.625	0.0031
824.75	0.0023
824.875	0.0023
825.0	0.0015
825.125	0.0
825.25	0.0039
825.375	0.0039
825.5	0.0039
825.625	0.0047
825.75	0.0047
825.875	0.0047
826.0	0.0039
826.125	0.0031
826.25	0.0047
826.375	0.0031
826.5	0.0047
826.625	0.0039
826.75	0.0047
826.875	0.0047
827.0	0.0039
827.125	0.0055
827.25	0.0047
827.375	0.0047
827.5	0.0047
827.625	0.0062
827.75	0.0062
827.875	0.0047
828.0	0.0047
828.125	0.0047
828.25	0.0055
828.375	0.0078
828.5	0.0062
828.625	0.007
828.75	0.0062
828.875	0.0094
829.0	0.0086
829.125	0.0086
829.25	0.0094
829.375	0.0094
829.5	0.0078
829.625	0.0094
829.75	0.0094
829.875	0.0094
830.0	0.0094
830.125	0.0094
830.25	0.0094
830.375	0.0094
830.5	0.011
830.625	0.0102
830.75	0.0117
830.875	0.011
831.0	0.011
831.125	0.0102
831.25	0.0141
831.375	0.0125
831.5	0.0133
831.625	0.0141
831.75	0.0141
831.875	0.0141
832.0	0.0141
832.125	0.0133
832.25	0.0141
832.375	0.0125
832.5	0.0141
832.625	0.0141
832.75	0.0149
832.875	0.0141
833.0	0.0141
833.125	0.0149
833.25	0.0157
833.375	0.0157
833.5	0.0157
833.625	0.018
833.75	0.0172
833.875	0.0165
834.0	0.0172
834.125	0.0188
834.25	0.0157
834.375	0.018
834.5	0.018
834.625	0.0188
834.75	0.0188
834.875	0.0188
835.0	0.0188
835.125	0.0188
835.25	0.0188
835.375	0.0196
835.5	0.0196
835.625	0.022
835.75	0.0235
835.875	0.022
836.0	0.0212
836.125	0.0235
836.25	0.022
836.375	0.0227
836.5	0.0227
836.625	0.0235
836.75	0.0235
836.875	0.0235
837.0	0.0235
837.125	0.0235
837.25	0.0267
837.375	0.0251
837.5	0.0259
837.625	0.0259
837.75	0.0259
837.875	0.0267
838.0	0.0251
838.125	0.0283
838.25	0.0283
838.375	0.0283
838.5	0.0283
838.625	0.029
838.75	0.0275
838.875	0.0306
839.0	0.0298
839.125	0.0298
839.25	0.0306
839.375	0.0314
839.5	0.0314
839.625	0.033
839.75	0.033
839.875	0.033
840.0	0.0322
840.125	0.0322
840.25	0.0322
840.375	0.0338
840.5	0.033
840.625	0.033
840.75	0.033
840.875	0.033
841.0	0.0345
841.125	0.0369
841.25	0.0361
841.375	0.0377
841.5	0.0377
841.625	0.0377
841.75	0.0369
841.875	0.0377
842.0	0.0377
842.125	0.0377
842.25	0.0377
842.375	0.0377
842.5	0.04
842.625	0.0416
842.75	0.0408
842.875	0.04
843.0	0.0408
843.125	0.0424
843.25	0.0424
843.375	0.0424
843.5	0.0424
843.625	0.0424
843.75	0.0424
843.875	0.044
844.0	0.0448
844.125	0.0463
844.25	0.0471
844.375	0.0487
844.5	0.0471
844.625	0.0471
844.75	0.0471
844.875	0.0471
845.0	0.0471
845.125	0.0487
845.25	0.0503
845.375	0.0495
845.5	0.0511
845.625	0.0511
845.75	0.0503
845.875	0.0511
846.0	0.0518
846.125	0.0518
846.25	0.0518
846.375	0.055
846.5	0.0558
846.625	0.0518
846.75	0.0526
846.875	0.0566
847.0	0.0534
847.125	0.0558
847.25	0.0542
847.375	0.0566
847.5	0.0566
847.625	0.0566
847.75	0.0566
847.875	0.0581
848.0	0.0589
848.125	0.0597
848.25	0.0581
848.375	0.0597
848.5	0.0597
848.625	0.0605
848.75	0.0605
848.875	0.0613
849.0	0.0613
849.125	0.0613
849.25	0.0621
849.375	0.0628
849.5	0.0636
849.625	0.066
849.75	0.066
849.875	0.0652
850.0	0.0652
850.125	0.066
850.25	0.0676
850.375	0.066
850.5	0.0668
850.625	0.0676
850.75	0.066
850.875	0.0668
851.0	0.0691
851.125	0.0676
851.25	0.0691
851.375	0.0707
851.5	0.0707
851.625	0.0723
851.75	0.0723
851.875	0.0715
852.0	0.0746
852.125	0.0738
852.25	0.0746
852.375	0.0738
852.5	0.0754
852.625	0.0746
852.75	0.0754
852.875	0.0754
853.0	0.0754
853.125	0.0754
853.25	0.0794
853.375	0.0778
853.5	0.0786
853.625	0.0778
853.75	0.0786
853.875	0.0778
854.0	0.0786
854.125	0.0801
854.25	0.0801
854.375	0.0801
854.5	0.0801
854.625	0.0801
854.75	0.0825
854.875	0.0849
855.0	0.0849
855.125	0.0849
855.25	0.0849
855.375	0.0849
855.5	0.0849
855.625	0.0872
855.75	0.0856
855.875	0.0872
856.0	0.0872
856.125	0.088
856.25	0.0896
856.375	0.0872
856.5	0.0896
856.625	0.0896
856.75	0.0896
856.875	0.0911
857.0	0.0904
857.125	0.0935
857.25	0.0935
857.375	0.0919
857.5	0.0927
857.625	0.0927
857.75	0.0935
857.875	0.0951
858.0	0.0943
858.125	0.0943
858.25	0.0974
858.375	0.0951
858.5	0.0959
858.625	0.0982
858.75	0.099
858.875	0.0982
859.0	0.099
859.125	0.099
859.25	0.0998
859.375	0.099
859.5	0.1006
859.625	0.1029
859.75	0.1022
859.875	0.1037
860.0	0.1037
860.125	0.1029
860.25	0.1037
860.375	0.1045
860.5	0.1037
860.625	0.1053
860.75	0.1053
860.875	0.1053
861.0	0.1069
861.125	0.1069
861.25	0.1084
861.375	0.1084
861.5	0.1084
861.625	0.1084
861.75	0.1092
861.875	0.1092
862.0	0.1116
862.125	0.1108
862.25	0.1132
862.375	0.1124
862.5	0.1132
862.625	0.1132
862.75	0.1132
862.875	0.1139
863.0	0.1139
863.125	0.1147
863.25	0.1139
863.375	0.1171
863.5	0.1179
863.625	0.1171
863.75	0.1179
863.875	0.1179
864.0	0.1179
864.125	0.1187
864.25	0.1187
864.375	0.1218
864.5	0.1202
864.625	0.121
864.75	0.1218
864.875	0.1226
865.0	0.1226
865.125	0.1234
865.25	0.1226
865.375	0.125
865.5	0.125
865.625	0.1226
865.75	0.1273
865.875	0.1273
866.0	0.1265
866.125	0.1273
866.25	0.1281
866.375	0.1273
866.5	0.1273
866.625	0.1289
866.75	0.1312
866.875	0.1305
867.0	0.1312
867.125	0.1297
867.25	0.132
867.375	0.1312
867.5	0.132
867.625	0.132
867.75	0.1328
867.875	0.1336
868.0	0.1344
868.125	0.1352
868.25	0.1344
868.375	0.1344
868.5	0.1367
868.625	0.1367
868.75	0.1336
868.875	0.1367
869.0	0.1367
869.125	0.1367
869.25	0.1375
869.375	0.1375
869.5	0.1383
869.625	0.1399
869.75	0.1407
869.875	0.1391
870.0	0.1415
870.125	0.1415
870.25	0.1415
870.375	0.1415
870.5	0.1415
870.625	0.1415
870.75	0.1422
870.875	0.1415
871.0	0.1422
871.125	0.1415
871.25	0.1422
871.375	0.1446
871.5	0.143
871.625	0.143
871.75	0.1446
871.875	0.1454
872.0	0.1446
872.125	0.1446
872.25	0.1462
872.375	0.1462
872.5	0.1462
872.625	0.1462
872.75	0.147
872.875	0.1462
873.0	0.1462
873.125	0.147
873.25	0.1493
873.375	0.1462
873.5	0.1462
873.625	0.1462
873.75	0.1462
873.875	0.147
874.0	0.147
874.125	0.1477
874.25	0.147
874.375	0.1462
874.5	0.147
874.625	0.1477
874.75	0.1501
874.875	0.1485
875.0	0.1485
875.125	0.1493
875.25	0.1501
875.375	0.1485
875.5	0.1493
875.625	0.1509
875.75	0.1501
875.875	0.1501
876.0	0.1509
876.125	0.1509
876.25	0.1485
876.375	0.1509
876.5	0.1501
876.625	0.1509
876.75	0.1493
876.875	0.1501
877.0	0.1485
877.125	0.1501
877.25	0.1477
877.375	0.1493
877.5	0.147
877.625	0.1477
877.75	0.147
877.875	0.1477
878.0	0.1485
878.125	0.1477
878.25	0.1462
878.375	0.1462
878.5	0.1477
878.625	0.1462
878.75	0.1462
878.875	0.147
879.0	0.1462
879.125	0.1462
879.25	0.1462
879.375	0.1462
879.5	0.1462
879.625	0.1454
879.75	0.1438
879.875	0.1462
880.0	0.1438
880.125	0.1462
880.25	0.1438
880.375	0.1438
880.5	0.143
880.625	0.1438
880.75	0.1422
880.875	0.143
881.0	0.1446
881.125	0.1415
881.25	0.1415
881.375	0.1415
881.5	0.1422
881.625	0.1415
881.75	0.1415
881.875	0.1407
882.0	0.1415
882.125	0.1375
882.25	0.1383
882.375	0.1367
882.5	0.1367
882.625	0.1367
882.75	0.1367
882.875	0.136
883.0	0.1367
883.125	0.1328
883.25	0.132
883.375	0.136
883.5	0.1344
883.625	0.1328
883.75	0.132
883.875	0.132
884.0	0.132
884.125	0.132
884.25	0.132
884.375	0.132
884.5	0.1312
884.625	0.1273
884.75	0.1289
884.875	0.1281
885.0	0.1273
885.125	0.1273
885.25	0.1265
885.375	0.1242
885.5	0.125
885.625	0.1257
885.75	0.1226
885.875	0.1242
886.0	0.1226
886.125	0.1226
886.25	0.1218
886.375	0.1226
886.5	0.121
886.625	0.1194
886.75	0.1179
886.875	0.1179
887.0	0.1179
887.125	0.1163
887.25	0.1155
887.375	0.1147
887.5	0.1139
887.625	0.1132
887.75	0.1132
887.875	0.1132
888.0	0.1132
888.125	0.1132
888.25	0.1116
888.375	0.1108
888.5	0.1092
888.625	0.1084
888.75	0.1092
888.875	0.1084
889.0	0.1061
889.125	0.1069
889.25	0.1053
889.375	0.1053
889.5	0.1053
889.625	0.1037
889.75	0.1037
889.875	0.1037
890.0	0.1029
890.125	0.1006
890.25	0.099
890.375	0.0998
890.5	0.099
890.625	0.099
890.75	0.0959
890.875	0.0966
891.0	0.0959
891.125	0.0943
891.25	0.0943
891.375	0.0943
891.5	0.0927
891.625	0.0911
891.75	0.0927
891.875	0.0911
892.0	0.0896
892.125	0.0896
892.25	0.0904
892.375	0.0888
892.5	0.0872
892.625	0.0864
892.75	0.0856
892.875	0.0849
893.0	0.0849
893.125	0.0849
893.25	0.0849
893.375	0.0833
893.5	0.0849
893.625	0.0841
893.75	0.0809
893.875	0.0809
894.0	0.0801
894.125	0.0794
894.25	0.0778
894.375	0.077
894.5	0.0794
894.625	0.0762
894.75	0.077
894.875	0.0754
895.0	0.0762
895.125	0.0746
895.25	0.0738
895.375	0.0731
895.5	0.0731
895.625	0.0723
895.75	0.0723
895.875	0.0707
896.0	0.0707
896.125	0.0699
896.25	0.0691
896.375	0.0683
896.5	0.0683
896.625	0.0676
896.75	0.0676
896.875	0.0652
897.0	0.066
897.125	0.066
897.25	0.066
897.375	0.066
897.5	0.0621
897.625	0.0644
897.75	0.0636
897.875	0.0613
898.0	0.0613
898.125	0.0613
898.25	0.0613
898.375	0.0613
898.5	0.0581
898.625	0.0613
898.75	0.0581
898.875	0.0581
899.0	0.0566
899.125	0.0581
899.25	0.0566
899.375	0.0566
899.5	0.0566
899.625	0.0542
899.75	0.0542
899.875	0.0542
