300.0	0.0031
300.125	0.0015
300.25	0.0015
300.375	7.0E-4
300.5	0.0
300.625	7.0E-4
300.75	0.0015
300.875	7.0E-4
301.0	0.0015
301.125	7.0E-4
301.25	7.0E-4
301.375	0.0031
301.5	7.0E-4
301.625	0.0
301.75	0.0
301.875	0.0023
302.0	0.0015
302.125	0.0015
302.25	0.0023
302.375	0.0015
302.5	0.0015
302.625	0.0023
302.75	0.0
302.875	7.0E-4
303.0	0.0
303.125	0.0031
303.25	0.0023
303.375	0.0031
303.5	0.0023
303.625	0.0023
303.75	0.0039
303.875	0.0
304.0	0.0039
304.125	0.0015
304.25	0.0023
304.375	0.0031
304.5	0.0023
304.625	7.0E-4
304.75	0.0015
304.875	7.0E-4
305.0	7.0E-4
305.125	7.0E-4
305.25	0.0
305.375	7.0E-4
305.5	0.0
305.625	0.0
305.75	0.0023
305.875	0.0031
306.0	0.0023
306.125	0.0
306.25	0.0015
306.375	0.0023
306.5	7.0E-4
306.625	0.0
306.75	0.0023
306.875	0.0031
307.0	0.0023
307.125	0.0031
307.25	0.0015
307.375	0.0015
307.5	0.0023
307.625	7.0E-4
307.75	0.0015
307.875	7.0E-4
308.0	0.0015
308.125	0.0031
308.25	0.0023
308.375	0.0023
308.5	0.0023
308.625	7.0E-4
308.75	7.0E-4
308.875	0.0023
309.0	7.0E-4
309.125	0.0031
309.25	0.0015
309.375	0.0015
309.5	0.0023
309.625	0.0031
309.75	0.0031
309.875	0.0031
310.0	0.0015
310.125	0.0023
310.25	7.0E-4
310.375	0.0023
310.5	0.0031
310.625	0.0039
310.75	0.0031
310.875	0.0039
311.0	0.0
311.125	0.0015
311.25	0.0039
311.375	0.0023
311.5	0.0047
311.625	0.0047
311.75	0.0023
311.875	0.0023
312.0	0.0023
312.125	0.0031
312.25	7.0E-4
312.375	0.0031
312.5	0.0023
312.625	0.0023
312.75	0.0039
312.875	0.0031
313.0	0.0047
313.125	0.0039
313.25	7.0E-4
313.375	0.0023
313.5	0.0031
313.625	0.0039
313.75	7.0E-4
313.875	0.0039
314.0	0.0039
314.125	0.0031
314.25	0.0047
314.375	0.0023
314.5	0.0047
314.625	0.0015
314.75	0.0039
314.875	0.0039
315.0	0.0047
315.125	0.0039
315.25	0.0047
315.375	0.0039
315.5	0.0039
315.625	0.0031
315.75	0.0031
315.875	0.0023
316.0	0.0039
316.125	0.0047
316.25	0.0023
316.375	0.0047
316.5	0.0023
316.625	0.0023
316.75	0.0047
316.875	0.0047
317.0	0.0047
317.125	0.0039
317.25	0.0039
317.375	0.0047
317.5	0.0031
317.625	0.0047
317.75	0.0047
317.875	0.0047
318.0	0.0047
318.125	0.0039
318.25	0.0023
318.375	0.0047
318.5	0.0023
318.625	0.0047
318.75	0.0039
318.875	0.0047
319.0	0.0047
319.125	0.0023
319.25	0.0047
319.375	0.0047
319.5	0.0047
319.625	0.0031
319.75	0.0047
319.875	0.0039
320.0	0.0039
320.125	0.0047
320.25	0.0039
320.375	0.0023
320.5	0.0047
320.625	0.0023
320.75	0.0015
320.875	0.0039
321.0	0.0031
321.125	7.0E-4
321.25	0.0047
321.375	0.0039
321.5	0.0047
321.625	0.0039
321.75	0.0023
321.875	0.0031
322.0	0.0023
322.125	0.0031
322.25	0.0031
322.375	0.0039
322.5	0.0039
322.625	0.0031
322.75	0.0023
322.875	0.0023
323.0	0.0047
323.125	0.0047
323.25	0.0023
323.375	0.0039
323.5	0.0023
323.625	0.0023
323.75	0.0015
323.875	0.0023
324.0	0.0015
324.125	0.0031
324.25	7.0E-4
324.375	7.0E-4
324.5	7.0E-4
324.625	0.0015
324.75	7.0E-4
324.875	0.0015
325.0	0.0023
325.125	0.0015
325.25	0.0015
325.375	0.0
325.5	0.0
325.625	0.0031
325.75	0.0015
325.875	0.0023
326.0	0.0031
326.125	0.0015
326.25	0.0
326.375	0.0015
326.5	0.0
326.625	0.0
326.75	0.0
326.875	7.0E-4
327.0	0.0031
327.125	0.0015
327.25	0.0015
327.375	0.0015
327.5	0.0015
327.625	7.0E-4
327.75	0.0015
327.875	0.0023
328.0	0.0015
328.125	7.0E-4
328.25	0.0
328.375	0.0
328.5	0.0
328.625	7.0E-4
328.75	7.0E-4
328.875	0.0
329.0	0.0023
329.125	7.0E-4
329.25	0.0
329.375	0.0
329.5	0.0
329.625	0.0
329.75	7.0E-4
329.875	7.0E-4
330.0	7.0E-4
330.125	0.0
330.25	7.0E-4
330.375	7.0E-4
330.5	0.0015
330.625	0.0
330.75	0.0
330.875	0.0
331.0	0.0015
331.125	0.0
331.25	0.0
331.375	0.0015
331.5	0.0015
331.625	0.0031
331.75	7.0E-4
331.875	0.0
332.0	7.0E-4
332.125	7.0E-4
332.25	7.0E-4
332.375	0.0
332.5	0.0
332.625	0.0
332.75	7.0E-4
332.875	0.0023
333.0	0.0
333.125	0.0
333.25	7.0E-4
333.375	0.0023
333.5	0.0
333.625	0.0
333.75	7.0E-4
333.875	0.0
334.0	0.0015
334.125	0.0
334.25	0.0
334.375	0.0015
334.5	0.0015
334.625	7.0E-4
334.75	0.0
334.875	0.0015
335.0	0.0023
335.125	7.0E-4
335.25	7.0E-4
335.375	0.0023
335.5	0.0
335.625	7.0E-4
335.75	0.0
335.875	0.0015
336.0	7.0E-4
336.125	0.0015
336.25	7.0E-4
336.375	0.0
336.5	0.0
336.625	0.0023
336.75	0.0
336.875	0.0
337.0	0.0015
337.125	0.0
337.25	0.0047
337.375	0.0015
337.5	0.0015
337.625	7.0E-4
337.75	0.0
337.875	0.0015
338.0	0.0
338.125	0.0
338.25	0.0023
338.375	0.0015
338.5	0.0
338.625	0.0015
338.75	0.0015
338.875	7.0E-4
339.0	0.0015
339.125	0.0031
339.25	0.0015
339.375	0.0
339.5	7.0E-4
339.625	7.0E-4
339.75	7.0E-4
339.875	0.0031
340.0	0.0015
340.125	0.0
340.25	0.0
340.375	0.0
340.5	0.0
340.625	7.0E-4
340.75	7.0E-4
340.875	0.0
341.0	7.0E-4
341.125	0.0015
341.25	0.0
341.375	7.0E-4
341.5	0.0
341.625	0.0023
341.75	0.0023
341.875	0.0
342.0	0.0015
342.125	0.0
342.25	0.0
342.375	7.0E-4
342.5	0.0
342.625	0.0
342.75	0.0031
342.875	0.0
343.0	7.0E-4
343.125	7.0E-4
343.25	0.0023
343.375	7.0E-4
343.5	0.0
343.625	0.0015
343.75	7.0E-4
343.875	7.0E-4
344.0	0.0
344.125	7.0E-4
344.25	0.0
344.375	0.0
344.5	7.0E-4
344.625	0.0
344.75	0.0023
344.875	7.0E-4
345.0	0.0015
345.125	0.0023
345.25	0.0
345.375	0.0
345.5	0.0
345.625	7.0E-4
345.75	0.0
345.875	0.0
346.0	7.0E-4
346.125	7.0E-4
346.25	0.0
346.375	7.0E-4
346.5	0.0
346.625	7.0E-4
346.75	0.0
346.875	0.0
347.0	0.0
347.125	0.0
347.25	0.0023
347.375	0.0
347.5	7.0E-4
347.625	0.0015
347.75	0.0015
347.875	7.0E-4
348.0	0.0
348.125	7.0E-4
348.25	0.0015
348.375	7.0E-4
348.5	0.0023
348.625	7.0E-4
348.75	0.0
348.875	0.0
349.0	0.0
349.125	0.0
349.25	0.0023
349.375	0.0
349.5	0.0023
349.625	0.0
349.75	0.0
349.875	0.0015
350.0	7.0E-4
350.125	0.0023
350.25	0.0
350.375	0.0015
350.5	0.0015
350.625	0.0015
350.75	0.0039
350.875	0.0
351.0	7.0E-4
351.125	7.0E-4
351.25	0.0031
351.375	0.0023
351.5	0.0
351.625	0.0023
351.75	0.0
351.875	7.0E-4
352.0	0.0
352.125	0.0015
352.25	0.0015
352.375	0.0015
352.5	7.0E-4
352.625	7.0E-4
352.75	0.0023
352.875	0.0023
353.0	7.0E-4
353.125	0.0015
353.25	0.0047
353.375	0.0015
353.5	0.0031
353.625	0.0
353.75	7.0E-4
353.875	0.0015
354.0	0.0039
354.125	0.0023
354.25	7.0E-4
354.375	0.0039
354.5	7.0E-4
354.625	0.0047
354.75	0.0015
354.875	0.0023
355.0	0.0
355.125	0.0023
355.25	7.0E-4
355.375	0.0039
355.5	0.0031
355.625	0.0031
355.75	0.0039
355.875	0.0023
356.0	0.0015
356.125	0.0031
356.25	0.0023
356.375	0.0047
356.5	0.0023
356.625	7.0E-4
356.75	0.0031
356.875	0.0031
357.0	0.0047
357.125	0.0023
357.25	0.0031
357.375	0.0047
357.5	0.0039
357.625	0.0031
357.75	0.0039
357.875	0.0015
358.0	0.0047
358.125	7.0E-4
358.25	0.0031
358.375	0.0047
358.5	0.0031
358.625	0.0047
358.75	0.0031
358.875	0.0047
359.0	0.0039
359.125	0.0039
359.25	0.0031
359.375	0.0047
359.5	0.0047
359.625	0.0039
359.75	0.0047
359.875	0.0047
360.0	0.0047
360.125	0.0031
360.25	0.0047
360.375	0.0047
360.5	0.0047
360.625	0.0039
360.75	0.0047
360.875	0.0047
361.0	0.0047
361.125	0.0047
361.25	0.0031
361.375	0.0047
361.5	0.0047
361.625	0.0047
361.75	0.0047
361.875	0.0047
362.0	0.0047
362.125	0.0047
362.25	0.0047
362.375	0.0047
362.5	0.0047
362.625	0.0039
362.75	0.0047
362.875	0.0047
363.0	0.0047
363.125	0.0047
363.25	0.0047
363.375	0.0047
363.5	0.0047
363.625	0.0047
363.75	0.0047
363.875	0.0047
364.0	0.0047
364.125	0.0047
364.25	0.0047
364.375	0.0047
364.5	0.0047
364.625	0.0047
364.75	0.0047
364.875	0.0047
365.0	0.0055
365.125	0.0047
365.25	0.0047
365.375	0.0047
365.5	0.0047
365.625	0.0047
365.75	0.0047
365.875	0.0047
366.0	0.0047
366.125	0.0047
366.25	0.0047
366.375	0.0047
366.5	0.0055
366.625	0.0047
366.75	0.0055
366.875	0.0047
367.0	0.0047
367.125	0.007
367.25	0.0047
367.375	0.0047
367.5	0.0055
367.625	0.0047
367.75	0.0047
367.875	0.0062
368.0	0.0047
368.125	0.0047
368.25	0.0047
368.375	0.0078
368.5	0.007
368.625	0.0078
368.75	0.0062
368.875	0.0086
369.0	0.0062
369.125	0.0086
369.25	0.0078
369.375	0.0055
369.5	0.007
369.625	0.0062
369.75	0.007
369.875	0.0094
370.0	0.0078
370.125	0.0062
370.25	0.007
370.375	0.0062
370.5	0.0078
370.625	0.0078
370.75	0.0078
370.875	0.0078
371.0	0.007
371.125	0.0086
371.25	0.007
371.375	0.0062
371.5	0.0086
371.625	0.0078
371.75	0.0094
371.875	0.0078
372.0	0.0086
372.125	0.0094
372.25	0.0094
372.375	0.0078
372.5	0.0086
372.625	0.0094
372.75	0.0086
372.875	0.0094
373.0	0.0078
373.125	0.0086
373.25	0.0078
373.375	0.0078
373.5	0.0094
373.625	0.0094
373.75	0.0094
373.875	0.0086
374.0	0.0094
374.125	0.0094
374.25	0.0078
374.375	0.0094
374.5	0.0094
374.625	0.0078
374.75	0.0094
374.875	0.0094
375.0	0.0094
375.125	0.0094
375.25	0.0094
375.375	0.0094
375.5	0.0094
375.625	0.0086
375.75	0.0094
375.875	0.0094
376.0	0.0102
376.125	0.0094
376.25	0.0086
376.375	0.0094
376.5	0.0094
376.625	0.0094
376.75	0.0094
376.875	0.0094
377.0	0.0094
377.125	0.0078
377.25	0.007
377.375	0.0094
377.5	0.0078
377.625	0.0086
377.75	0.0102
377.875	0.0086
378.0	0.0078
378.125	0.0094
378.25	0.007
378.375	0.0094
378.5	0.0094
378.625	0.011
378.75	0.0086
378.875	0.0086
379.0	0.011
379.125	0.0094
379.25	0.0086
379.375	0.0094
379.5	0.0086
379.625	0.0086
379.75	0.0094
379.875	0.007
380.0	0.0094
380.125	0.0094
380.25	0.0094
380.375	0.0094
380.5	0.0094
380.625	0.0094
380.75	0.0094
380.875	0.0094
381.0	0.0094
381.125	0.0094
381.25	0.0094
381.375	0.0094
381.5	0.0094
381.625	0.0094
381.75	0.0086
381.875	0.011
382.0	0.0078
382.125	0.0094
382.25	0.0094
382.375	0.0094
382.5	0.0094
382.625	0.0094
382.75	0.0094
382.875	0.0094
383.0	0.0102
383.125	0.0094
383.25	0.0094
383.375	0.0094
383.5	0.0086
383.625	0.0086
383.75	0.0094
383.875	0.011
384.0	0.0078
384.125	0.0086
384.25	0.0086
384.375	0.0094
384.5	0.0086
384.625	0.0094
384.75	0.0086
384.875	0.0094
385.0	0.0094
385.125	0.0094
385.25	0.0094
385.375	0.0094
385.5	0.0094
385.625	0.0094
385.75	0.0102
385.875	0.0094
386.0	0.0094
386.125	0.0086
386.25	0.0094
386.375	0.0102
386.5	0.0094
386.625	0.0094
386.75	0.0094
386.875	0.0094
387.0	0.0094
387.125	0.0094
387.25	0.0078
387.375	0.0094
387.5	0.0094
387.625	0.0094
387.75	0.0078
387.875	0.0094
388.0	0.0102
388.125	0.0094
388.25	0.0094
388.375	0.0102
388.5	0.0102
388.625	0.0094
388.75	0.0102
388.875	0.0094
389.0	0.0102
389.125	0.011
389.25	0.0094
389.375	0.0094
389.5	0.0086
389.625	0.0094
389.75	0.0094
389.875	0.0094
390.0	0.0094
390.125	0.0094
390.25	0.0094
390.375	0.0094
390.5	0.0102
390.625	0.011
390.75	0.0094
390.875	0.0102
391.0	0.0102
391.125	0.0094
391.25	0.0117
391.375	0.0102
391.5	0.011
391.625	0.011
391.75	0.0094
391.875	0.0102
392.0	0.011
392.125	0.0133
392.25	0.011
392.375	0.011
392.5	0.0141
392.625	0.0141
392.75	0.0125
392.875	0.0117
393.0	0.0141
393.125	0.0125
393.25	0.0141
393.375	0.0141
393.5	0.0141
393.625	0.0133
393.75	0.0141
393.875	0.0141
394.0	0.0141
394.125	0.0149
394.25	0.0157
394.375	0.0149
394.5	0.0141
394.625	0.0157
394.75	0.0157
394.875	0.0165
395.0	0.0172
395.125	0.018
395.25	0.0165
395.375	0.0188
395.5	0.018
395.625	0.0165
395.75	0.0172
395.875	0.0188
396.0	0.018
396.125	0.0204
396.25	0.0196
396.375	0.0204
396.5	0.022
396.625	0.0235
396.75	0.0227
396.875	0.0235
397.0	0.0235
397.125	0.0243
397.25	0.0235
397.375	0.0259
397.5	0.0267
397.625	0.0283
397.75	0.0283
397.875	0.0283
398.0	0.0283
398.125	0.029
398.25	0.0306
398.375	0.0298
398.5	0.0322
398.625	0.033
398.75	0.033
398.875	0.0345
399.0	0.0361
399.125	0.0377
399.25	0.0361
399.375	0.0385
399.5	0.0377
399.625	0.0385
399.75	0.0424
399.875	0.0424
400.0	0.0448
400.125	0.0455
400.25	0.0471
400.375	0.0479
400.5	0.0487
400.625	0.0511
400.75	0.0518
400.875	0.055
401.0	0.0558
401.125	0.0566
401.25	0.0581
401.375	0.0597
401.5	0.0613
401.625	0.0636
401.75	0.066
401.875	0.066
402.0	0.0691
402.125	0.0707
402.25	0.0731
402.375	0.0754
402.5	0.0754
402.625	0.077
402.75	0.0801
402.875	0.0841
403.0	0.0849
403.125	0.088
403.25	0.0896
403.375	0.0935
403.5	0.0951
403.625	0.0974
403.75	0.1037
403.875	0.1045
404.0	0.1077
404.125	0.11
404.25	0.1132
404.375	0.1179
404.5	0.121
404.625	0.1226
404.75	0.1273
404.875	0.1312
405.0	0.1352
405.125	0.1391
405.25	0.1438
405.375	0.1454
405.5	0.1501
405.625	0.1556
405.75	0.1595
405.875	0.1643
406.0	0.169
406.125	0.1745
406.25	0.1784
406.375	0.1839
406.5	0.1894
406.625	0.1941
406.75	0.2004
406.875	0.2059
407.0	0.2099
407.125	0.2161
407.25	0.2232
407.375	0.2295
407.5	0.2342
407.625	0.2405
407.75	0.2492
407.875	0.2531
408.0	0.2625
408.125	0.2696
408.25	0.2767
408.375	0.2838
408.5	0.2908
408.625	0.2987
408.75	0.3073
408.875	0.3152
409.0	0.3223
409.125	0.3325
409.25	0.3396
409.375	0.3498
409.5	0.3584
409.625	0.3694
409.75	0.3781
409.875	0.3883
410.0	0.3993
410.125	0.408
410.25	0.419
410.375	0.4292
410.5	0.4394
410.625	0.4504
410.75	0.463
410.875	0.4732
411.0	0.485
411.125	0.4952
411.25	0.5094
411.375	0.5212
411.5	0.5338
411.625	0.5463
411.75	0.5597
411.875	0.5738
412.0	0.5896
412.125	0.6014
412.25	0.6155
412.375	0.6305
412.5	0.6438
412.625	0.6603
412.75	0.6753
412.875	0.6902
413.0	0.7075
413.125	0.7232
413.25	0.7413
413.375	0.7578
413.5	0.7751
413.625	0.7924
413.75	0.8097
413.875	0.8294
414.0	0.8466
414.125	0.8663
414.25	0.8836
414.375	0.904
414.5	0.9237
414.625	0.9449
414.75	0.9654
414.875	0.985
415.0	1.0062
415.125	1.0275
415.25	1.0487
415.375	1.0715
415.5	1.0904
415.625	1.1139
415.75	1.1391
415.875	1.1619
416.0	1.1847
416.125	1.2075
416.25	1.2334
416.375	1.257
416.5	1.2838
416.625	1.3073
416.75	1.3317
416.875	1.3577
417.0	1.3852
417.125	1.4103
417.25	1.4386
417.375	1.4646
417.5	1.4952
417.625	1.5204
417.75	1.5518
417.875	1.5786
418.0	1.61
418.125	1.6383
418.25	1.669
418.375	1.6988
418.5	1.7279
418.625	1.757
418.75	1.79
418.875	1.8176
419.0	1.8514
419.125	1.8828
419.25	1.915
419.375	1.9473
419.5	1.9834
419.625	2.0133
419.75	2.0495
419.875	2.0841
420.0	2.1171
420.125	2.1556
420.25	2.1902
420.375	2.2209
420.5	2.257
420.625	2.2955
420.75	2.3317
420.875	2.3679
421.0	2.4048
421.125	2.4449
421.25	2.4803
421.375	2.5196
421.5	2.5573
421.625	2.5974
421.75	2.6352
421.875	2.6721
422.0	2.7106
422.125	2.75
422.25	2.7908
422.375	2.8317
422.5	2.8718
422.625	2.9119
422.75	2.9544
422.875	2.9937
423.0	3.0361
423.125	3.0754
423.25	3.1179
423.375	3.1556
423.5	3.1996
423.625	3.2413
423.75	3.3086
423.875	3.351
424.0	3.3966
424.125	3.4375
424.25	3.4823
424.375	3.5248
424.5	3.5672
424.625	3.6128
424.75	3.6561
424.875	3.7009
425.0	3.7433
425.125	3.7897
425.25	3.8353
425.375	3.8809
425.5	3.9273
425.625	3.9713
425.75	4.0208
425.875	4.0656
426.0	4.1112
426.125	4.1568
426.25	4.2072
426.375	4.252
426.5	4.3031
426.625	4.3479
426.75	4.3982
426.875	4.443
427.0	4.4917
427.125	4.5413
427.25	4.5916
427.375	4.6411
427.5	4.6875
427.625	4.73
427.75	4.7378
427.875	4.7378
428.0	4.7378
428.125	4.7378
428.25	4.7362
428.375	4.7378
428.5	4.7347
428.625	4.7378
428.75	4.7378
428.875	4.7347
429.0	4.7378
429.125	4.737
429.25	4.7378
429.375	4.7362
429.5	4.737
429.625	4.7355
429.75	4.7378
429.875	4.7362
430.0	4.7347
430.125	4.737
430.25	4.7362
430.375	4.737
430.5	4.737
430.625	4.7355
430.75	4.7355
430.875	4.7362
431.0	4.7355
431.125	4.7347
431.25	4.7347
431.375	4.7331
431.5	4.7355
431.625	4.7339
431.75	4.7339
431.875	4.7339
432.0	4.7355
432.125	4.7347
432.25	4.7347
432.375	4.7355
432.5	4.7331
432.625	4.7339
432.75	4.7331
432.875	4.7339
433.0	4.7339
433.125	4.7331
433.25	4.7339
433.375	4.7378
433.5	4.7331
433.625	4.7323
433.75	4.7331
433.875	4.7323
434.0	4.7331
434.125	4.7331
434.25	4.7331
434.375	4.7339
434.5	4.7331
434.625	4.7339
434.75	4.7331
434.875	4.7323
435.0	4.7339
435.125	4.7331
435.25	4.7331
435.375	4.7331
435.5	4.7315
435.625	4.7331
435.75	4.7331
435.875	4.7331
436.0	4.7323
436.125	4.7323
436.25	4.7331
436.375	4.7323
436.5	4.7331
436.625	4.7339
436.75	4.7331
436.875	4.7331
437.0	4.7331
437.125	4.7331
437.25	4.7339
437.375	4.7323
437.5	4.7331
437.625	4.7331
437.75	4.7331
437.875	4.7307
438.0	4.7307
438.125	4.7331
438.25	4.7331
438.375	4.7339
438.5	4.7339
438.625	4.7339
438.75	4.7331
438.875	4.7331
439.0	4.7331
439.125	4.7315
439.25	4.7331
439.375	4.7331
439.5	4.7331
439.625	4.7323
439.75	4.7355
439.875	4.7331
440.0	4.7347
440.125	4.7347
440.25	4.7347
440.375	4.7331
440.5	4.7331
440.625	4.7331
440.75	4.7331
440.875	4.7331
441.0	4.7315
441.125	4.7331
441.25	4.7331
441.375	4.7331
441.5	4.7331
441.625	4.7331
441.75	4.7331
441.875	4.7355
442.0	4.7347
442.125	4.7339
442.25	4.7362
442.375	4.7347
442.5	4.7331
442.625	4.7355
442.75	4.7347
442.875	4.7331
443.0	4.7355
443.125	4.7355
443.25	4.7355
443.375	4.7355
443.5	4.7355
443.625	4.7355
443.75	4.7347
443.875	4.7362
444.0	4.7347
444.125	4.7355
444.25	4.7355
444.375	4.6859
444.5	4.6167
444.625	4.5491
444.75	4.4839
444.875	4.4155
445.0	4.3502
445.125	4.2842
445.25	4.2213
445.375	4.1623
445.5	4.0994
445.625	4.0358
445.75	3.9752
445.875	3.9139
446.0	3.8542
446.125	3.7968
446.25	3.7402
446.375	3.6812
446.5	3.6262
446.625	3.5727
446.75	3.52
446.875	3.4689
447.0	3.4155
447.125	3.3652
447.25	3.3164
447.375	3.2413
447.5	3.1926
447.625	3.1438
447.75	3.0951
447.875	3.0495
448.0	3.0047
448.125	2.9606
448.25	2.9182
448.375	2.8765
448.5	2.8333
448.625	2.7924
448.75	2.75
448.875	2.713
449.0	2.6753
449.125	2.6344
449.25	2.6006
449.375	2.5636
449.5	2.5298
449.625	2.496
449.75	2.463
449.875	2.4284
450.0	2.3962
450.125	2.3639
450.25	2.3317
450.375	2.3018
450.5	2.2712
450.625	2.2429
450.75	2.2114
450.875	2.1847
451.0	2.1548
451.125	2.1297
451.25	2.099
451.375	2.0778
451.5	2.0471
451.625	2.0259
451.75	1.9984
451.875	1.974
452.0	1.9496
452.125	1.9245
452.25	1.9009
452.375	1.8789
452.5	1.8577
452.625	1.8364
452.75	1.8121
452.875	1.7916
453.0	1.7688
453.125	1.7468
453.25	1.7287
453.375	1.7091
453.5	1.6902
453.625	1.669
453.75	1.6493
453.875	1.6297
454.0	1.6108
454.125	1.5919
454.25	1.5723
454.375	1.5558
454.5	1.5369
454.625	1.518
454.75	1.5
454.875	1.4842
455.0	1.4646
455.125	1.4504
455.25	1.4316
455.375	1.4158
455.5	1.3977
455.625	1.3844
455.75	1.3671
455.875	1.3506
456.0	1.3356
456.125	1.3199
456.25	1.3042
456.375	1.29
456.5	1.2735
456.625	1.2602
456.75	1.2444
456.875	1.2319
457.0	1.2154
457.125	1.2012
457.25	1.1878
457.375	1.1745
457.5	1.1603
457.625	1.1462
457.75	1.132
457.875	1.1202
458.0	1.1077
458.125	1.0919
458.25	1.0801
458.375	1.0683
458.5	1.0558
458.625	1.0432
458.75	1.0306
458.875	1.0188
459.0	1.0086
459.125	0.9952
459.25	0.985
459.375	0.9732
459.5	0.9622
459.625	0.9496
459.75	0.9386
459.875	0.9276
460.0	0.9174
460.125	0.9103
460.25	0.8985
460.375	0.8867
460.5	0.8773
460.625	0.8679
460.75	0.8569
460.875	0.8466
461.0	0.838
461.125	0.8294
461.25	0.8207
461.375	0.8136
461.5	0.8026
461.625	0.7948
461.75	0.7853
461.875	0.7767
462.0	0.7696
462.125	0.761
462.25	0.7523
462.375	0.7429
462.5	0.7358
462.625	0.7303
462.75	0.7224
462.875	0.713
463.0	0.7059
463.125	0.6996
463.25	0.6902
463.375	0.6847
463.5	0.6784
463.625	0.6713
463.75	0.6666
463.875	0.6588
464.0	0.6533
464.125	0.6462
464.25	0.6391
464.375	0.6328
464.5	0.6289
464.625	0.6234
464.75	0.6171
464.875	0.61
465.0	0.6053
465.125	0.5998
465.25	0.5951
465.375	0.5911
465.5	0.5864
465.625	0.5825
465.75	0.5746
465.875	0.5715
466.0	0.566
466.125	0.5621
466.25	0.5566
466.375	0.5518
466.5	0.5479
466.625	0.5448
466.75	0.54
466.875	0.5361
467.0	0.533
467.125	0.529
467.25	0.5235
467.375	0.5204
467.5	0.5165
467.625	0.5141
467.75	0.511
467.875	0.5062
468.0	0.5023
468.125	0.5
468.25	0.496
468.375	0.4929
468.5	0.4921
468.625	0.4858
468.75	0.4842
468.875	0.4811
469.0	0.4764
469.125	0.4756
469.25	0.4716
469.375	0.4716
469.5	0.4669
469.625	0.4622
469.75	0.4622
469.875	0.4599
470.0	0.4575
470.125	0.4536
470.25	0.4512
470.375	0.4528
470.5	0.4488
470.625	0.4433
470.75	0.4433
470.875	0.4426
471.0	0.4386
471.125	0.4386
471.25	0.4363
471.375	0.4355
471.5	0.4323
471.625	0.4292
471.75	0.4292
471.875	0.4284
472.0	0.4245
472.125	0.4245
472.25	0.4229
472.375	0.4205
472.5	0.4198
472.625	0.4198
472.75	0.415
472.875	0.415
473.0	0.415
473.125	0.4127
473.25	0.4127
473.375	0.4103
473.5	0.4127
473.625	0.4095
473.75	0.4103
473.875	0.4064
474.0	0.4056
474.125	0.4056
474.25	0.4056
474.375	0.4056
474.5	0.4056
474.625	0.4056
474.75	0.404
474.875	0.4056
475.0	0.4056
475.125	0.4025
475.25	0.4009
475.375	0.4017
475.5	0.4009
475.625	0.4017
475.75	0.4033
475.875	0.4033
476.0	0.4025
476.125	0.4017
476.25	0.4056
476.375	0.4056
476.5	0.4056
476.625	0.4048
476.75	0.4056
476.875	0.4056
477.0	0.4056
477.125	0.4056
477.25	0.4064
477.375	0.4103
477.5	0.4095
477.625	0.4095
477.75	0.4103
477.875	0.4103
478.0	0.4119
478.125	0.4143
478.25	0.415
478.375	0.4166
478.5	0.4174
478.625	0.4198
478.75	0.4198
478.875	0.4237
479.0	0.4245
479.125	0.4268
479.25	0.4253
479.375	0.4292
479.5	0.4292
479.625	0.4323
479.75	0.4339
479.875	0.4371
480.0	0.4386
480.125	0.4394
480.25	0.4433
480.375	0.4449
480.5	0.4481
480.625	0.4504
480.75	0.4536
480.875	0.4551
481.0	0.4575
481.125	0.4599
481.25	0.463
481.375	0.4646
481.5	0.4685
481.625	0.4716
481.75	0.4764
481.875	0.4779
482.0	0.4819
482.125	0.4858
482.25	0.4889
482.375	0.4913
482.5	0.496
482.625	0.4984
482.75	0.5023
482.875	0.5047
483.0	0.511
483.125	0.5125
483.25	0.5188
483.375	0.5204
483.5	0.5235
483.625	0.5298
483.75	0.533
483.875	0.5377
484.0	0.5416
484.125	0.5463
484.25	0.5518
484.375	0.5558
484.5	0.5597
484.625	0.5644
484.75	0.5683
484.875	0.5746
485.0	0.5801
485.125	0.5817
485.25	0.5888
485.375	0.5943
485.5	0.5966
485.625	0.6037
485.75	0.6084
485.875	0.6132
486.0	0.6194
486.125	0.6226
486.25	0.6281
486.375	0.6352
486.5	0.6407
486.625	0.6462
486.75	0.6533
486.875	0.6556
487.0	0.6635
487.125	0.6682
487.25	0.6753
487.375	0.6816
487.5	0.6855
487.625	0.6926
487.75	0.6988
487.875	0.7044
488.0	0.7114
488.125	0.7169
488.25	0.7232
488.375	0.7311
488.5	0.7382
488.625	0.7444
488.75	0.7507
488.875	0.7562
489.0	0.7633
489.125	0.7688
489.25	0.7759
489.375	0.7838
489.5	0.79
489.625	0.7979
489.75	0.8042
489.875	0.8105
490.0	0.8191
490.125	0.827
490.25	0.8325
490.375	0.838
490.5	0.8474
490.625	0.8561
490.75	0.8616
490.875	0.8687
491.0	0.8742
491.125	0.8836
491.25	0.8915
491.375	0.8977
491.5	0.9048
491.625	0.9119
491.75	0.9213
491.875	0.9276
492.0	0.9355
492.125	0.9433
492.25	0.952
492.375	0.9591
492.5	0.9661
492.625	0.9748
492.75	0.9811
492.875	0.9889
493.0	0.9976
493.125	1.0047
493.25	1.0141
493.375	1.022
493.5	1.0275
493.625	1.0353
493.75	1.044
493.875	1.0534
494.0	1.0589
494.125	1.0683
494.25	1.0746
494.375	1.0833
494.5	1.0919
494.625	1.1006
494.75	1.1077
494.875	1.1171
495.0	1.1242
495.125	1.1344
495.25	1.1399
495.375	1.1493
495.5	1.158
495.625	1.1658
495.75	1.1729
495.875	1.1808
496.0	1.1894
496.125	1.1965
496.25	1.2067
496.375	1.2138
496.5	1.2209
496.625	1.2303
496.75	1.2397
496.875	1.2468
497.0	1.2555
497.125	1.2641
497.25	1.2712
497.375	1.2798
497.5	1.2877
497.625	1.2948
497.75	1.3034
497.875	1.3113
498.0	1.3199
498.125	1.3278
498.25	1.3372
498.375	1.3435
498.5	1.3514
498.625	1.36
498.75	1.3679
498.875	1.3757
499.0	1.3836
499.125	1.3915
499.25	1.4001
499.375	1.408
499.5	1.4158
499.625	1.4229
499.75	1.4316
499.875	1.4402
500.0	1.4465
500.125	1.4544
500.25	1.4614
500.375	1.4693
500.5	1.4779
500.625	1.4858
500.75	1.4929
500.875	1.5007
501.0	1.5094
501.125	1.5165
501.25	1.5235
501.375	1.5314
501.5	1.5385
501.625	1.5463
501.75	1.5542
501.875	1.5628
502.0	1.5691
502.125	1.5754
502.25	1.5825
502.375	1.5896
502.5	1.5974
502.625	1.6061
502.75	1.6132
502.875	1.6202
503.0	1.6265
503.125	1.6344
503.25	1.6407
503.375	1.6493
503.5	1.6556
503.625	1.6627
503.75	1.669
503.875	1.6761
504.0	1.6831
504.125	1.691
504.25	1.6965
504.375	1.7036
504.5	1.7099
504.625	1.7169
504.75	1.7232
504.875	1.7295
505.0	1.735
505.125	1.7444
505.25	1.75
505.375	1.7555
505.5	1.7625
505.625	1.7696
505.75	1.7759
505.875	1.783
506.0	1.7893
506.125	1.7948
506.25	1.8018
506.375	1.8081
506.5	1.8136
506.625	1.8183
506.75	1.8254
506.875	1.8317
507.0	1.8388
507.125	1.8443
507.25	1.849
507.375	1.8553
507.5	1.8616
507.625	1.8663
507.75	1.8734
507.875	1.8789
508.0	1.886
508.125	1.8891
508.25	1.8954
508.375	1.9001
508.5	1.9072
508.625	1.9111
508.75	1.915
508.875	1.9245
509.0	1.9268
509.125	1.9339
509.25	1.9386
509.375	1.9426
509.5	1.9488
509.625	1.9528
509.75	1.9575
509.875	1.9638
510.0	1.9685
510.125	1.9732
510.25	1.9772
510.375	1.9819
510.5	1.9882
510.625	1.9929
510.75	1.9976
510.875	2.0023
511.0	2.007
511.125	2.0094
511.25	2.0141
511.375	2.0188
511.5	2.0243
511.625	2.0283
511.75	2.0322
511.875	2.0361
512.0	2.04
512.125	2.0448
512.25	2.0479
512.375	2.0542
512.5	2.0566
512.625	2.0613
512.75	2.066
512.875	2.0707
513.0	2.0731
513.125	2.0754
513.25	2.0801
513.375	2.0849
513.5	2.088
513.625	2.0911
513.75	2.0943
513.875	2.099
514.0	2.1037
514.125	2.1045
514.25	2.1084
514.375	2.1132
514.5	2.1163
514.625	2.1179
514.75	2.1218
514.875	2.1234
515.0	2.1273
515.125	2.132
515.25	2.1344
515.375	2.1367
515.5	2.1399
515.625	2.143
515.75	2.1462
515.875	2.1477
516.0	2.1509
516.125	2.1548
516.25	2.1556
516.375	2.1603
516.5	2.1611
516.625	2.165
516.75	2.165
516.875	2.1698
517.0	2.1713
517.125	2.1745
517.25	2.1768
517.375	2.1792
517.5	2.1808
517.625	2.1839
517.75	2.1839
517.875	2.1886
518.0	2.1886
518.125	2.1933
518.25	2.1933
518.375	2.1965
518.5	2.1973
518.625	2.1988
518.75	2.2028
518.875	2.2028
519.0	2.2059
519.125	2.2075
519.25	2.2075
519.375	2.2075
519.5	2.2122
519.625	2.2122
519.75	2.2138
519.875	2.2169
520.0	2.2169
520.125	2.2185
520.25	2.2216
520.375	2.2209
520.5	2.2224
520.625	2.224
520.75	2.2264
520.875	2.2264
521.0	2.2272
521.125	2.2303
521.25	2.2303
521.375	2.2311
521.5	2.2327
521.625	2.2342
521.75	2.235
521.875	2.2358
522.0	2.2358
522.125	2.2382
522.25	2.2366
522.375	2.2389
522.5	2.2405
522.625	2.2405
522.75	2.2405
522.875	2.2405
523.0	2.2405
523.125	2.2421
523.25	2.2421
523.375	2.2429
523.5	2.2452
523.625	2.2452
523.75	2.2452
523.875	2.2452
524.0	2.2452
524.125	2.2452
524.25	2.2452
524.375	2.246
524.5	2.246
524.625	2.246
524.75	2.2468
524.875	2.2476
525.0	2.2484
525.125	2.2484
525.25	2.2492
525.375	2.2484
525.5	2.2468
525.625	2.2476
525.75	2.2484
525.875	2.246
526.0	2.2484
526.125	2.246
526.25	2.2476
526.375	2.2452
526.5	2.2452
526.625	2.2452
526.75	2.2452
526.875	2.2452
527.0	2.2452
527.125	2.2452
527.25	2.2452
527.375	2.2452
527.5	2.2444
527.625	2.2437
527.75	2.2452
527.875	2.2429
528.0	2.2405
528.125	2.2405
528.25	2.2421
528.375	2.2405
528.5	2.2397
528.625	2.2405
528.75	2.2397
528.875	2.2397
529.0	2.2358
529.125	2.2389
529.25	2.2358
529.375	2.2389
529.5	2.2358
529.625	2.2342
529.75	2.2334
529.875	2.2311
530.0	2.2311
530.125	2.2311
530.25	2.2303
530.375	2.2311
530.5	2.2295
530.625	2.2287
530.75	2.2264
530.875	2.2264
531.0	2.2264
531.125	2.2256
531.25	2.2224
531.375	2.2216
531.5	2.2216
531.625	2.2216
531.75	2.2185
531.875	2.2177
532.0	2.2169
532.125	2.2154
532.25	2.213
532.375	2.2122
532.5	2.2114
532.625	2.2122
532.75	2.2099
532.875	2.2083
533.0	2.2075
533.125	2.2075
533.25	2.2028
533.375	2.2028
533.5	2.2028
533.625	2.2028
533.75	2.1996
533.875	2.1996
534.0	2.1981
534.125	2.1981
534.25	2.1957
534.375	2.1933
534.5	2.1918
534.625	2.191
534.75	2.1886
534.875	2.1886
535.0	2.1886
535.125	2.1839
535.25	2.1847
535.375	2.1839
535.5	2.1823
535.625	2.18
535.75	2.1776
535.875	2.1761
536.0	2.1745
536.125	2.1745
536.25	2.1745
536.375	2.1698
536.5	2.1698
536.625	2.1682
536.75	2.1666
536.875	2.1674
537.0	2.1643
537.125	2.1627
537.25	2.1603
537.375	2.1595
537.5	2.1564
537.625	2.1556
537.75	2.1548
537.875	2.1509
538.0	2.1509
538.125	2.1501
538.25	2.1462
538.375	2.1462
538.5	2.1415
538.625	2.1415
538.75	2.1415
538.875	2.1367
539.0	2.1375
539.125	2.1344
539.25	2.1344
539.375	2.132
539.5	2.1289
539.625	2.1273
539.75	2.1273
539.875	2.125
540.0	2.1242
540.125	2.121
540.25	2.1179
540.375	2.1179
540.5	2.1171
540.625	2.1132
540.75	2.1132
540.875	2.1092
541.0	2.1069
541.125	2.1084
541.25	2.1061
541.375	2.1037
541.5	2.1006
541.625	2.0998
541.75	2.099
541.875	2.0959
542.0	2.0943
542.125	2.0904
542.25	2.0911
542.375	2.0896
542.5	2.0888
542.625	2.0849
542.75	2.0817
542.875	2.0817
543.0	2.0801
543.125	2.0762
543.25	2.0754
543.375	2.0731
543.5	2.0715
543.625	2.0699
543.75	2.0683
543.875	2.066
544.0	2.066
544.125	2.0621
544.25	2.0605
544.375	2.0573
544.5	2.0566
544.625	2.0526
544.75	2.0526
544.875	2.0518
545.0	2.0479
545.125	2.0471
545.25	2.0448
545.375	2.0448
545.5	2.0424
545.625	2.0385
545.75	2.0377
545.875	2.0353
546.0	2.0338
546.125	2.0298
546.25	2.029
546.375	2.0267
546.5	2.0243
546.625	2.0235
546.75	2.0227
546.875	2.0188
547.0	2.0188
547.125	2.0157
547.25	2.0141
547.375	2.0141
547.5	2.0094
547.625	2.0078
547.75	2.0047
547.875	2.0015
548.0	2.0
548.125	1.9992
548.25	1.996
548.375	1.9944
548.5	1.9913
548.625	1.9905
548.75	1.9889
548.875	1.9866
549.0	1.9834
549.125	1.9819
549.25	1.9811
549.375	1.9795
549.5	1.9764
549.625	1.9748
549.75	1.9716
549.875	1.9716
550.0	1.9669
550.125	1.9661
550.25	1.9638
550.375	1.9622
550.5	1.9583
550.625	1.9583
550.75	1.9575
550.875	1.9536
551.0	1.952
551.125	1.9488
551.25	1.9481
551.375	1.9465
551.5	1.9433
551.625	1.9418
551.75	1.9386
551.875	1.9378
552.0	1.9339
552.125	1.9339
552.25	1.93
552.375	1.9276
552.5	1.9276
552.625	1.9245
552.75	1.9221
552.875	1.9198
553.0	1.9198
553.125	1.9158
553.25	1.915
553.375	1.9111
553.5	1.9095
553.625	1.9056
553.75	1.9048
553.875	1.9033
554.0	1.9009
554.125	1.897
554.25	1.8962
554.375	1.893
554.5	1.8915
554.625	1.8891
554.75	1.8883
554.875	1.886
555.0	1.8836
555.125	1.882
555.25	1.8797
555.375	1.8773
555.5	1.875
555.625	1.8726
555.75	1.8694
555.875	1.8679
556.0	1.8647
556.125	1.8639
556.25	1.86
556.375	1.8584
556.5	1.8561
556.625	1.8537
556.75	1.8522
556.875	1.849
557.0	1.8482
557.125	1.8443
557.25	1.8419
557.375	1.8396
557.5	1.8396
557.625	1.8364
557.75	1.8341
557.875	1.8309
558.0	1.8301
558.125	1.8262
558.25	1.8246
558.375	1.8238
558.5	1.8207
558.625	1.8183
558.75	1.816
558.875	1.8136
559.0	1.8113
559.125	1.8073
559.25	1.8066
559.375	1.805
559.5	1.8003
559.625	1.7979
559.75	1.7971
559.875	1.7948
560.0	1.7924
560.125	1.79
560.25	1.7877
560.375	1.7845
560.5	1.783
560.625	1.7806
560.75	1.7783
560.875	1.7767
561.0	1.772
561.125	1.7712
561.25	1.7688
561.375	1.7641
561.5	1.7641
561.625	1.7633
561.75	1.7594
561.875	1.757
562.0	1.7547
562.125	1.7515
562.25	1.75
562.375	1.746
562.5	1.7444
562.625	1.7413
562.75	1.7405
562.875	1.7358
563.0	1.7358
563.125	1.7311
563.25	1.7311
563.375	1.7264
563.5	1.724
563.625	1.7224
563.75	1.7216
563.875	1.7169
564.0	1.7154
564.125	1.7122
564.25	1.7122
564.375	1.7075
564.5	1.7051
564.625	1.7028
564.75	1.7004
564.875	1.6981
565.0	1.6949
565.125	1.6933
565.25	1.6918
565.375	1.6886
565.5	1.6871
565.625	1.6839
565.75	1.6823
565.875	1.6784
566.0	1.6753
566.125	1.6745
566.25	1.6705
566.375	1.6698
566.5	1.6658
566.625	1.6643
566.75	1.6603
566.875	1.6603
567.0	1.6556
567.125	1.654
567.25	1.6509
567.375	1.6501
567.5	1.6462
567.625	1.6462
567.75	1.6415
567.875	1.6399
568.0	1.6375
568.125	1.6344
568.25	1.632
568.375	1.6297
568.5	1.6273
568.625	1.6242
568.75	1.6218
568.875	1.6202
569.0	1.6179
569.125	1.6147
569.25	1.6124
569.375	1.6084
569.5	1.6069
569.625	1.6037
569.75	1.6014
569.875	1.599
570.0	1.5943
570.125	1.5943
570.25	1.5904
570.375	1.5888
570.5	1.5849
570.625	1.5841
570.75	1.5801
570.875	1.5778
571.0	1.5762
571.125	1.5723
571.25	1.5707
571.375	1.5707
571.5	1.566
571.625	1.5644
571.75	1.5613
571.875	1.5581
572.0	1.5566
572.125	1.5526
572.25	1.5503
572.375	1.5471
572.5	1.5471
572.625	1.5424
572.75	1.5393
572.875	1.5385
573.0	1.5345
573.125	1.533
573.25	1.529
573.375	1.5275
573.5	1.5235
573.625	1.5204
573.75	1.5188
573.875	1.518
574.0	1.5141
574.125	1.5117
574.25	1.5094
574.375	1.5094
574.5	1.5047
574.625	1.5023
574.75	1.5
574.875	1.4984
575.0	1.4952
575.125	1.4929
575.25	1.4905
575.375	1.4882
575.5	1.4858
575.625	1.4811
575.75	1.4803
575.875	1.4779
576.0	1.4748
576.125	1.4716
576.25	1.4693
576.375	1.4669
576.5	1.4669
576.625	1.4622
576.75	1.4614
576.875	1.4575
577.0	1.4544
577.125	1.4528
577.25	1.4496
577.375	1.4488
577.5	1.4433
577.625	1.4426
577.75	1.4386
577.875	1.4378
578.0	1.4339
578.125	1.4323
578.25	1.4308
578.375	1.4268
578.5	1.4245
578.625	1.4213
578.75	1.4198
578.875	1.4182
579.0	1.415
579.125	1.4111
579.25	1.4103
579.375	1.4064
579.5	1.4056
579.625	1.4009
579.75	1.4001
579.875	1.3985
580.0	1.3946
580.125	1.3938
580.25	1.3891
580.375	1.3867
580.5	1.3852
580.625	1.382
580.75	1.3781
580.875	1.3773
581.0	1.3734
581.125	1.3702
581.25	1.3671
581.375	1.3663
581.5	1.3639
581.625	1.3616
581.75	1.3584
581.875	1.3537
582.0	1.3537
582.125	1.3514
582.25	1.3482
582.375	1.3459
582.5	1.3443
582.625	1.3411
582.75	1.3396
582.875	1.338
583.0	1.3349
583.125	1.3301
583.25	1.3278
583.375	1.3254
583.5	1.3223
583.625	1.3215
583.75	1.3168
583.875	1.316
584.0	1.3128
584.125	1.3113
584.25	1.3073
584.375	1.3066
584.5	1.3042
584.625	1.3011
584.75	1.2971
584.875	1.2948
585.0	1.2924
585.125	1.2908
585.25	1.2877
585.375	1.2861
585.5	1.283
585.625	1.2822
585.75	1.2783
585.875	1.2759
586.0	1.2735
586.125	1.2712
586.25	1.2688
586.375	1.2649
586.5	1.2633
586.625	1.2594
586.75	1.2586
586.875	1.2547
587.0	1.2531
587.125	1.2507
587.25	1.246
587.375	1.2452
587.5	1.2405
587.625	1.2413
587.75	1.2374
587.875	1.235
588.0	1.2311
588.125	1.2287
588.25	1.2264
588.375	1.2232
588.5	1.2224
588.625	1.2193
588.75	1.2169
588.875	1.2146
589.0	1.2114
589.125	1.2075
589.25	1.2075
589.375	1.2028
589.5	1.1996
589.625	1.1981
589.75	1.1957
589.875	1.1933
590.0	1.1886
590.125	1.1886
590.25	1.1847
590.375	1.1839
590.5	1.1823
590.625	1.1768
590.75	1.1761
590.875	1.1737
591.0	1.1698
591.125	1.169
591.25	1.165
591.375	1.1627
591.5	1.1603
591.625	1.158
591.75	1.1548
591.875	1.1509
592.0	1.1493
592.125	1.1462
592.25	1.1462
592.375	1.1415
592.5	1.1375
592.625	1.1367
592.75	1.1344
592.875	1.132
593.0	1.1289
593.125	1.1273
593.25	1.125
593.375	1.1218
593.5	1.1194
593.625	1.1171
593.75	1.1132
593.875	1.1124
594.0	1.1084
594.125	1.1061
594.25	1.1037
594.375	1.1029
594.5	1.099
594.625	1.0943
594.75	1.0943
594.875	1.0896
595.0	1.0896
595.125	1.0849
595.25	1.0825
595.375	1.0809
595.5	1.0778
595.625	1.0754
595.75	1.0707
595.875	1.0707
596.0	1.0691
596.125	1.066
596.25	1.0613
596.375	1.0589
596.5	1.0581
596.625	1.0542
596.75	1.0518
596.875	1.0518
597.0	1.0479
597.125	1.0448
597.25	1.0424
597.375	1.04
597.5	1.0377
597.625	1.0345
597.75	1.0338
597.875	1.0283
598.0	1.0275
598.125	1.0235
598.25	1.022
598.375	1.0188
598.5	1.0141
598.625	1.0117
598.75	1.011
598.875	1.0094
599.0	1.0062
599.125	1.0047
599.25	1.0
599.375	0.9976
599.5	0.9952
599.625	0.9929
599.75	0.9905
599.875	0.9874
600.0	0.9866
600.125	0.9858
600.25	0.9803
600.375	0.9787
600.5	0.9779
600.625	0.974
600.75	0.9716
600.875	0.9701
601.0	0.9669
601.125	0.9638
601.25	0.9614
601.375	0.9583
601.5	0.9559
601.625	0.9528
601.75	0.9504
601.875	0.9481
602.0	0.9465
602.125	0.9426
602.25	0.9418
602.375	0.9386
602.5	0.9363
602.625	0.9331
602.75	0.9316
602.875	0.9268
603.0	0.9245
603.125	0.9245
603.25	0.9198
603.375	0.9182
603.5	0.915
603.625	0.9135
603.75	0.9119
603.875	0.9072
604.0	0.9048
604.125	0.9033
604.25	0.9009
604.375	0.9009
604.5	0.8962
604.625	0.8922
604.75	0.8915
604.875	0.8883
605.0	0.886
605.125	0.882
605.25	0.882
605.375	0.8773
605.5	0.8757
605.625	0.8726
605.75	0.871
605.875	0.8679
606.0	0.8671
606.125	0.8632
606.25	0.8608
606.375	0.8584
606.5	0.8561
606.625	0.8537
606.75	0.849
606.875	0.8474
607.0	0.8443
607.125	0.8443
607.25	0.8396
607.375	0.8388
607.5	0.8356
607.625	0.8349
607.75	0.8301
607.875	0.8278
608.0	0.8254
608.125	0.8238
608.25	0.8207
608.375	0.8207
608.5	0.8168
608.625	0.8136
608.75	0.8113
608.875	0.8089
609.0	0.8066
609.125	0.8026
609.25	0.8018
609.375	0.8003
609.5	0.7971
609.625	0.7948
609.75	0.7916
609.875	0.7885
610.0	0.7877
610.125	0.7853
610.25	0.783
610.375	0.779
610.5	0.7775
610.625	0.7743
610.75	0.7727
610.875	0.7696
611.0	0.7688
611.125	0.7641
611.25	0.7641
611.375	0.7594
611.5	0.7594
611.625	0.7547
611.75	0.7523
611.875	0.7507
612.0	0.7492
612.125	0.7452
612.25	0.7452
612.375	0.7405
612.5	0.7389
612.625	0.7358
612.75	0.7342
612.875	0.7311
613.0	0.7303
613.125	0.7272
613.25	0.7248
613.375	0.7224
613.5	0.7201
613.625	0.7169
613.75	0.7169
613.875	0.7122
614.0	0.7114
614.125	0.7075
614.25	0.7059
614.375	0.7028
614.5	0.702
614.625	0.6981
614.75	0.6957
614.875	0.6933
615.0	0.6933
615.125	0.6886
615.25	0.6886
615.375	0.6839
615.5	0.6839
615.625	0.68
615.75	0.6784
615.875	0.6753
616.0	0.6745
616.125	0.6698
616.25	0.6658
616.375	0.6666
616.5	0.6643
616.625	0.6611
616.75	0.6595
616.875	0.658
617.0	0.6556
617.125	0.654
617.25	0.6517
617.375	0.6493
617.5	0.6462
617.625	0.6438
617.75	0.643
617.875	0.6407
618.0	0.6367
618.125	0.6367
618.25	0.6352
618.375	0.632
618.5	0.6297
618.625	0.6273
618.75	0.625
618.875	0.6226
619.0	0.621
619.125	0.6187
619.25	0.6179
619.375	0.6132
619.5	0.6132
619.625	0.6108
619.75	0.6092
619.875	0.6053
620.0	0.6045
620.125	0.6014
620.25	0.599
620.375	0.5982
620.5	0.5951
620.625	0.5943
620.75	0.5904
620.875	0.5896
621.0	0.5872
621.125	0.5856
621.25	0.5833
621.375	0.5825
621.5	0.5794
621.625	0.5786
621.75	0.5754
621.875	0.5738
622.0	0.5707
622.125	0.5699
622.25	0.5668
622.375	0.566
622.5	0.5636
622.625	0.5613
622.75	0.5613
622.875	0.5566
623.0	0.5558
623.125	0.5526
623.25	0.5518
623.375	0.5495
623.5	0.5471
623.625	0.5448
623.75	0.5448
623.875	0.5424
624.0	0.54
624.125	0.5393
624.25	0.5377
624.375	0.533
624.5	0.533
624.625	0.5314
624.75	0.5283
624.875	0.5283
625.0	0.5251
625.125	0.5235
625.25	0.5212
625.375	0.5188
625.5	0.518
625.625	0.5157
625.75	0.5141
625.875	0.5117
626.0	0.5094
626.125	0.5094
626.25	0.5062
626.375	0.5047
626.5	0.5039
626.625	0.5
626.75	0.5
626.875	0.4984
627.0	0.4968
627.125	0.4952
627.25	0.4905
627.375	0.4905
627.5	0.4882
627.625	0.4858
627.75	0.4858
627.875	0.4811
628.0	0.4811
628.125	0.4811
628.25	0.4787
628.375	0.4764
628.5	0.4756
628.625	0.4716
628.75	0.4716
628.875	0.4685
629.0	0.4669
629.125	0.4669
629.25	0.4622
629.375	0.4638
629.5	0.4614
629.625	0.4575
629.75	0.4575
629.875	0.4575
630.0	0.4536
630.125	0.4528
630.25	0.4488
630.375	0.4481
630.5	0.4481
630.625	0.4457
630.75	0.4426
630.875	0.4418
631.0	0.4426
631.125	0.4386
631.25	0.4386
631.375	0.4386
631.5	0.4347
631.625	0.4339
631.75	0.4308
631.875	0.4292
632.0	0.4284
632.125	0.4253
632.25	0.4245
632.375	0.4237
632.5	0.4205
632.625	0.4198
632.75	0.4198
632.875	0.4158
633.0	0.415
633.125	0.415
633.25	0.4127
633.375	0.4119
633.5	0.4103
633.625	0.4088
633.75	0.4056
633.875	0.404
634.0	0.4017
634.125	0.4033
634.25	0.4001
634.375	0.3977
634.5	0.3962
634.625	0.3946
634.75	0.3915
634.875	0.3922
635.0	0.3907
635.125	0.3899
635.25	0.3875
635.375	0.386
635.5	0.3852
635.625	0.3836
635.75	0.382
635.875	0.3812
636.0	0.3789
636.125	0.3773
636.25	0.3773
636.375	0.375
636.5	0.3734
636.625	0.3726
636.75	0.3726
636.875	0.3702
637.0	0.3679
637.125	0.3679
637.25	0.3663
637.375	0.3632
637.5	0.3632
637.625	0.3608
637.75	0.3584
637.875	0.3584
638.0	0.3584
638.125	0.3561
638.25	0.3545
638.375	0.3537
638.5	0.3506
638.625	0.349
638.75	0.349
638.875	0.3482
639.0	0.3482
639.125	0.3459
639.25	0.3443
639.375	0.3427
639.5	0.3411
639.625	0.3396
639.75	0.3396
639.875	0.3364
640.0	0.3349
640.125	0.3349
640.25	0.3349
640.375	0.3309
640.5	0.3301
640.625	0.3301
640.75	0.3301
640.875	0.327
641.0	0.3262
641.125	0.3254
641.25	0.3246
641.375	0.3207
641.5	0.3207
641.625	0.3207
641.75	0.3183
641.875	0.3168
642.0	0.316
642.125	0.316
642.25	0.3136
642.375	0.3121
642.5	0.3097
642.625	0.3105
642.75	0.3081
642.875	0.3089
643.0	0.3066
643.125	0.3066
643.25	0.3058
643.375	0.3018
643.5	0.3018
643.625	0.3018
643.75	0.3011
643.875	0.3011
644.0	0.2979
644.125	0.2971
644.25	0.2971
644.375	0.2955
644.5	0.294
644.625	0.2924
644.75	0.2916
644.875	0.2916
645.0	0.2893
645.125	0.2893
645.25	0.2877
645.375	0.2877
645.5	0.2877
645.625	0.2845
645.75	0.283
645.875	0.283
646.0	0.283
646.125	0.2806
646.25	0.2814
646.375	0.2783
646.5	0.2783
646.625	0.2783
646.75	0.2775
646.875	0.2743
647.0	0.2735
647.125	0.2735
647.25	0.2735
647.375	0.272
647.5	0.2712
647.625	0.2696
647.75	0.2688
647.875	0.268
648.0	0.2672
648.125	0.2657
648.25	0.2641
648.375	0.2641
648.5	0.2641
648.625	0.2641
648.75	0.2617
648.875	0.2594
649.0	0.2594
649.125	0.2602
649.25	0.2594
649.375	0.2578
649.5	0.257
649.625	0.2547
649.75	0.2547
649.875	0.2523
650.0	0.2531
650.125	0.2507
650.25	0.2539
650.375	0.25
650.5	0.25
650.625	0.25
650.75	0.25
650.875	0.2484
651.0	0.2468
651.125	0.2452
651.25	0.2452
651.375	0.2452
651.5	0.2413
651.625	0.2413
651.75	0.2421
651.875	0.2413
652.0	0.2405
652.125	0.2405
652.25	0.2397
652.375	0.2405
652.5	0.2366
652.625	0.2374
652.75	0.2366
652.875	0.2358
653.0	0.2334
653.125	0.2358
653.25	0.235
653.375	0.2334
653.5	0.2334
653.625	0.2327
653.75	0.2311
653.875	0.2311
654.0	0.2311
654.125	0.2295
654.25	0.2272
654.375	0.2264
654.5	0.2272
654.625	0.2264
654.75	0.2264
654.875	0.2264
655.0	0.2248
655.125	0.2224
655.25	0.224
655.375	0.2216
655.5	0.2216
655.625	0.2224
655.75	0.2216
655.875	0.2216
656.0	0.2209
656.125	0.2185
656.25	0.2177
656.375	0.2177
656.5	0.2177
656.625	0.2169
656.75	0.2169
656.875	0.2169
657.0	0.2146
657.125	0.2146
657.25	0.2154
657.375	0.2146
657.5	0.2146
657.625	0.2146
657.75	0.2122
657.875	0.2122
658.0	0.2114
658.125	0.2122
658.25	0.2114
658.375	0.2114
658.5	0.2099
658.625	0.2083
658.75	0.2075
658.875	0.2075
659.0	0.2083
659.125	0.2075
659.25	0.2059
659.375	0.2051
659.5	0.2051
659.625	0.2059
659.75	0.2036
659.875	0.2044
660.0	0.2028
660.125	0.2028
660.25	0.2028
660.375	0.2028
660.5	0.2036
660.625	0.2028
660.75	0.202
660.875	0.2004
661.0	0.2004
661.125	0.1981
661.25	0.1981
661.375	0.1973
661.5	0.1973
661.625	0.1981
661.75	0.1973
661.875	0.1965
662.0	0.1933
662.125	0.1965
662.25	0.1949
662.375	0.1981
662.5	0.1957
662.625	0.1933
662.75	0.1941
662.875	0.1933
663.0	0.1933
663.125	0.1933
663.25	0.1926
663.375	0.1902
663.5	0.1902
663.625	0.1918
663.75	0.1902
663.875	0.191
664.0	0.1886
664.125	0.1886
664.25	0.1878
664.375	0.1886
664.5	0.1878
664.625	0.1863
664.75	0.1863
664.875	0.1863
665.0	0.1847
665.125	0.1855
665.25	0.1839
665.375	0.1839
665.5	0.1839
665.625	0.1839
665.75	0.1831
665.875	0.1831
666.0	0.1808
666.125	0.1839
666.25	0.1792
666.375	0.18
666.5	0.1792
666.625	0.1792
666.75	0.1792
666.875	0.1792
667.0	0.1792
667.125	0.1745
667.25	0.1784
667.375	0.1768
667.5	0.1761
667.625	0.1776
667.75	0.1768
667.875	0.1745
668.0	0.1745
668.125	0.1745
668.25	0.1745
668.375	0.1745
668.5	0.1745
668.625	0.1729
668.75	0.1729
668.875	0.1721
669.0	0.1698
669.125	0.1698
669.25	0.1698
669.375	0.1698
669.5	0.1698
669.625	0.1674
669.75	0.1666
669.875	0.1666
670.0	0.1658
670.125	0.165
670.25	0.165
670.375	0.165
670.5	0.165
670.625	0.165
670.75	0.165
670.875	0.165
671.0	0.165
671.125	0.1619
671.25	0.1619
671.375	0.1603
671.5	0.1603
671.625	0.1603
671.75	0.1603
671.875	0.1603
672.0	0.1595
672.125	0.158
672.25	0.1556
672.375	0.1572
672.5	0.1572
672.625	0.1556
672.75	0.1556
672.875	0.1556
673.0	0.1556
673.125	0.1548
673.25	0.1548
673.375	0.1533
673.5	0.1517
673.625	0.1533
673.75	0.1509
673.875	0.1509
674.0	0.1501
674.125	0.1509
674.25	0.1509
674.375	0.1501
674.5	0.1493
674.625	0.1477
674.75	0.1462
674.875	0.1462
675.0	0.1446
675.125	0.1462
675.25	0.1462
675.375	0.1462
675.5	0.1438
675.625	0.1415
675.75	0.1422
675.875	0.1415
676.0	0.1407
676.125	0.1415
676.25	0.1407
676.375	0.1399
676.5	0.1407
676.625	0.1391
676.75	0.1367
676.875	0.1367
677.0	0.136
677.125	0.136
677.25	0.1367
677.375	0.1336
677.5	0.1344
677.625	0.132
677.75	0.132
677.875	0.132
678.0	0.132
678.125	0.132
678.25	0.132
678.375	0.1297
678.5	0.1281
678.625	0.1273
678.75	0.1273
678.875	0.1265
679.0	0.1273
679.125	0.1234
679.25	0.1226
679.375	0.1242
679.5	0.1226
679.625	0.1218
679.75	0.121
679.875	0.1218
680.0	0.1202
680.125	0.1202
680.25	0.1179
680.375	0.1179
680.5	0.1179
680.625	0.1179
680.75	0.1155
680.875	0.1147
681.0	0.1132
681.125	0.1132
681.25	0.1124
681.375	0.1124
681.5	0.1124
681.625	0.11
681.75	0.1108
681.875	0.1084
682.0	0.1084
682.125	0.1084
682.25	0.1084
682.375	0.1084
682.5	0.1077
682.625	0.1037
682.75	0.1045
682.875	0.1045
683.0	0.1037
683.125	0.1037
683.25	0.1022
683.375	0.1006
683.5	0.0998
683.625	0.0998
683.75	0.099
683.875	0.0974
684.0	0.099
684.125	0.0951
684.25	0.0966
684.375	0.0943
684.5	0.0943
684.625	0.0943
684.75	0.0927
684.875	0.0943
685.0	0.0927
685.125	0.0896
685.25	0.0896
685.375	0.0896
685.5	0.0904
685.625	0.0896
685.75	0.088
685.875	0.0888
686.0	0.0872
686.125	0.0856
686.25	0.0849
686.375	0.0849
686.5	0.0849
686.625	0.0841
686.75	0.0841
686.875	0.0833
687.0	0.0801
687.125	0.0801
687.25	0.0801
687.375	0.0801
687.5	0.0801
687.625	0.0794
687.75	0.0801
687.875	0.0754
688.0	0.0754
688.125	0.0754
688.25	0.0754
688.375	0.0754
688.5	0.0754
688.625	0.0715
688.75	0.0723
688.875	0.0731
689.0	0.0707
689.125	0.0715
689.25	0.0715
689.375	0.0707
689.5	0.0707
689.625	0.0707
689.75	0.0707
689.875	0.0676
690.0	0.0683
690.125	0.0676
690.25	0.066
690.375	0.066
690.5	0.066
690.625	0.066
690.75	0.0644
690.875	0.0628
691.0	0.0628
691.125	0.0628
691.25	0.0628
691.375	0.0613
691.5	0.0613
691.625	0.0613
691.75	0.0628
691.875	0.0613
692.0	0.0613
692.125	0.0613
692.25	0.0613
692.375	0.0573
692.5	0.0581
692.625	0.0573
692.75	0.0566
692.875	0.0581
693.0	0.0566
693.125	0.0566
693.25	0.055
693.375	0.0566
693.5	0.0566
693.625	0.0558
693.75	0.0558
693.875	0.0542
694.0	0.0534
694.125	0.0534
694.25	0.0534
694.375	0.0518
694.5	0.0518
694.625	0.0518
694.75	0.0518
694.875	0.0518
695.0	0.0518
695.125	0.0518
695.25	0.0495
695.375	0.0511
695.5	0.0487
695.625	0.0495
695.75	0.0471
695.875	0.0471
696.0	0.0463
696.125	0.0471
696.25	0.0471
696.375	0.0463
696.5	0.0471
696.625	0.0463
696.75	0.0463
696.875	0.0448
697.0	0.044
697.125	0.0471
697.25	0.0463
697.375	0.0455
697.5	0.0432
697.625	0.044
697.75	0.0424
697.875	0.0424
698.0	0.0424
698.125	0.0424
698.25	0.044
698.375	0.0424
698.5	0.0424
698.625	0.0424
698.75	0.0424
698.875	0.0424
699.0	0.0416
699.125	0.0416
699.25	0.04
699.375	0.0385
699.5	0.0385
699.625	0.0385
699.75	0.0393
699.875	0.0377
700.0	0.0377
700.125	0.0377
700.25	0.0377
700.375	0.0377
700.5	0.0377
700.625	0.0377
700.75	0.0377
700.875	0.0377
701.0	0.0377
701.125	0.0377
701.25	0.0361
701.375	0.0353
701.5	0.0361
701.625	0.0353
701.75	0.0345
701.875	0.0338
702.0	0.0353
702.125	0.0353
702.25	0.0338
702.375	0.033
702.5	0.0353
702.625	0.033
702.75	0.033
702.875	0.033
703.0	0.033
703.125	0.033
703.25	0.0314
703.375	0.033
703.5	0.0338
703.625	0.033
703.75	0.033
703.875	0.033
704.0	0.0314
704.125	0.033
704.25	0.0298
704.375	0.0322
704.5	0.029
704.625	0.0298
704.75	0.0298
704.875	0.0283
705.0	0.0283
705.125	0.0283
705.25	0.0283
705.375	0.0283
705.5	0.0275
705.625	0.0283
705.75	0.0283
705.875	0.0283
706.0	0.0283
706.125	0.0283
706.25	0.0283
706.375	0.0283
706.5	0.0283
706.625	0.0267
706.75	0.0259
706.875	0.0267
707.0	0.0275
707.125	0.0275
707.25	0.0267
707.375	0.0243
707.5	0.0267
707.625	0.0251
707.75	0.0251
707.875	0.0251
708.0	0.0251
708.125	0.0267
708.25	0.0235
708.375	0.0243
708.5	0.0243
708.625	0.0251
708.75	0.0235
708.875	0.0235
709.0	0.0251
709.125	0.0235
709.25	0.0235
709.375	0.0243
709.5	0.0235
709.625	0.0235
709.75	0.0235
709.875	0.0235
710.0	0.0235
710.125	0.022
710.25	0.0227
710.375	0.0235
710.5	0.0235
710.625	0.0235
710.75	0.022
710.875	0.0204
711.0	0.0227
711.125	0.022
711.25	0.0235
711.375	0.0212
711.5	0.0212
711.625	0.0188
711.75	0.022
711.875	0.0196
712.0	0.0188
712.125	0.0188
712.25	0.0188
712.375	0.0204
712.5	0.0204
712.625	0.0188
712.75	0.0188
712.875	0.0188
713.0	0.0188
713.125	0.0188
713.25	0.0188
713.375	0.0188
713.5	0.0188
713.625	0.0188
713.75	0.0196
713.875	0.0188
714.0	0.0188
714.125	0.0188
714.25	0.0188
714.375	0.0188
714.5	0.0188
714.625	0.018
714.75	0.018
714.875	0.018
715.0	0.0172
715.125	0.0188
715.25	0.0188
715.375	0.0172
715.5	0.0172
715.625	0.0149
715.75	0.0157
715.875	0.0157
716.0	0.0157
716.125	0.0141
716.25	0.0149
716.375	0.0141
716.5	0.0149
716.625	0.0149
716.75	0.0141
716.875	0.0141
717.0	0.0141
717.125	0.0141
717.25	0.0149
717.375	0.0141
717.5	0.0133
717.625	0.0141
717.75	0.0141
717.875	0.0141
718.0	0.0141
718.125	0.0141
718.25	0.0141
718.375	0.0141
718.5	0.0141
718.625	0.0141
718.75	0.0141
718.875	0.0133
719.0	0.0141
719.125	0.0141
719.25	0.0141
719.375	0.0117
719.5	0.0141
719.625	0.0141
719.75	0.0133
719.875	0.0141
720.0	0.0141
720.125	0.0133
720.25	0.0133
720.375	0.0141
720.5	0.0133
720.625	0.0141
720.75	0.0133
720.875	0.0141
721.0	0.0133
721.125	0.0133
721.25	0.0141
721.375	0.0133
721.5	0.0141
721.625	0.0133
721.75	0.0141
721.875	0.0117
722.0	0.0125
722.125	0.0125
722.25	0.011
722.375	0.0133
722.5	0.0125
722.625	0.0141
722.75	0.0117
722.875	0.0102
723.0	0.011
723.125	0.0133
723.25	0.011
723.375	0.0094
723.5	0.011
723.625	0.0117
723.75	0.0102
723.875	0.0094
724.0	0.0094
724.125	0.0102
724.25	0.0117
724.375	0.0094
724.5	0.0094
724.625	0.0117
724.75	0.0086
724.875	0.0094
725.0	0.0094
725.125	0.0078
725.25	0.0102
725.375	0.0094
725.5	0.0094
725.625	0.0094
725.75	0.0094
725.875	0.0094
726.0	0.0094
726.125	0.0094
726.25	0.0094
726.375	0.0094
726.5	0.0086
726.625	0.0094
726.75	0.0094
726.875	0.0094
727.0	0.0094
727.125	0.0094
727.25	0.0094
727.375	0.0086
727.5	0.0086
727.625	0.0055
727.75	0.0094
727.875	0.0094
728.0	0.0094
728.125	0.0086
728.25	0.0086
728.375	0.0078
728.5	0.0078
728.625	0.0086
728.75	0.0078
728.875	0.0078
729.0	0.007
729.125	0.0086
729.25	0.007
729.375	0.0094
729.5	0.007
729.625	0.0078
729.75	0.007
729.875	0.0062
730.0	0.0055
730.125	0.0086
730.25	0.0047
730.375	0.0078
730.5	0.007
730.625	0.0047
730.75	0.0086
730.875	0.0062
731.0	0.007
731.125	0.0078
731.25	0.0062
731.375	0.0047
731.5	0.0086
731.625	0.0062
731.75	0.0062
731.875	0.0062
732.0	0.0062
732.125	0.0055
732.25	0.0047
732.375	0.0062
732.5	0.007
732.625	0.007
732.75	0.007
732.875	0.0055
733.0	0.0062
733.125	0.0047
733.25	0.0078
733.375	0.007
733.5	0.0047
733.625	0.0078
733.75	0.007
733.875	0.0047
734.0	0.0062
734.125	0.0047
734.25	0.0055
734.375	0.0055
734.5	0.0055
734.625	0.0047
734.75	0.0078
734.875	0.0047
735.0	0.0078
735.125	0.0062
735.25	0.0055
735.375	0.0047
735.5	0.0055
735.625	0.0047
735.75	0.0047
735.875	0.0062
736.0	0.0047
736.125	0.0055
736.25	0.0047
736.375	0.0047
736.5	0.0047
736.625	0.0055
736.75	0.0047
736.875	0.0047
737.0	0.007
737.125	0.0062
737.25	0.0047
737.375	0.0047
737.5	0.0047
737.625	0.0047
737.75	0.0047
737.875	0.0047
738.0	0.0039
738.125	0.0039
738.25	0.0047
738.375	0.0047
738.5	0.0047
738.625	0.0047
738.75	0.0047
738.875	0.0047
739.0	0.0039
739.125	0.0047
739.25	0.0047
739.375	0.0047
739.5	0.0039
739.625	0.0047
739.75	0.0047
739.875	0.0047
740.0	0.0047
740.125	0.0047
740.25	0.0031
740.375	0.0023
740.5	0.0039
740.625	0.0031
740.75	0.0047
740.875	0.0047
741.0	0.0039
741.125	0.0047
741.25	0.0039
741.375	0.0031
741.5	0.0047
741.625	0.0047
741.75	0.0039
741.875	0.0031
742.0	0.0039
742.125	0.0039
742.25	0.0039
742.375	0.0039
742.5	0.0047
742.625	0.0039
742.75	0.0031
742.875	0.0031
743.0	0.0047
743.125	0.0039
743.25	0.0047
743.375	0.0031
743.5	0.0039
743.625	0.0039
743.75	0.0031
743.875	0.0023
744.0	0.0031
744.125	0.0023
744.25	0.0023
744.375	0.0039
744.5	0.0015
744.625	0.0023
744.75	0.0039
744.875	0.0031
745.0	0.0
745.125	0.0015
745.25	0.0023
745.375	7.0E-4
745.5	0.0015
745.625	0.0031
745.75	0.0015
745.875	0.0031
746.0	0.0015
746.125	0.0015
746.25	7.0E-4
746.375	0.0023
746.5	0.0031
746.625	0.0
746.75	0.0015
746.875	7.0E-4
747.0	0.0
747.125	7.0E-4
747.25	0.0
747.375	0.0
747.5	0.0023
747.625	0.0015
747.75	0.0
747.875	0.0
748.0	0.0015
748.125	0.0
748.25	0.0023
748.375	7.0E-4
748.5	0.0
748.625	7.0E-4
748.75	7.0E-4
748.875	0.0
749.0	7.0E-4
749.125	0.0
749.25	0.0
749.375	0.0
749.5	7.0E-4
749.625	0.0
749.75	0.0023
749.875	7.0E-4
750.0	0.0
750.125	0.0
750.25	7.0E-4
750.375	0.0
750.5	0.0
750.625	0.0
750.75	0.0
750.875	0.0
751.0	7.0E-4
751.125	0.0
751.25	0.0
751.375	0.0
751.5	0.0
751.625	0.0
751.75	0.0
751.875	0.0
752.0	0.0
752.125	0.0
752.25	0.0
752.375	0.0
752.5	0.0
752.625	0.0
752.75	0.0
752.875	7.0E-4
753.0	0.0
753.125	0.0
753.25	0.0
753.375	0.0
753.5	0.0
753.625	0.0
753.75	0.0015
753.875	0.0
754.0	0.0
754.125	0.0
754.25	0.0
754.375	0.0
754.5	0.0
754.625	0.0
754.75	0.0
754.875	0.0
755.0	0.0
755.125	0.0
755.25	0.0
755.375	7.0E-4
755.5	0.0
755.625	0.0
755.75	0.0
755.875	0.0
756.0	0.0
756.125	0.0
756.25	0.0
756.375	0.0
756.5	0.0
756.625	0.0
756.75	0.0
756.875	0.0
757.0	0.0
757.125	0.0
757.25	0.0
757.375	0.0
757.5	0.0
757.625	0.0
757.75	0.0
757.875	0.0
758.0	0.0
758.125	0.0
758.25	0.0
758.375	0.0
758.5	0.0
758.625	0.0
758.75	0.0
758.875	0.0
759.0	0.0
759.125	0.0
759.25	0.0
759.375	0.0
759.5	0.0
759.625	0.0
759.75	0.0
759.875	0.0
760.0	0.0
760.125	0.0
760.25	0.0
760.375	0.0
760.5	0.0
760.625	0.0
760.75	0.0
760.875	0.0
761.0	0.0
761.125	0.0
761.25	0.0
761.375	0.0
761.5	0.0
761.625	0.0
761.75	0.0
761.875	0.0
762.0	0.0
762.125	0.0
762.25	0.0
762.375	0.0
762.5	0.0
762.625	0.0
762.75	0.0
762.875	0.0
763.0	0.0
763.125	0.0
763.25	0.0
763.375	0.0
763.5	0.0
763.625	0.0
763.75	0.0
763.875	0.0
764.0	0.0
764.125	0.0
764.25	0.0
764.375	0.0
764.5	0.0
764.625	0.0
764.75	0.0
764.875	0.0
765.0	0.0
765.125	0.0
765.25	0.0
765.375	0.0
765.5	0.0
765.625	0.0
765.75	0.0
765.875	0.0
766.0	0.0
766.125	0.0
766.25	0.0
766.375	0.0
766.5	0.0
766.625	0.0
766.75	0.0
766.875	0.0
767.0	0.0
767.125	0.0
767.25	0.0
767.375	0.0
767.5	0.0
767.625	0.0
767.75	0.0
767.875	0.0
768.0	0.0
768.125	0.0
768.25	0.0
768.375	0.0
768.5	0.0
768.625	0.0
768.75	0.0
768.875	0.0
769.0	0.0
769.125	0.0
769.25	0.0
769.375	0.0
769.5	0.0
769.625	0.0
769.75	0.0
769.875	0.0
770.0	0.0
770.125	0.0
770.25	0.0
770.375	0.0
770.5	0.0
770.625	0.0
770.75	0.0
770.875	0.0
771.0	0.0
771.125	0.0
771.25	0.0
771.375	0.0
771.5	0.0
771.625	0.0
771.75	0.0
771.875	0.0
772.0	0.0
772.125	0.0
772.25	0.0
772.375	0.0
772.5	0.0
772.625	0.0
772.75	0.0
772.875	0.0
773.0	0.0
773.125	0.0
773.25	0.0
773.375	0.0
773.5	0.0
773.625	0.0
773.75	0.0
773.875	0.0
774.0	0.0
774.125	0.0
774.25	0.0
774.375	0.0
774.5	0.0
774.625	0.0
774.75	0.0
774.875	0.0
775.0	0.0
775.125	0.0
775.25	0.0
775.375	0.0
775.5	0.0
775.625	0.0
775.75	0.0
775.875	0.0
776.0	0.0
776.125	0.0
776.25	0.0
776.375	0.0
776.5	0.0
776.625	0.0
776.75	0.0
776.875	0.0
777.0	0.0
777.125	0.0
777.25	0.0
777.375	0.0
777.5	0.0
777.625	0.0
777.75	0.0
777.875	0.0
778.0	0.0
778.125	0.0
778.25	0.0
778.375	0.0
778.5	0.0
778.625	0.0
778.75	0.0
778.875	0.0
779.0	0.0
779.125	0.0
779.25	0.0
779.375	0.0
779.5	0.0
779.625	0.0
779.75	0.0
779.875	0.0
780.0	0.0
780.125	0.0
780.25	0.0
780.375	0.0
780.5	0.0
780.625	0.0
780.75	0.0
780.875	0.0
781.0	0.0
781.125	0.0
781.25	0.0
781.375	0.0
781.5	0.0
781.625	0.0
781.75	0.0
781.875	0.0
782.0	0.0
782.125	0.0
782.25	0.0
782.375	0.0
782.5	0.0
782.625	0.0
782.75	0.0
782.875	0.0
783.0	0.0
783.125	0.0
783.25	0.0
783.375	0.0
783.5	0.0
783.625	0.0
783.75	0.0
783.875	0.0
784.0	0.0
784.125	0.0
784.25	0.0
784.375	0.0
784.5	0.0
784.625	0.0
784.75	0.0
784.875	0.0
785.0	0.0
785.125	0.0
785.25	0.0
785.375	0.0
785.5	0.0
785.625	0.0
785.75	0.0
785.875	0.0
786.0	0.0
786.125	0.0
786.25	0.0
786.375	0.0
786.5	0.0
786.625	0.0
786.75	0.0
786.875	0.0
787.0	0.0
787.125	0.0
787.25	0.0
787.375	0.0
787.5	0.0
787.625	0.0
787.75	0.0
787.875	0.0
788.0	0.0
788.125	0.0
788.25	0.0
788.375	0.0
788.5	0.0
788.625	0.0
788.75	0.0
788.875	0.0
789.0	0.0
789.125	0.0
789.25	0.0
789.375	0.0
789.5	0.0
789.625	0.0
789.75	0.0
789.875	0.0
790.0	0.0
790.125	0.0
790.25	0.0
790.375	0.0
790.5	0.0
790.625	0.0
790.75	0.0
790.875	0.0
791.0	0.0
791.125	0.0
791.25	0.0
791.375	0.0
791.5	0.0
791.625	0.0
791.75	0.0
791.875	0.0
792.0	0.0
792.125	0.0
792.25	0.0
792.375	0.0
792.5	0.0
792.625	0.0
792.75	0.0
792.875	0.0
793.0	0.0
793.125	0.0
793.25	0.0
793.375	0.0
793.5	0.0
793.625	0.0
793.75	0.0
793.875	0.0
794.0	0.0
794.125	0.0
794.25	0.0
794.375	0.0
794.5	0.0
794.625	0.0
794.75	0.0
794.875	0.0
795.0	0.0
795.125	0.0
795.25	0.0
795.375	0.0
795.5	0.0
795.625	0.0
795.75	0.0
795.875	0.0
796.0	0.0
796.125	0.0
796.25	0.0
796.375	0.0
796.5	0.0
796.625	0.0
796.75	0.0
796.875	0.0
797.0	0.0
797.125	0.0
797.25	0.0
797.375	0.0
797.5	0.0
797.625	0.0
797.75	0.0
797.875	0.0
798.0	0.0
798.125	0.0
798.25	0.0
798.375	0.0
798.5	0.0
798.625	0.0
798.75	0.0
798.875	0.0
799.0	0.0
799.125	0.0
799.25	0.0
799.375	0.0
799.5	0.0
799.625	0.0
799.75	0.0
799.875	0.0
800.0	0.0
800.125	0.0
800.25	0.0
800.375	0.0
800.5	0.0
800.625	0.0
800.75	0.0
800.875	0.0
801.0	0.0
801.125	0.0
801.25	0.0
801.375	0.0
801.5	0.0
801.625	0.0
801.75	0.0
801.875	0.0
802.0	0.0
802.125	0.0
802.25	0.0
802.375	0.0
802.5	0.0
802.625	0.0
802.75	0.0
802.875	0.0
803.0	0.0
803.125	0.0
803.25	0.0
803.375	0.0
803.5	0.0
803.625	0.0
803.75	0.0
803.875	0.0
804.0	0.0
804.125	0.0
804.25	0.0
804.375	0.0
804.5	0.0
804.625	0.0
804.75	0.0
804.875	0.0
805.0	0.0
805.125	0.0
805.25	0.0
805.375	0.0
805.5	0.0
805.625	0.0
805.75	0.0
805.875	0.0
806.0	0.0
806.125	0.0
806.25	0.0
806.375	0.0
806.5	0.0
806.625	0.0
806.75	0.0
806.875	0.0
807.0	0.0
807.125	0.0
807.25	0.0
807.375	0.0
807.5	0.0
807.625	0.0
807.75	0.0
807.875	0.0
808.0	0.0
808.125	0.0
808.25	0.0
808.375	0.0
808.5	0.0
808.625	0.0
808.75	0.0
808.875	0.0
809.0	0.0
809.125	0.0
809.25	0.0
809.375	0.0
809.5	0.0
809.625	0.0
809.75	0.0
809.875	0.0
810.0	0.0
810.125	0.0
810.25	0.0
810.375	0.0
810.5	0.0
810.625	0.0
810.75	0.0
810.875	0.0
811.0	0.0
811.125	0.0
811.25	0.0
811.375	0.0
811.5	0.0
811.625	0.0
811.75	0.0
811.875	0.0
812.0	0.0
812.125	0.0
812.25	0.0
812.375	0.0
812.5	0.0
812.625	0.0
812.75	0.0
812.875	0.0
813.0	0.0
813.125	0.0
813.25	0.0
813.375	0.0
813.5	0.0
813.625	0.0
813.75	0.0
813.875	0.0
814.0	0.0
814.125	0.0
814.25	0.0
814.375	0.0
814.5	0.0
814.625	0.0
814.75	0.0
814.875	0.0
815.0	0.0
815.125	0.0
815.25	0.0
815.375	0.0
815.5	0.0
815.625	0.0
815.75	0.0
815.875	0.0
816.0	0.0
816.125	0.0
816.25	7.0E-4
816.375	7.0E-4
816.5	7.0E-4
816.625	7.0E-4
816.75	0.0015
816.875	0.0015
817.0	0.0015
817.125	7.0E-4
817.25	0.0015
817.375	0.0031
817.5	0.0
817.625	0.0023
817.75	0.0023
817.875	7.0E-4
818.0	0.0031
818.125	0.0015
818.25	0.0039
818.375	0.0015
818.5	0.0039
818.625	0.0015
818.75	0.0047
818.875	0.0039
819.0	0.0015
819.125	0.0047
819.25	0.0023
819.375	0.0047
819.5	0.0047
819.625	0.0047
819.75	0.0047
819.875	0.0039
820.0	0.0047
820.125	0.0039
820.25	0.0039
820.375	0.0047
820.5	0.0047
820.625	0.0047
820.75	0.0039
820.875	0.0047
821.0	0.0062
821.125	0.0047
821.25	0.0055
821.375	0.0055
821.5	0.0047
821.625	0.0047
821.75	0.0055
821.875	0.0062
822.0	0.0047
822.125	0.007
822.25	0.0055
822.375	0.0055
822.5	0.0055
822.625	0.007
822.75	0.0047
822.875	0.0055
823.0	0.007
823.125	0.0078
823.25	0.0047
823.375	0.0062
823.5	0.0055
823.625	0.0078
823.75	0.0055
823.875	0.0062
824.0	0.0078
824.125	0.0062
824.25	0.0086
824.375	0.0062
824.5	0.0094
824.625	0.0078
824.75	0.0078
824.875	0.0094
825.0	0.0094
825.125	0.0094
825.25	0.0094
825.375	0.0094
825.5	0.0094
825.625	0.0094
825.75	0.0094
825.875	0.0094
826.0	0.0094
826.125	0.0094
826.25	0.0094
826.375	0.0094
826.5	0.0094
826.625	0.0102
826.75	0.0117
826.875	0.0094
827.0	0.0102
827.125	0.011
827.25	0.0133
827.375	0.0125
827.5	0.0117
827.625	0.0141
827.75	0.0133
827.875	0.0117
828.0	0.0125
828.125	0.0125
828.25	0.0133
828.375	0.0141
828.5	0.0149
828.625	0.0141
828.75	0.0141
828.875	0.0141
829.0	0.0141
829.125	0.0141
829.25	0.0141
829.375	0.0149
829.5	0.0141
829.625	0.0141
829.75	0.0149
829.875	0.0141
830.0	0.0149
830.125	0.0141
830.25	0.0165
830.375	0.0165
830.5	0.0157
830.625	0.0165
830.75	0.018
830.875	0.0188
831.0	0.018
831.125	0.0172
831.25	0.0188
831.375	0.0188
831.5	0.0188
831.625	0.018
831.75	0.0188
831.875	0.0204
832.0	0.0188
832.125	0.0204
832.25	0.0188
832.375	0.0204
832.5	0.022
832.625	0.0196
832.75	0.0212
832.875	0.0227
833.0	0.0204
833.125	0.022
833.25	0.022
833.375	0.0235
833.5	0.0235
833.625	0.0204
833.75	0.0235
833.875	0.0235
834.0	0.0243
834.125	0.0243
834.25	0.0259
834.375	0.0235
834.5	0.0235
834.625	0.0235
834.75	0.0267
834.875	0.0259
835.0	0.0267
835.125	0.0251
835.25	0.0267
835.375	0.0267
835.5	0.0275
835.625	0.0267
835.75	0.0275
835.875	0.0283
836.0	0.0283
836.125	0.029
836.25	0.0283
836.375	0.0283
836.5	0.0283
836.625	0.029
836.75	0.0314
836.875	0.0314
837.0	0.0306
837.125	0.0306
837.25	0.0322
837.375	0.0322
837.5	0.0322
837.625	0.033
837.75	0.033
837.875	0.033
838.0	0.033
838.125	0.033
838.25	0.0345
838.375	0.0345
838.5	0.0353
838.625	0.0353
838.75	0.0338
838.875	0.0353
839.0	0.0361
839.125	0.0361
839.25	0.0353
839.375	0.0369
839.5	0.0377
839.625	0.0377
839.75	0.0377
839.875	0.0377
840.0	0.0377
840.125	0.04
840.25	0.0385
840.375	0.0408
840.5	0.0416
840.625	0.0424
840.75	0.0424
840.875	0.0424
841.0	0.0424
841.125	0.0424
841.25	0.0424
841.375	0.0424
841.5	0.044
841.625	0.044
841.75	0.0463
841.875	0.0455
842.0	0.0432
842.125	0.044
842.25	0.0463
842.375	0.0471
842.5	0.0471
842.625	0.0463
842.75	0.0471
842.875	0.0471
843.0	0.0479
843.125	0.0495
843.25	0.0495
843.375	0.0511
843.5	0.0518
843.625	0.0511
843.75	0.0511
843.875	0.0526
844.0	0.0526
844.125	0.0518
844.25	0.0526
844.375	0.0518
844.5	0.0542
844.625	0.0542
844.75	0.0534
844.875	0.0534
845.0	0.0558
845.125	0.0566
845.25	0.0558
845.375	0.0558
845.5	0.0566
845.625	0.0566
845.75	0.0566
845.875	0.0573
846.0	0.0566
846.125	0.0581
846.25	0.0613
846.375	0.0597
846.5	0.0605
846.625	0.0613
846.75	0.0613
846.875	0.0613
847.0	0.0613
847.125	0.0621
847.25	0.0628
847.375	0.0613
847.5	0.0644
847.625	0.0636
847.75	0.0652
847.875	0.0644
848.0	0.066
848.125	0.066
848.25	0.0652
848.375	0.066
848.5	0.066
848.625	0.0676
848.75	0.0683
848.875	0.0691
849.0	0.0683
849.125	0.0707
849.25	0.0707
849.375	0.0715
849.5	0.0699
849.625	0.0707
849.75	0.0707
849.875	0.0723
850.0	0.0723
850.125	0.0699
850.25	0.0707
850.375	0.0723
850.5	0.0723
850.625	0.0754
850.75	0.0754
850.875	0.0754
851.0	0.0754
851.125	0.0754
851.25	0.0754
851.375	0.0754
851.5	0.077
851.625	0.0778
851.75	0.0801
851.875	0.0794
852.0	0.0801
852.125	0.0809
852.25	0.0801
852.375	0.0801
852.5	0.0801
852.625	0.0825
852.75	0.0817
852.875	0.0817
853.0	0.0817
853.125	0.0841
853.25	0.0833
853.375	0.0849
853.5	0.0849
853.625	0.0849
853.75	0.0849
853.875	0.0849
854.0	0.0849
854.125	0.0872
854.25	0.0896
854.375	0.0888
854.5	0.0896
854.625	0.088
854.75	0.0896
854.875	0.0896
855.0	0.0904
855.125	0.0896
855.25	0.0904
855.375	0.0943
855.5	0.0927
855.625	0.0935
855.75	0.0943
855.875	0.0943
856.0	0.0943
856.125	0.0943
856.25	0.0959
856.375	0.0959
856.5	0.0959
856.625	0.0974
856.75	0.0959
856.875	0.0982
857.0	0.099
857.125	0.099
857.25	0.0998
857.375	0.099
857.5	0.1029
857.625	0.1014
857.75	0.1014
857.875	0.0998
858.0	0.1037
858.125	0.1037
858.25	0.1037
858.375	0.1037
858.5	0.1037
858.625	0.1037
858.75	0.1045
858.875	0.1084
859.0	0.1084
859.125	0.1069
859.25	0.1084
859.375	0.1084
859.5	0.1084
859.625	0.1084
859.75	0.1092
859.875	0.1084
860.0	0.1092
860.125	0.1108
860.25	0.1124
860.375	0.11
860.5	0.1132
860.625	0.1139
860.75	0.1124
860.875	0.1132
861.0	0.1132
861.125	0.1132
861.25	0.1155
861.375	0.1139
861.5	0.1171
861.625	0.1171
861.75	0.1179
861.875	0.1171
862.0	0.1187
862.125	0.1194
862.25	0.1202
862.375	0.1187
862.5	0.121
862.625	0.121
862.75	0.1226
862.875	0.1218
863.0	0.1226
863.125	0.1226
863.25	0.1226
863.375	0.1226
863.5	0.1234
863.625	0.1257
863.75	0.1257
863.875	0.1273
864.0	0.1273
864.125	0.1273
864.25	0.1273
864.375	0.1265
864.5	0.1273
864.625	0.1289
864.75	0.1281
864.875	0.1281
865.0	0.1305
865.125	0.1305
865.25	0.1312
865.375	0.132
865.5	0.132
865.625	0.132
865.75	0.132
865.875	0.1328
866.0	0.1336
866.125	0.1336
866.25	0.136
866.375	0.1367
866.5	0.136
866.625	0.1367
866.75	0.1367
866.875	0.1367
867.0	0.1367
867.125	0.1367
867.25	0.1383
867.375	0.1407
867.5	0.1415
867.625	0.1407
867.75	0.1415
867.875	0.1391
868.0	0.1415
868.125	0.1415
868.25	0.1415
868.375	0.1415
868.5	0.1422
868.625	0.143
868.75	0.1438
868.875	0.1422
869.0	0.1446
869.125	0.1462
869.25	0.1462
869.375	0.1462
869.5	0.1462
869.625	0.147
869.75	0.1462
869.875	0.1462
870.0	0.1493
870.125	0.147
870.25	0.1462
870.375	0.147
870.5	0.1509
870.625	0.1509
870.75	0.1509
870.875	0.1509
871.0	0.1509
871.125	0.1509
871.25	0.1501
871.375	0.1509
871.5	0.1509
871.625	0.1525
871.75	0.1509
871.875	0.1509
872.0	0.1525
872.125	0.1517
872.25	0.1533
872.375	0.154
872.5	0.1525
872.625	0.1556
872.75	0.1548
872.875	0.154
873.0	0.1556
873.125	0.1556
873.25	0.1556
873.375	0.154
873.5	0.1525
873.625	0.1556
873.75	0.1556
873.875	0.1556
874.0	0.1556
874.125	0.1548
874.25	0.1556
874.375	0.1556
874.5	0.1556
874.625	0.1556
874.75	0.1556
874.875	0.1556
875.0	0.1556
875.125	0.1564
875.25	0.158
875.375	0.1556
875.5	0.1564
875.625	0.1564
875.75	0.1556
875.875	0.1556
876.0	0.1556
876.125	0.1572
876.25	0.1564
876.375	0.1533
876.5	0.1556
876.625	0.1556
876.75	0.1556
876.875	0.1556
877.0	0.1556
877.125	0.1556
877.25	0.1556
877.375	0.1556
877.5	0.1564
877.625	0.1548
877.75	0.1556
877.875	0.1556
878.0	0.1548
878.125	0.1556
878.25	0.1548
878.375	0.1556
878.5	0.1533
878.625	0.1556
878.75	0.1556
878.875	0.1548
879.0	0.1548
879.125	0.1548
879.25	0.1533
879.375	0.1548
879.5	0.1517
879.625	0.1509
879.75	0.1509
879.875	0.1509
880.0	0.1509
880.125	0.1509
880.25	0.1509
880.375	0.1509
880.5	0.1509
880.625	0.1509
880.75	0.1493
880.875	0.1509
881.0	0.1509
881.125	0.1493
881.25	0.1509
881.375	0.147
881.5	0.1462
881.625	0.147
881.75	0.1462
881.875	0.1462
882.0	0.147
882.125	0.1462
882.25	0.1462
882.375	0.1462
882.5	0.1462
882.625	0.1446
882.75	0.1415
882.875	0.1422
883.0	0.1415
883.125	0.1422
883.25	0.1415
883.375	0.1407
883.5	0.1415
883.625	0.1407
883.75	0.1391
883.875	0.1383
884.0	0.1383
884.125	0.1375
884.25	0.1367
884.375	0.1367
884.5	0.1367
884.625	0.136
884.75	0.1367
884.875	0.1328
885.0	0.1336
885.125	0.1328
885.25	0.132
885.375	0.132
885.5	0.1312
885.625	0.132
885.75	0.1312
885.875	0.1297
886.0	0.1289
886.125	0.1273
886.25	0.1289
886.375	0.1273
886.5	0.1273
886.625	0.1273
886.75	0.125
886.875	0.1242
887.0	0.1226
887.125	0.1226
887.25	0.1226
887.375	0.1202
887.5	0.1218
887.625	0.1194
887.75	0.121
887.875	0.1187
888.0	0.1179
888.125	0.1179
888.25	0.1179
888.375	0.1179
888.5	0.1155
888.625	0.1147
888.75	0.1147
888.875	0.1132
889.0	0.1132
889.125	0.1132
889.25	0.1116
889.375	0.1108
889.5	0.11
889.625	0.11
889.75	0.1116
889.875	0.1084
890.0	0.1084
890.125	0.1069
890.25	0.1077
890.375	0.1053
890.5	0.1037
890.625	0.1037
890.75	0.1037
890.875	0.1022
891.0	0.1037
891.125	0.1022
891.25	0.1006
891.375	0.1006
891.5	0.099
891.625	0.099
891.75	0.099
891.875	0.0974
892.0	0.0974
892.125	0.0966
892.25	0.0943
892.375	0.0943
892.5	0.0951
892.625	0.0943
892.75	0.0943
892.875	0.0919
893.0	0.0904
893.125	0.0896
893.25	0.0896
893.375	0.0896
893.5	0.0896
893.625	0.088
893.75	0.0856
893.875	0.0872
894.0	0.0856
894.125	0.0856
894.25	0.0849
894.375	0.0841
894.5	0.0841
894.625	0.0825
894.75	0.0833
894.875	0.0817
895.0	0.0817
895.125	0.0801
895.25	0.0801
895.375	0.0801
895.5	0.0778
895.625	0.0786
895.75	0.0786
895.875	0.0754
896.0	0.077
896.125	0.0754
896.25	0.0754
896.375	0.0754
896.5	0.0746
896.625	0.0723
896.75	0.0731
896.875	0.0715
897.0	0.0707
897.125	0.0707
897.25	0.0699
897.375	0.0707
897.5	0.0707
897.625	0.0707
897.75	0.0683
897.875	0.066
898.0	0.066
898.125	0.0668
898.25	0.0652
898.375	0.066
898.5	0.066
898.625	0.066
898.75	0.0636
898.875	0.0636
899.0	0.0628
899.125	0.0644
899.25	0.0621
899.375	0.0613
899.5	0.0613
899.625	0.0613
899.75	0.0613
899.875	0.0613
