300.0	0.099
300.125	0.0966
300.25	0.0959
300.375	0.0974
300.5	0.099
300.625	0.099
300.75	0.099
300.875	0.099
301.0	0.099
301.125	0.099
301.25	0.099
301.375	0.099
301.5	0.099
301.625	0.0974
301.75	0.099
301.875	0.099
302.0	0.0982
302.125	0.0982
302.25	0.099
302.375	0.099
302.5	0.099
302.625	0.099
302.75	0.0982
302.875	0.099
303.0	0.099
303.125	0.099
303.25	0.0998
303.375	0.099
303.5	0.099
303.625	0.099
303.75	0.099
303.875	0.1006
304.0	0.099
304.125	0.0974
304.25	0.099
304.375	0.0998
304.5	0.099
304.625	0.099
304.75	0.099
304.875	0.1014
305.0	0.1006
305.125	0.099
305.25	0.099
305.375	0.0998
305.5	0.099
305.625	0.099
305.75	0.099
305.875	0.099
306.0	0.1014
306.125	0.099
306.25	0.1006
306.375	0.099
306.5	0.0998
306.625	0.1006
306.75	0.1006
306.875	0.1006
307.0	0.0998
307.125	0.0998
307.25	0.1029
307.375	0.1014
307.5	0.1014
307.625	0.1006
307.75	0.1022
307.875	0.0998
308.0	0.1037
308.125	0.1037
308.25	0.1014
308.375	0.1037
308.5	0.1037
308.625	0.1037
308.75	0.1037
308.875	0.1029
309.0	0.1014
309.125	0.1037
309.25	0.1037
309.375	0.1037
309.5	0.1037
309.625	0.1037
309.75	0.1037
309.875	0.1037
310.0	0.1037
310.125	0.1037
310.25	0.1037
310.375	0.1037
310.5	0.1037
310.625	0.1037
310.75	0.1037
310.875	0.1037
311.0	0.1037
311.125	0.1037
311.25	0.1037
311.375	0.1037
311.5	0.1037
311.625	0.1037
311.75	0.1045
311.875	0.1037
312.0	0.1045
312.125	0.1045
312.25	0.1053
312.375	0.1045
312.5	0.1045
312.625	0.1037
312.75	0.1061
312.875	0.1069
313.0	0.1069
313.125	0.1053
313.25	0.1045
313.375	0.1061
313.5	0.1069
313.625	0.1084
313.75	0.1045
313.875	0.1061
314.0	0.1045
314.125	0.1061
314.25	0.1045
314.375	0.1037
314.5	0.1084
314.625	0.1084
314.75	0.1061
314.875	0.1061
315.0	0.1061
315.125	0.1084
315.25	0.1077
315.375	0.1069
315.5	0.1084
315.625	0.1084
315.75	0.1077
315.875	0.1077
316.0	0.1084
316.125	0.1069
316.25	0.1084
316.375	0.1084
316.5	0.1084
316.625	0.1084
316.75	0.1092
316.875	0.1084
317.0	0.1084
317.125	0.1092
317.25	0.1092
317.375	0.1092
317.5	0.1084
317.625	0.1084
317.75	0.1084
317.875	0.11
318.0	0.11
318.125	0.1092
318.25	0.11
318.375	0.1084
318.5	0.1092
318.625	0.11
318.75	0.1116
318.875	0.1108
319.0	0.1116
319.125	0.1108
319.25	0.11
319.375	0.1108
319.5	0.1124
319.625	0.1124
319.75	0.1124
319.875	0.11
320.0	0.1132
320.125	0.1132
320.25	0.1139
320.375	0.1132
320.5	0.1132
320.625	0.1124
320.75	0.1132
320.875	0.1132
321.0	0.1147
321.125	0.1132
321.25	0.1132
321.375	0.1132
321.5	0.1139
321.625	0.1139
321.75	0.1132
321.875	0.1155
322.0	0.1179
322.125	0.1155
322.25	0.1171
322.375	0.1155
322.5	0.1179
322.625	0.1171
322.75	0.1179
322.875	0.1179
323.0	0.1179
323.125	0.1179
323.25	0.1179
323.375	0.1179
323.5	0.1179
323.625	0.1187
323.75	0.1202
323.875	0.1202
324.0	0.121
324.125	0.1226
324.25	0.1226
324.375	0.1226
324.5	0.1218
324.625	0.1226
324.75	0.1226
324.875	0.1226
325.0	0.125
325.125	0.125
325.25	0.1234
325.375	0.1234
325.5	0.1234
325.625	0.1257
325.75	0.1234
325.875	0.1242
326.0	0.1257
326.125	0.1265
326.25	0.1265
326.375	0.1273
326.5	0.1265
326.625	0.1273
326.75	0.1273
326.875	0.1265
327.0	0.1273
327.125	0.1265
327.25	0.1273
327.375	0.1273
327.5	0.1273
327.625	0.1281
327.75	0.1273
327.875	0.1281
328.0	0.1305
328.125	0.1289
328.25	0.1281
328.375	0.1273
328.5	0.1305
328.625	0.1289
328.75	0.1297
328.875	0.1289
329.0	0.1289
329.125	0.1289
329.25	0.1273
329.375	0.1305
329.5	0.1297
329.625	0.1289
329.75	0.1273
329.875	0.1273
330.0	0.1273
330.125	0.1281
330.25	0.1273
330.375	0.1273
330.5	0.1273
330.625	0.1273
330.75	0.1273
330.875	0.1273
331.0	0.1273
331.125	0.1273
331.25	0.1265
331.375	0.1273
331.5	0.1265
331.625	0.1265
331.75	0.125
331.875	0.1265
332.0	0.1242
332.125	0.1242
332.25	0.1242
332.375	0.1257
332.5	0.1242
332.625	0.125
332.75	0.1257
332.875	0.1226
333.0	0.1234
333.125	0.1234
333.25	0.1226
333.375	0.1234
333.5	0.1242
333.625	0.1226
333.75	0.1242
333.875	0.1226
334.0	0.1242
334.125	0.1242
334.25	0.1234
334.375	0.1226
334.5	0.1226
334.625	0.1226
334.75	0.1226
334.875	0.1226
335.0	0.1234
335.125	0.1226
335.25	0.1218
335.375	0.1226
335.5	0.1234
335.625	0.1226
335.75	0.1242
335.875	0.125
336.0	0.125
336.125	0.1226
336.25	0.1242
336.375	0.1226
336.5	0.1234
336.625	0.1234
336.75	0.1226
336.875	0.125
337.0	0.1257
337.125	0.1242
337.25	0.1242
337.375	0.1242
337.5	0.1234
337.625	0.1226
337.75	0.1226
337.875	0.1234
338.0	0.1234
338.125	0.1257
338.25	0.125
338.375	0.1226
338.5	0.1257
338.625	0.1265
338.75	0.1257
338.875	0.125
339.0	0.1234
339.125	0.125
339.25	0.1226
339.375	0.1242
339.5	0.1226
339.625	0.1234
339.75	0.125
339.875	0.1226
340.0	0.1242
340.125	0.125
340.25	0.1265
340.375	0.1242
340.5	0.1257
340.625	0.1234
340.75	0.1226
340.875	0.125
341.0	0.1234
341.125	0.1234
341.25	0.1234
341.375	0.1242
341.5	0.1226
341.625	0.1234
341.75	0.1257
341.875	0.1234
342.0	0.1265
342.125	0.125
342.25	0.1234
342.375	0.1234
342.5	0.1226
342.625	0.1226
342.75	0.125
342.875	0.1234
343.0	0.1226
343.125	0.1234
343.25	0.1226
343.375	0.1226
343.5	0.1242
343.625	0.1234
343.75	0.1226
343.875	0.1234
344.0	0.1226
344.125	0.1234
344.25	0.1226
344.375	0.1226
344.5	0.1257
344.625	0.1234
344.75	0.1226
344.875	0.125
345.0	0.1242
345.125	0.1226
345.25	0.1234
345.375	0.1242
345.5	0.1242
345.625	0.125
345.75	0.1226
345.875	0.125
346.0	0.1257
346.125	0.1234
346.25	0.1265
346.375	0.125
346.5	0.1265
346.625	0.1242
346.75	0.125
346.875	0.1234
347.0	0.125
347.125	0.1234
347.25	0.1226
347.375	0.1265
347.5	0.1226
347.625	0.1226
347.75	0.1226
347.875	0.1257
348.0	0.125
348.125	0.1257
348.25	0.1257
348.375	0.1234
348.5	0.1257
348.625	0.1265
348.75	0.1242
348.875	0.1265
349.0	0.125
349.125	0.1265
349.25	0.1257
349.375	0.1257
349.5	0.1273
349.625	0.125
349.75	0.1273
349.875	0.1273
350.0	0.125
350.125	0.1273
350.25	0.1273
350.375	0.1273
350.5	0.1273
350.625	0.1273
350.75	0.1273
350.875	0.1273
351.0	0.1273
351.125	0.1273
351.25	0.1273
351.375	0.1273
351.5	0.1289
351.625	0.1273
351.75	0.1273
351.875	0.1273
352.0	0.1273
352.125	0.1273
352.25	0.1289
352.375	0.1273
352.5	0.1305
352.625	0.1289
352.75	0.1305
352.875	0.1289
353.0	0.1305
353.125	0.132
353.25	0.132
353.375	0.1297
353.5	0.1273
353.625	0.1305
353.75	0.1297
353.875	0.1312
354.0	0.1281
354.125	0.1297
354.25	0.1289
354.375	0.1289
354.5	0.132
354.625	0.132
354.75	0.1312
354.875	0.1312
355.0	0.132
355.125	0.1305
355.25	0.132
355.375	0.132
355.5	0.1305
355.625	0.1305
355.75	0.132
355.875	0.1297
356.0	0.1297
356.125	0.132
356.25	0.132
356.375	0.1305
356.5	0.1305
356.625	0.1305
356.75	0.132
356.875	0.132
357.0	0.132
357.125	0.1305
357.25	0.132
357.375	0.132
357.5	0.1328
357.625	0.1328
357.75	0.132
357.875	0.1328
358.0	0.132
358.125	0.132
358.25	0.132
358.375	0.1336
358.5	0.1305
358.625	0.132
358.75	0.132
358.875	0.1344
359.0	0.1328
359.125	0.1312
359.25	0.132
359.375	0.132
359.5	0.1328
359.625	0.1336
359.75	0.132
359.875	0.132
360.0	0.132
360.125	0.132
360.25	0.1328
360.375	0.1336
360.5	0.1336
360.625	0.1328
360.75	0.132
360.875	0.1352
361.0	0.1352
361.125	0.1336
361.25	0.1344
361.375	0.136
361.5	0.1352
361.625	0.1336
361.75	0.1367
361.875	0.1344
362.0	0.136
362.125	0.1352
362.25	0.136
362.375	0.1367
362.5	0.1367
362.625	0.136
362.75	0.1367
362.875	0.1367
363.0	0.1367
363.125	0.1367
363.25	0.1367
363.375	0.1367
363.5	0.136
363.625	0.1367
363.75	0.1367
363.875	0.1367
364.0	0.1367
364.125	0.1367
364.25	0.136
364.375	0.1375
364.5	0.1367
364.625	0.1367
364.75	0.1367
364.875	0.1367
365.0	0.1367
365.125	0.1367
365.25	0.1367
365.375	0.1383
365.5	0.1399
365.625	0.1383
365.75	0.1399
365.875	0.1399
366.0	0.1391
366.125	0.1415
366.25	0.1415
366.375	0.1399
366.5	0.1415
366.625	0.1407
366.75	0.1415
366.875	0.1415
367.0	0.1415
367.125	0.1407
367.25	0.1407
367.375	0.1399
367.5	0.1415
367.625	0.1438
367.75	0.1407
367.875	0.1415
368.0	0.1422
368.125	0.1415
368.25	0.1438
368.375	0.143
368.5	0.1415
368.625	0.1415
368.75	0.1422
368.875	0.143
369.0	0.1446
369.125	0.1454
369.25	0.1438
369.375	0.1454
369.5	0.1462
369.625	0.1454
369.75	0.1462
369.875	0.1454
370.0	0.1446
370.125	0.1462
370.25	0.1454
370.375	0.1462
370.5	0.1462
370.625	0.1462
370.75	0.1462
370.875	0.1462
371.0	0.1462
371.125	0.1462
371.25	0.1462
371.375	0.1462
371.5	0.1462
371.625	0.1462
371.75	0.1462
371.875	0.147
372.0	0.147
372.125	0.147
372.25	0.1462
372.375	0.1477
372.5	0.1493
372.625	0.147
372.75	0.1509
372.875	0.1501
373.0	0.1509
373.125	0.1485
373.25	0.1501
373.375	0.1509
373.5	0.1493
373.625	0.1509
373.75	0.1509
373.875	0.1509
374.0	0.1509
374.125	0.1509
374.25	0.1509
374.375	0.1509
374.5	0.1509
374.625	0.1509
374.75	0.1509
374.875	0.1509
375.0	0.1509
375.125	0.1509
375.25	0.1509
375.375	0.1509
375.5	0.1509
375.625	0.1533
375.75	0.1509
375.875	0.1509
376.0	0.1509
376.125	0.1517
376.25	0.1533
376.375	0.1533
376.5	0.154
376.625	0.1533
376.75	0.154
376.875	0.1556
377.0	0.1548
377.125	0.1556
377.25	0.1548
377.375	0.1548
377.5	0.1556
377.625	0.1556
377.75	0.1556
377.875	0.1556
378.0	0.1564
378.125	0.1548
378.25	0.1556
378.375	0.1556
378.5	0.1572
378.625	0.1556
378.75	0.1564
378.875	0.1588
379.0	0.1572
379.125	0.158
379.25	0.1595
379.375	0.1564
379.5	0.1595
379.625	0.1572
379.75	0.1588
379.875	0.1595
380.0	0.1595
380.125	0.1603
380.25	0.1595
380.375	0.1603
380.5	0.1603
380.625	0.158
380.75	0.1603
380.875	0.1603
381.0	0.1595
381.125	0.1611
381.25	0.1611
381.375	0.1635
381.5	0.1619
381.625	0.1619
381.75	0.1635
381.875	0.1643
382.0	0.1619
382.125	0.165
382.25	0.165
382.375	0.165
382.5	0.1643
382.625	0.165
382.75	0.165
382.875	0.165
383.0	0.1643
383.125	0.165
383.25	0.165
383.375	0.165
383.5	0.165
383.625	0.165
383.75	0.165
383.875	0.1666
384.0	0.165
384.125	0.1666
384.25	0.165
384.375	0.1674
384.5	0.1682
384.625	0.1666
384.75	0.1674
384.875	0.1682
385.0	0.1682
385.125	0.1698
385.25	0.1698
385.375	0.169
385.5	0.1698
385.625	0.1698
385.75	0.1698
385.875	0.1674
386.0	0.1698
386.125	0.1698
386.25	0.1698
386.375	0.1698
386.5	0.1698
386.625	0.1698
386.75	0.1698
386.875	0.1698
387.0	0.1698
387.125	0.1698
387.25	0.1698
387.375	0.1698
387.5	0.1713
387.625	0.1721
387.75	0.1705
387.875	0.1698
388.0	0.1713
388.125	0.1721
388.25	0.1705
388.375	0.1705
388.5	0.1713
388.625	0.1729
388.75	0.1713
388.875	0.1705
389.0	0.1721
389.125	0.1729
389.25	0.1729
389.375	0.1737
389.5	0.1745
389.625	0.1729
389.75	0.1729
389.875	0.1737
390.0	0.1745
390.125	0.1745
390.25	0.1745
390.375	0.1737
390.5	0.1737
390.625	0.1745
390.75	0.1753
390.875	0.1737
391.0	0.1745
391.125	0.1761
391.25	0.1784
391.375	0.1768
391.5	0.1768
391.625	0.1792
391.75	0.1768
391.875	0.1776
392.0	0.1784
392.125	0.1784
392.25	0.1784
392.375	0.1784
392.5	0.18
392.625	0.1792
392.75	0.1792
392.875	0.1792
393.0	0.1792
393.125	0.1792
393.25	0.1808
393.375	0.1831
393.5	0.1823
393.625	0.1839
393.75	0.1839
393.875	0.1847
394.0	0.1855
394.125	0.1863
394.25	0.1863
394.375	0.1886
394.5	0.1886
394.625	0.1886
394.75	0.1886
394.875	0.1894
395.0	0.1918
395.125	0.1933
395.25	0.1941
395.375	0.1933
395.5	0.1949
395.625	0.1973
395.75	0.1957
395.875	0.1981
396.0	0.1988
396.125	0.2004
396.25	0.2028
396.375	0.202
396.5	0.2028
396.625	0.2044
396.75	0.2075
396.875	0.2075
397.0	0.2075
397.125	0.2106
397.25	0.2122
397.375	0.2138
397.5	0.2146
397.625	0.2169
397.75	0.2169
397.875	0.2209
398.0	0.2216
398.125	0.2216
398.25	0.2256
398.375	0.2264
398.5	0.2272
398.625	0.2303
398.75	0.2319
398.875	0.235
399.0	0.2358
399.125	0.2382
399.25	0.2405
399.375	0.2437
399.5	0.2452
399.625	0.25
399.75	0.2523
399.875	0.2547
400.0	0.257
400.125	0.2594
400.25	0.261
400.375	0.2665
400.5	0.2688
400.625	0.2735
400.75	0.2735
400.875	0.2783
401.0	0.283
401.125	0.2861
401.25	0.2885
401.375	0.2924
401.5	0.2963
401.625	0.2995
401.75	0.3026
401.875	0.3066
402.0	0.3113
402.125	0.316
402.25	0.3191
402.375	0.3254
402.5	0.3309
402.625	0.3341
402.75	0.3396
402.875	0.3443
403.0	0.3498
403.125	0.3537
403.25	0.3608
403.375	0.3679
403.5	0.3718
403.625	0.3765
403.75	0.3836
403.875	0.3907
404.0	0.3962
404.125	0.4033
404.25	0.4095
404.375	0.4174
404.5	0.4237
404.625	0.4316
404.75	0.4402
404.875	0.4488
405.0	0.4567
405.125	0.4638
405.25	0.4732
405.375	0.4827
405.5	0.4905
405.625	0.5023
405.75	0.5102
405.875	0.5188
406.0	0.5267
406.125	0.5377
406.25	0.5487
406.375	0.5621
406.5	0.5715
406.625	0.5817
406.75	0.5935
406.875	0.6045
407.0	0.6171
407.125	0.6289
407.25	0.6399
407.375	0.6533
407.5	0.665
407.625	0.6792
407.75	0.6918
407.875	0.7044
408.0	0.7193
408.125	0.7342
408.25	0.7484
408.375	0.7649
408.5	0.779
408.625	0.794
408.75	0.8113
408.875	0.8262
409.0	0.8427
409.125	0.8592
409.25	0.8765
409.375	0.893
409.5	0.9119
409.625	0.9308
409.75	0.9488
409.875	0.9685
410.0	0.9889
410.125	1.0086
410.25	1.0283
410.375	1.0495
410.5	1.0691
410.625	1.0904
410.75	1.1124
410.875	1.1336
411.0	1.158
411.125	1.1808
411.25	1.2051
411.375	1.2279
411.5	1.2523
411.625	1.279
411.75	1.3034
411.875	1.3286
412.0	1.3561
412.125	1.3836
412.25	1.4111
412.375	1.4402
412.5	1.4685
412.625	1.4976
412.75	1.5283
412.875	1.5597
413.0	1.5896
413.125	1.621
413.25	1.6533
413.375	1.6871
413.5	1.7209
413.625	1.7555
413.75	1.7893
413.875	1.8223
414.0	1.8592
414.125	1.8938
414.25	1.9323
414.375	1.9701
414.5	2.0078
414.625	2.0463
414.75	2.088
414.875	2.1281
415.0	2.1682
415.125	2.2091
415.25	2.25
415.375	2.2893
415.5	2.3356
415.625	2.3773
415.75	2.4261
415.875	2.4677
416.0	2.5141
416.125	2.5613
416.25	2.6108
416.375	2.6564
416.5	2.7036
416.625	2.7523
416.75	2.805
416.875	2.8553
417.0	2.9064
417.125	2.9591
417.25	3.0117
417.375	3.0636
417.5	3.1187
417.625	3.1761
417.75	3.2358
417.875	3.3149
418.0	3.373
418.125	3.4289
418.25	3.4886
418.375	3.5515
418.5	3.6112
418.625	3.6702
418.75	3.7362
418.875	3.8007
419.0	3.8612
419.125	3.9273
419.25	3.9965
419.375	4.0633
419.5	4.1333
419.625	4.2017
419.75	4.2716
419.875	4.3447
420.0	4.4131
420.125	4.4855
420.25	4.5601
420.375	4.6356
420.5	4.7095
420.625	4.7402
420.75	4.7394
420.875	4.7386
421.0	4.7386
421.125	4.7394
421.25	4.7386
421.375	4.7394
421.5	4.7402
421.625	4.7402
421.75	4.7378
421.875	4.7378
422.0	4.7378
422.125	4.7378
422.25	4.7378
422.375	4.7378
422.5	4.7378
422.625	4.7378
422.75	4.7378
422.875	4.7378
423.0	4.7378
423.125	4.7378
423.25	4.7378
423.375	4.7378
423.5	4.7378
423.625	4.7378
423.75	4.7378
423.875	4.737
424.0	4.737
424.125	4.7378
424.25	4.737
424.375	4.737
424.5	4.737
424.625	4.7378
424.75	4.737
424.875	4.7355
425.0	4.7362
425.125	4.7355
425.25	4.7339
425.375	4.7339
425.5	4.7355
425.625	4.7331
425.75	4.7331
425.875	4.7331
426.0	4.7323
426.125	4.7347
426.25	4.7339
426.375	4.7331
426.5	4.7339
426.625	4.7331
426.75	4.7331
426.875	4.7323
427.0	4.7331
427.125	4.7331
427.25	4.7331
427.375	4.7331
427.5	4.7307
427.625	4.7331
427.75	4.7331
427.875	4.7331
428.0	4.7284
428.125	4.7323
428.25	4.7315
428.375	4.7307
428.5	4.73
428.625	4.7292
428.75	4.73
428.875	4.7307
429.0	4.7307
429.125	4.7307
429.25	4.73
429.375	4.7292
429.5	4.7284
429.625	4.7284
429.75	4.73
429.875	4.7276
430.0	4.7284
430.125	4.7276
430.25	4.7292
430.375	4.7284
430.5	4.7276
430.625	4.7276
430.75	4.7284
430.875	4.7276
431.0	4.7284
431.125	4.726
431.25	4.7276
431.375	4.7237
431.5	4.7252
431.625	4.7252
431.75	4.7237
431.875	4.7244
432.0	4.7244
432.125	4.7237
432.25	4.7237
432.375	4.7237
432.5	4.7237
432.625	4.7237
432.75	4.7221
432.875	4.7237
433.0	4.7205
433.125	4.7229
433.25	4.7221
433.375	4.7205
433.5	4.7189
433.625	4.7197
433.75	4.7213
433.875	4.7189
434.0	4.7189
434.125	4.7189
434.25	4.7189
434.375	4.7189
434.5	4.7182
434.625	4.7182
434.75	4.7174
434.875	4.7189
435.0	4.7174
435.125	4.7158
435.25	4.7174
435.375	4.7142
435.5	4.7142
435.625	4.7142
435.75	4.715
435.875	4.715
436.0	4.7142
436.125	4.7127
436.25	4.7127
436.375	4.7134
436.5	4.7127
436.625	4.7134
436.75	4.7103
436.875	4.7103
437.0	4.7111
437.125	4.7111
437.25	4.7095
437.375	4.7103
437.5	4.7072
437.625	4.7079
437.75	4.7072
437.875	4.7048
438.0	4.7056
438.125	4.7048
438.25	4.704
438.375	4.7048
438.5	4.7048
438.625	4.704
438.75	4.7017
438.875	4.7024
439.0	4.7024
439.125	4.7017
439.25	4.7009
439.375	4.7001
439.5	4.7009
439.625	4.7001
439.75	4.7001
439.875	4.7001
440.0	4.6993
440.125	4.6961
440.25	4.6961
440.375	4.6954
440.5	4.6977
440.625	4.6946
440.75	4.6954
440.875	4.6954
441.0	4.6954
441.125	4.6954
441.25	4.6946
441.375	4.6946
441.5	4.6954
441.625	4.6946
441.75	4.6954
441.875	4.6946
442.0	4.6946
442.125	4.6954
442.25	4.693
442.375	4.6914
442.5	4.6922
442.625	4.693
442.75	4.6922
442.875	4.6906
443.0	4.6914
443.125	4.693
443.25	4.6906
443.375	4.6922
443.5	4.6906
443.625	4.6906
443.75	4.6906
443.875	4.6906
444.0	4.6906
444.125	4.6906
444.25	4.6891
444.375	4.6899
444.5	4.6914
444.625	4.6906
444.75	4.6899
444.875	4.6899
445.0	4.6906
445.125	4.6906
445.25	4.6891
445.375	4.6883
445.5	4.6891
445.625	4.6899
445.75	4.6875
445.875	4.6867
446.0	4.6883
446.125	4.6899
446.25	4.6875
446.375	4.6883
446.5	4.6875
446.625	4.6859
446.75	4.6883
446.875	4.6883
447.0	4.6867
447.125	4.6859
447.25	4.6859
447.375	4.6859
447.5	4.6867
447.625	4.6859
447.75	4.6875
447.875	4.6859
448.0	4.6859
448.125	4.6867
448.25	4.6859
448.375	4.6851
448.5	4.6867
448.625	4.6867
448.75	4.6859
448.875	4.6859
449.0	4.6859
449.125	4.6859
449.25	4.6859
449.375	4.6859
449.5	4.6859
449.625	4.6859
449.75	4.6851
449.875	4.6859
450.0	4.6859
450.125	4.6859
450.25	4.6859
450.375	4.6851
450.5	4.6867
450.625	4.6859
450.75	4.6867
450.875	4.6859
451.0	4.6859
451.125	4.6859
451.25	4.6859
451.375	4.6859
451.5	4.6859
451.625	4.6859
451.75	4.6859
451.875	4.6859
452.0	4.6859
452.125	4.6859
452.25	4.6859
452.375	4.6859
452.5	4.6859
452.625	4.6859
452.75	4.6867
452.875	4.6859
453.0	4.6867
453.125	4.6883
453.25	4.6867
453.375	4.6867
453.5	4.6859
453.625	4.6859
453.75	4.6891
453.875	4.6891
454.0	4.6859
454.125	4.6859
454.25	4.6906
454.375	4.6906
454.5	4.6891
454.625	4.6875
454.75	4.6899
454.875	4.6899
455.0	4.6875
455.125	4.6883
455.25	4.6891
455.375	4.6859
455.5	4.6867
455.625	4.6891
455.75	4.6906
455.875	4.6883
456.0	4.6906
456.125	4.6883
456.25	4.6899
456.375	4.6891
456.5	4.6906
456.625	4.6899
456.75	4.6906
456.875	4.6899
457.0	4.6906
457.125	4.6899
457.25	4.6906
457.375	4.6906
457.5	4.6906
457.625	4.6899
457.75	4.6906
457.875	4.6914
458.0	4.6906
458.125	4.6906
458.25	4.6906
458.375	4.6906
458.5	4.6906
458.625	4.6906
458.75	4.6914
458.875	4.6914
459.0	4.6906
459.125	4.6906
459.25	4.6906
459.375	4.6914
459.5	4.6914
459.625	4.6906
459.75	4.693
459.875	4.6906
460.0	4.6914
460.125	4.6906
460.25	4.6914
460.375	4.6914
460.5	4.6906
460.625	4.6914
460.75	4.6906
460.875	4.693
461.0	4.6922
461.125	4.6906
461.25	4.6906
461.375	4.6906
461.5	4.6906
461.625	4.6938
461.75	4.6914
461.875	4.6914
462.0	4.6914
462.125	4.6914
462.25	4.6922
462.375	4.6922
462.5	4.6914
462.625	4.6906
462.75	4.6914
462.875	4.693
463.0	4.6922
463.125	4.6906
463.25	4.6922
463.375	4.6906
463.5	4.6922
463.625	4.6906
463.75	4.6914
463.875	4.6914
464.0	4.6914
464.125	4.6922
464.25	4.6906
464.375	4.6906
464.5	4.693
464.625	4.6914
464.75	4.6922
464.875	4.693
465.0	4.6914
465.125	4.6906
465.25	4.6914
465.375	4.6922
465.5	4.6922
465.625	4.6914
465.75	4.6906
465.875	4.6914
466.0	4.6906
466.125	4.6906
466.25	4.6922
466.375	4.693
466.5	4.6914
466.625	4.693
466.75	4.6946
466.875	4.693
467.0	4.6938
467.125	4.693
467.25	4.693
467.375	4.6954
467.5	4.6914
467.625	4.693
467.75	4.6922
467.875	4.6922
468.0	4.6914
468.125	4.6954
468.25	4.693
468.375	4.693
468.5	4.6922
468.625	4.693
468.75	4.6946
468.875	4.6938
469.0	4.6914
469.125	4.6946
469.25	4.693
469.375	4.6954
469.5	4.6954
469.625	4.6954
469.75	4.6938
469.875	4.6954
470.0	4.6954
470.125	4.6946
470.25	4.6946
470.375	4.6954
470.5	4.6954
470.625	4.6954
470.75	4.6954
470.875	4.6954
471.0	4.6954
471.125	4.6954
471.25	4.6954
471.375	4.6954
471.5	4.6954
471.625	4.6961
471.75	4.6938
471.875	4.6954
472.0	4.6954
472.125	4.6954
472.25	4.6977
472.375	4.6969
472.5	4.6961
472.625	4.6954
472.75	4.6961
472.875	4.6993
473.0	4.6961
473.125	4.6954
473.25	4.6954
473.375	4.6977
473.5	4.6961
473.625	4.6985
473.75	4.6954
473.875	4.6961
474.0	4.6977
474.125	4.6961
474.25	4.6954
474.375	4.6961
474.5	4.6954
474.625	4.6961
474.75	4.6969
474.875	4.6969
475.0	4.6954
475.125	4.6954
475.25	4.6985
475.375	4.6961
475.5	4.6961
475.625	4.6969
475.75	4.6954
475.875	4.6977
476.0	4.6977
476.125	4.6977
476.25	4.6961
476.375	4.6969
476.5	4.6954
476.625	4.6969
476.75	4.6969
476.875	4.6977
477.0	4.7001
477.125	4.6993
477.25	4.6954
477.375	4.6961
477.5	4.6969
477.625	4.6961
477.75	4.6969
477.875	4.6954
478.0	4.6969
478.125	4.6961
478.25	4.6954
478.375	4.6954
478.5	4.6969
478.625	4.6985
478.75	4.6961
478.875	4.6977
479.0	4.6969
479.125	4.6969
479.25	4.6954
479.375	4.6969
479.5	4.6954
479.625	4.6969
479.75	4.6954
479.875	4.6954
480.0	4.6969
480.125	4.6977
480.25	4.6961
480.375	4.6954
480.5	4.6969
480.625	4.6954
480.75	4.6969
480.875	4.6954
481.0	4.6961
481.125	4.6954
481.25	4.6954
481.375	4.6954
481.5	4.6954
481.625	4.6961
481.75	4.6954
481.875	4.6954
482.0	4.6954
482.125	4.6954
482.25	4.6954
482.375	4.6961
482.5	4.6954
482.625	4.6954
482.75	4.6969
482.875	4.6954
483.0	4.6954
483.125	4.6954
483.25	4.6954
483.375	4.6954
483.5	4.6961
483.625	4.6954
483.75	4.6954
483.875	4.6954
484.0	4.6954
484.125	4.6938
484.25	4.6954
484.375	4.6946
484.5	4.6954
484.625	4.6954
484.75	4.6954
484.875	4.6946
485.0	4.6954
485.125	4.6954
485.25	4.6961
485.375	4.6954
485.5	4.6946
485.625	4.6954
485.75	4.6946
485.875	4.6961
486.0	4.6954
486.125	4.6954
486.25	4.6954
486.375	4.6938
486.5	4.6954
486.625	4.6946
486.75	4.6954
486.875	4.6946
487.0	4.6938
487.125	4.6946
487.25	4.6954
487.375	4.6954
487.5	4.6954
487.625	4.6946
487.75	4.6954
487.875	4.6938
488.0	4.6938
488.125	4.6954
488.25	4.6922
488.375	4.6938
488.5	4.6954
488.625	4.6954
488.75	4.6946
488.875	4.693
489.0	4.6954
489.125	4.6954
489.25	4.6954
489.375	4.6954
489.5	4.6946
489.625	4.6938
489.75	4.6954
489.875	4.6938
490.0	4.6946
490.125	4.6938
490.25	4.6954
490.375	4.6922
490.5	4.6946
490.625	4.6954
490.75	4.6938
490.875	4.6946
491.0	4.6938
491.125	4.693
491.25	4.6954
491.375	4.6938
491.5	4.6922
491.625	4.6938
491.75	4.6954
491.875	4.6946
492.0	4.6938
492.125	4.6954
492.25	4.6922
492.375	4.6954
492.5	4.6946
492.625	4.6946
492.75	4.6922
492.875	4.6938
493.0	4.693
493.125	4.6914
493.25	4.693
493.375	4.6938
493.5	4.693
493.625	4.6914
493.75	4.6938
493.875	4.6922
494.0	4.6922
494.125	4.6914
494.25	4.6914
494.375	4.6922
494.5	4.693
494.625	4.6922
494.75	4.6954
494.875	4.6922
495.0	4.6914
495.125	4.6906
495.25	4.693
495.375	4.6938
495.5	4.693
495.625	4.6946
495.75	4.693
495.875	4.6922
496.0	4.6938
496.125	4.6914
496.25	4.6922
496.375	4.6938
496.5	4.693
496.625	4.6922
496.75	4.693
496.875	4.6922
497.0	4.6938
497.125	4.6922
497.25	4.6922
497.375	4.6914
497.5	4.6906
497.625	4.6914
497.75	4.6922
497.875	4.693
498.0	4.6922
498.125	4.6906
498.25	4.6914
498.375	4.6906
498.5	4.6899
498.625	4.6914
498.75	4.693
498.875	4.6922
499.0	4.6922
499.125	4.6922
499.25	4.6914
499.375	4.6906
499.5	4.693
499.625	4.6914
499.75	4.6922
499.875	4.6906
500.0	4.6914
500.125	4.6914
500.25	4.6914
500.375	4.6906
500.5	4.693
500.625	4.6938
500.75	4.6906
500.875	4.6914
501.0	4.6906
501.125	4.6906
501.25	4.693
501.375	4.6906
501.5	4.6914
501.625	4.6906
501.75	4.6906
501.875	4.6906
502.0	4.6914
502.125	4.6906
502.25	4.6938
502.375	4.6922
502.5	4.6922
502.625	4.6922
502.75	4.6906
502.875	4.6914
503.0	4.6914
503.125	4.6906
503.25	4.6914
503.375	4.6906
503.5	4.6914
503.625	4.6914
503.75	4.6906
503.875	4.6922
504.0	4.6914
504.125	4.693
504.25	4.6906
504.375	4.6906
504.5	4.6914
504.625	4.693
504.75	4.6922
504.875	4.6914
505.0	4.6914
505.125	4.6914
505.25	4.6914
505.375	4.6914
505.5	4.6906
505.625	4.6906
505.75	4.6922
505.875	4.6906
506.0	4.6922
506.125	4.6906
506.25	4.6899
506.375	4.6906
506.5	4.6906
506.625	4.6906
506.75	4.6914
506.875	4.6906
507.0	4.6906
507.125	4.6899
507.25	4.6914
507.375	4.6891
507.5	4.6914
507.625	4.6914
507.75	4.6906
507.875	4.6922
508.0	4.6906
508.125	4.6906
508.25	4.6906
508.375	4.6906
508.5	4.6906
508.625	4.6906
508.75	4.6906
508.875	4.6906
509.0	4.6906
509.125	4.6914
509.25	4.6906
509.375	4.6906
509.5	4.6906
509.625	4.6906
509.75	4.6906
509.875	4.693
510.0	4.6914
510.125	4.6914
510.25	4.6922
510.375	4.6914
510.5	4.6906
510.625	4.6906
510.75	4.6906
510.875	4.6922
511.0	4.6906
511.125	4.6914
511.25	4.6906
511.375	4.6914
511.5	4.6922
511.625	4.6922
511.75	4.6899
511.875	4.6906
512.0	4.6914
512.125	4.6906
512.25	4.6906
512.375	4.6906
512.5	4.6922
512.625	4.6914
512.75	4.6906
512.875	4.6906
513.0	4.6914
513.125	4.6906
513.25	4.6914
513.375	4.6906
513.5	4.6899
513.625	4.6914
513.75	4.6906
513.875	4.6922
514.0	4.6891
514.125	4.6906
514.25	4.6914
514.375	4.6906
514.5	4.6906
514.625	4.6906
514.75	4.6906
514.875	4.6914
515.0	4.693
515.125	4.6906
515.25	4.6914
515.375	4.6922
515.5	4.6922
515.625	4.6906
515.75	4.6906
515.875	4.6914
516.0	4.6922
516.125	4.6906
516.25	4.6914
516.375	4.693
516.5	4.6906
516.625	4.6906
516.75	4.6906
516.875	4.6906
517.0	4.6899
517.125	4.6914
517.25	4.6906
517.375	4.6906
517.5	4.6922
517.625	4.6906
517.75	4.6922
517.875	4.6906
518.0	4.6906
518.125	4.6914
518.25	4.6914
518.375	4.6906
518.5	4.6906
518.625	4.6906
518.75	4.6906
518.875	4.6906
519.0	4.6906
519.125	4.6906
519.25	4.693
519.375	4.6914
519.5	4.6906
519.625	4.6906
519.75	4.6906
519.875	4.6906
520.0	4.6914
520.125	4.6922
520.25	4.6922
520.375	4.6906
520.5	4.6906
520.625	4.6914
520.75	4.6906
520.875	4.6906
521.0	4.6906
521.125	4.6906
521.25	4.6906
521.375	4.6906
521.5	4.6906
521.625	4.6922
521.75	4.6914
521.875	4.6899
522.0	4.6914
522.125	4.6922
522.25	4.6922
522.375	4.6906
522.5	4.6906
522.625	4.6914
522.75	4.6906
522.875	4.6914
523.0	4.6899
523.125	4.6906
523.25	4.6906
523.375	4.6914
523.5	4.6906
523.625	4.6906
523.75	4.6906
523.875	4.6906
524.0	4.6922
524.125	4.6922
524.25	4.6906
524.375	4.6906
524.5	4.6906
524.625	4.6906
524.75	4.6914
524.875	4.6906
525.0	4.6906
525.125	4.6906
525.25	4.6906
525.375	4.6906
525.5	4.6914
525.625	4.6906
525.75	4.6914
525.875	4.6906
526.0	4.6906
526.125	4.6906
526.25	4.6906
526.375	4.6906
526.5	4.6906
526.625	4.6914
526.75	4.6922
526.875	4.6906
527.0	4.6906
527.125	4.6914
527.25	4.6914
527.375	4.6914
527.5	4.6906
527.625	4.6906
527.75	4.6906
527.875	4.6914
528.0	4.6914
528.125	4.6922
528.25	4.6914
528.375	4.6906
528.5	4.6906
528.625	4.6914
528.75	4.6906
528.875	4.6899
529.0	4.6906
529.125	4.6914
529.25	4.6906
529.375	4.6914
529.5	4.6906
529.625	4.6914
529.75	4.6906
529.875	4.6906
530.0	4.6914
530.125	4.6922
530.25	4.6906
530.375	4.6922
530.5	4.6914
530.625	4.6914
530.75	4.6906
530.875	4.6906
531.0	4.6906
531.125	4.6906
531.25	4.6914
531.375	4.6922
531.5	4.6906
531.625	4.6906
531.75	4.6914
531.875	4.6922
532.0	4.6922
532.125	4.6914
532.25	4.6914
532.375	4.6914
532.5	4.693
532.625	4.6914
532.75	4.6906
532.875	4.6914
533.0	4.6914
533.125	4.6899
533.25	4.6906
533.375	4.6906
533.5	4.6906
533.625	4.6906
533.75	4.6914
533.875	4.6906
534.0	4.6906
534.125	4.6906
534.25	4.6906
534.375	4.6906
534.5	4.6906
534.625	4.6906
534.75	4.6906
534.875	4.693
535.0	4.6906
535.125	4.6899
535.25	4.6914
535.375	4.6906
535.5	4.6906
535.625	4.6906
535.75	4.6914
535.875	4.6906
536.0	4.6906
536.125	4.6914
536.25	4.6914
536.375	4.6906
536.5	4.6914
536.625	4.6906
536.75	4.6914
536.875	4.6906
537.0	4.6914
537.125	4.6906
537.25	4.6906
537.375	4.6906
537.5	4.6914
537.625	4.6914
537.75	4.6906
537.875	4.6906
538.0	4.6906
538.125	4.6906
538.25	4.6906
538.375	4.6906
538.5	4.6922
538.625	4.6906
538.75	4.6914
538.875	4.6914
539.0	4.6914
539.125	4.6922
539.25	4.693
539.375	4.6914
539.5	4.6914
539.625	4.6914
539.75	4.6914
539.875	4.6906
540.0	4.6906
540.125	4.6906
540.25	4.6914
540.375	4.6914
540.5	4.6906
540.625	4.6906
540.75	4.6906
540.875	4.693
541.0	4.6914
541.125	4.6914
541.25	4.6914
541.375	4.693
541.5	4.693
541.625	4.6906
541.75	4.6906
541.875	4.6906
542.0	4.6922
542.125	4.6906
542.25	4.6914
542.375	4.6914
542.5	4.6914
542.625	4.6906
542.75	4.6914
542.875	4.6914
543.0	4.6906
543.125	4.6906
543.25	4.6922
543.375	4.6914
543.5	4.6922
543.625	4.6906
543.75	4.6922
543.875	4.6922
544.0	4.6938
544.125	4.6922
544.25	4.693
544.375	4.6906
544.5	4.6906
544.625	4.6922
544.75	4.6914
544.875	4.6922
545.0	4.6906
545.125	4.6914
545.25	4.6906
545.375	4.6906
545.5	4.6914
545.625	4.6914
545.75	4.6906
545.875	4.6906
546.0	4.6906
546.125	4.6906
546.25	4.6914
546.375	4.6906
546.5	4.6914
546.625	4.6922
546.75	4.6922
546.875	4.6922
547.0	4.6914
547.125	4.6906
547.25	4.6906
547.375	4.693
547.5	4.6922
547.625	4.6922
547.75	4.6922
547.875	4.6906
548.0	4.6914
548.125	4.6922
548.25	4.693
548.375	4.6906
548.5	4.6922
548.625	4.6922
548.75	4.6906
548.875	4.6914
549.0	4.6922
549.125	4.6938
549.25	4.6914
549.375	4.693
549.5	4.6914
549.625	4.6922
549.75	4.6914
549.875	4.6922
550.0	4.6922
550.125	4.6922
550.25	4.6906
550.375	4.6914
550.5	4.6914
550.625	4.6938
550.75	4.6914
550.875	4.6922
551.0	4.693
551.125	4.6914
551.25	4.6914
551.375	4.6914
551.5	4.6914
551.625	4.6906
551.75	4.6922
551.875	4.693
552.0	4.6922
552.125	4.6922
552.25	4.6914
552.375	4.6922
552.5	4.6914
552.625	4.6922
552.75	4.6938
552.875	4.6946
553.0	4.6914
553.125	4.693
553.25	4.6922
553.375	4.693
553.5	4.693
553.625	4.693
553.75	4.693
553.875	4.693
554.0	4.693
554.125	4.693
554.25	4.6906
554.375	4.693
554.5	4.6946
554.625	4.693
554.75	4.693
554.875	4.6938
555.0	4.6922
555.125	4.6922
555.25	4.6946
555.375	4.6914
555.5	4.693
555.625	4.6938
555.75	4.693
555.875	4.6946
556.0	4.6922
556.125	4.6946
556.25	4.6946
556.375	4.6922
556.5	4.6922
556.625	4.6938
556.75	4.6922
556.875	4.6906
557.0	4.6922
557.125	4.693
557.25	4.6922
557.375	4.6922
557.5	4.6938
557.625	4.6938
557.75	4.6914
557.875	4.6946
558.0	4.693
558.125	4.6922
558.25	4.6946
558.375	4.693
558.5	4.6938
558.625	4.6938
558.75	4.6946
558.875	4.6954
559.0	4.6938
559.125	4.6938
559.25	4.6954
559.375	4.6946
559.5	4.6922
559.625	4.6938
559.75	4.693
559.875	4.6938
560.0	4.6946
560.125	4.6938
560.25	4.6954
560.375	4.6938
560.5	4.6946
560.625	4.6954
560.75	4.6938
560.875	4.693
561.0	4.6946
561.125	4.6922
561.25	4.6946
561.375	4.6938
561.5	4.693
561.625	4.693
561.75	4.6946
561.875	4.693
562.0	4.6938
562.125	4.6954
562.25	4.6946
562.375	4.6946
562.5	4.6946
562.625	4.6946
562.75	4.6946
562.875	4.6938
563.0	4.6954
563.125	4.6938
563.25	4.6938
563.375	4.6938
563.5	4.6938
563.625	4.6946
563.75	4.6954
563.875	4.6938
564.0	4.6946
564.125	4.6938
564.25	4.6954
564.375	4.693
564.5	4.6922
564.625	4.6954
564.75	4.6946
564.875	4.6954
565.0	4.6954
565.125	4.6954
565.25	4.6954
565.375	4.6938
565.5	4.6946
565.625	4.6954
565.75	4.6954
565.875	4.6954
566.0	4.6938
566.125	4.6946
566.25	4.6938
566.375	4.6938
566.5	4.6938
566.625	4.6922
566.75	4.6946
566.875	4.6946
567.0	4.6938
567.125	4.6946
567.25	4.693
567.375	4.6954
567.5	4.6954
567.625	4.6946
567.75	4.6954
567.875	4.6954
568.0	4.6954
568.125	4.693
568.25	4.6954
568.375	4.6938
568.5	4.6954
568.625	4.6954
568.75	4.6954
568.875	4.6954
569.0	4.6946
569.125	4.6954
569.25	4.6954
569.375	4.6946
569.5	4.6954
569.625	4.6954
569.75	4.6954
569.875	4.6954
570.0	4.6954
570.125	4.6954
570.25	4.6954
570.375	4.6954
570.5	4.6954
570.625	4.6938
570.75	4.6946
570.875	4.6961
571.0	4.6954
571.125	4.6954
571.25	4.6961
571.375	4.693
571.5	4.6954
571.625	4.6954
571.75	4.6961
571.875	4.6954
572.0	4.6954
572.125	4.6961
572.25	4.6961
572.375	4.6954
572.5	4.6954
572.625	4.6954
572.75	4.6954
572.875	4.6954
573.0	4.6961
573.125	4.6954
573.25	4.6954
573.375	4.6954
573.5	4.6954
573.625	4.6954
573.75	4.6954
573.875	4.6954
574.0	4.6961
574.125	4.6961
574.25	4.6954
574.375	4.6954
574.5	4.6954
574.625	4.6961
574.75	4.6954
574.875	4.6954
575.0	4.6961
575.125	4.6961
575.25	4.6954
575.375	4.6954
575.5	4.6954
575.625	4.6961
575.75	4.6954
575.875	4.6954
576.0	4.6961
576.125	4.6954
576.25	4.6969
576.375	4.6969
576.5	4.6954
576.625	4.6954
576.75	4.6961
576.875	4.6961
577.0	4.6954
577.125	4.6954
577.25	4.6969
577.375	4.6954
577.5	4.6961
577.625	4.6969
577.75	4.6954
577.875	4.6954
578.0	4.6961
578.125	4.6969
578.25	4.6977
578.375	4.6969
578.5	4.6961
578.625	4.6961
578.75	4.6961
578.875	4.6977
579.0	4.6954
579.125	4.6961
579.25	4.6954
579.375	4.6961
579.5	4.6954
579.625	4.6977
579.75	4.6969
579.875	4.6961
580.0	4.6954
580.125	4.6961
580.25	4.6977
580.375	4.6954
580.5	4.6969
580.625	4.6954
580.75	4.6961
580.875	4.6954
581.0	4.6961
581.125	4.6954
581.25	4.6969
581.375	4.6977
581.5	4.6954
581.625	4.6969
581.75	4.6969
581.875	4.6969
582.0	4.6954
582.125	4.6961
582.25	4.6961
582.375	4.6961
582.5	4.6969
582.625	4.6969
582.75	4.6969
582.875	4.7001
583.0	4.6961
583.125	4.6969
583.25	4.6977
583.375	4.6954
583.5	4.6961
583.625	4.6954
583.75	4.6969
583.875	4.6954
584.0	4.6977
584.125	4.6954
584.25	4.6954
584.375	4.6961
584.5	4.6977
584.625	4.6985
584.75	4.6977
584.875	4.6977
585.0	4.6954
585.125	4.6985
585.25	4.6969
585.375	4.6961
585.5	4.6969
585.625	4.6954
585.75	4.6961
585.875	4.6985
586.0	4.6985
586.125	4.6977
586.25	4.6969
586.375	4.6985
586.5	4.6961
586.625	4.6969
586.75	4.6985
586.875	4.6977
587.0	4.6969
587.125	4.6977
587.25	4.6954
587.375	4.6969
587.5	4.6969
587.625	4.6954
587.75	4.6977
587.875	4.6977
588.0	4.6954
588.125	4.6969
588.25	4.6993
588.375	4.6969
588.5	4.6961
588.625	4.6969
588.75	4.6969
588.875	4.6969
589.0	4.6985
589.125	4.6954
589.25	4.6977
589.375	4.6961
589.5	4.6977
589.625	4.6977
589.75	4.6969
589.875	4.6969
590.0	4.6969
590.125	4.6993
590.25	4.6985
590.375	4.6961
590.5	4.6961
590.625	4.6969
590.75	4.6961
590.875	4.6961
591.0	4.6961
591.125	4.6993
591.25	4.6969
591.375	4.6993
591.5	4.6969
591.625	4.6961
591.75	4.6969
591.875	4.6977
592.0	4.6961
592.125	4.6977
592.25	4.6969
592.375	4.7001
592.5	4.6993
592.625	4.6993
592.75	4.6985
592.875	4.6985
593.0	4.6977
593.125	4.6977
593.25	4.7001
593.375	4.6969
593.5	4.6954
593.625	4.6969
593.75	4.6977
593.875	4.6954
594.0	4.6977
594.125	4.6985
594.25	4.6977
594.375	4.6969
594.5	4.6985
594.625	4.6977
594.75	4.6993
594.875	4.6961
595.0	4.6977
595.125	4.6985
595.25	4.6993
595.375	4.6985
595.5	4.6961
595.625	4.6954
595.75	4.6985
595.875	4.6977
596.0	4.6985
596.125	4.6977
596.25	4.6985
596.375	4.6985
596.5	4.6969
596.625	4.6961
596.75	4.6985
596.875	4.6961
597.0	4.6954
597.125	4.6969
597.25	4.6969
597.375	4.6954
597.5	4.6954
597.625	4.6961
597.75	4.7001
597.875	4.6985
598.0	4.6977
598.125	4.6985
598.25	4.7001
598.375	4.6961
598.5	4.6985
598.625	4.6985
598.75	4.6969
598.875	4.6977
599.0	4.7001
599.125	4.6969
599.25	4.6977
599.375	4.6969
599.5	4.6954
599.625	4.6969
599.75	4.6969
599.875	4.6961
600.0	4.6977
600.125	4.6977
600.25	4.6961
600.375	4.6985
600.5	4.6985
600.625	4.6993
600.75	4.6969
600.875	4.6969
601.0	4.6985
601.125	4.6969
601.25	4.6977
601.375	4.7001
601.5	4.6969
601.625	4.6993
601.75	4.6969
601.875	4.6969
602.0	4.6977
602.125	4.6961
602.25	4.6954
602.375	4.6993
602.5	4.6969
602.625	4.6961
602.75	4.6969
602.875	4.6969
603.0	4.6977
603.125	4.6985
603.25	4.6969
603.375	4.6985
603.5	4.6969
603.625	4.6977
603.75	4.6985
603.875	4.6985
604.0	4.6985
604.125	4.6977
604.25	4.6977
604.375	4.6993
604.5	4.6993
604.625	4.6993
604.75	4.6969
604.875	4.6977
605.0	4.6977
605.125	4.6993
605.25	4.6977
605.375	4.6985
605.5	4.7001
605.625	4.6977
605.75	4.6969
605.875	4.6977
606.0	4.6977
606.125	4.6961
606.25	4.6969
606.375	4.6954
606.5	4.6977
606.625	4.6985
606.75	4.6985
606.875	4.6977
607.0	4.6961
607.125	4.6977
607.25	4.6969
607.375	4.6985
607.5	4.6969
607.625	4.6961
607.75	4.6961
607.875	4.6977
608.0	4.6977
608.125	4.6961
608.25	4.6985
608.375	4.6977
608.5	4.6985
608.625	4.6993
608.75	4.6977
608.875	4.6977
609.0	4.6961
609.125	4.6977
609.25	4.6977
609.375	4.7001
609.5	4.6969
609.625	4.7001
609.75	4.6961
609.875	4.6977
610.0	4.6985
610.125	4.6977
610.25	4.6985
610.375	4.6977
610.5	4.6985
610.625	4.6977
610.75	4.6993
610.875	4.6961
611.0	4.6977
611.125	4.6985
611.25	4.6985
611.375	4.6977
611.5	4.7001
611.625	4.6985
611.75	4.6985
611.875	4.6977
612.0	4.7001
612.125	4.6993
612.25	4.6993
612.375	4.6985
612.5	4.6961
612.625	4.6985
612.75	4.6985
612.875	4.7001
613.0	4.6969
613.125	4.7001
613.25	4.6969
613.375	4.6993
613.5	4.6985
613.625	4.6993
613.75	4.6993
613.875	4.6985
614.0	4.6977
614.125	4.6985
614.25	4.6977
614.375	4.6977
614.5	4.7001
614.625	4.6993
614.75	4.6985
614.875	4.6969
615.0	4.6985
615.125	4.6985
615.25	4.6985
615.375	4.6993
615.5	4.6993
615.625	4.7001
615.75	4.7001
615.875	4.6977
616.0	4.7001
616.125	4.6985
616.25	4.7001
616.375	4.7001
616.5	4.6985
616.625	4.6985
616.75	4.6993
616.875	4.7001
617.0	4.6985
617.125	4.6993
617.25	4.6977
617.375	4.7001
617.5	4.7001
617.625	4.7001
617.75	4.6961
617.875	4.7001
618.0	4.6993
618.125	4.6985
618.25	4.7001
618.375	4.6993
618.5	4.7001
618.625	4.7001
618.75	4.6985
618.875	4.6993
619.0	4.6977
619.125	4.6993
619.25	4.7001
619.375	4.7001
619.5	4.7001
619.625	4.6993
619.75	4.7001
619.875	4.7001
620.0	4.7001
620.125	4.6993
620.25	4.6985
620.375	4.7001
620.5	4.6993
620.625	4.6993
620.75	4.6993
620.875	4.7001
621.0	4.7001
621.125	4.7001
621.25	4.7001
621.375	4.7001
621.5	4.7001
621.625	4.7001
621.75	4.7001
621.875	4.6993
622.0	4.6993
622.125	4.7001
622.25	4.6977
622.375	4.7001
622.5	4.6993
622.625	4.7001
622.75	4.7001
622.875	4.7001
623.0	4.6985
623.125	4.7001
623.25	4.7001
623.375	4.7001
623.5	4.7009
623.625	4.7001
623.75	4.7001
623.875	4.7001
624.0	4.7001
624.125	4.7001
624.25	4.6993
624.375	4.7001
624.5	4.7001
624.625	4.7009
624.75	4.7001
624.875	4.7024
625.0	4.7017
625.125	4.7024
625.25	4.7024
625.375	4.6993
625.5	4.6993
625.625	4.7001
625.75	4.7024
625.875	4.7017
626.0	4.7017
626.125	4.7009
626.25	4.6993
626.375	4.7001
626.5	4.7009
626.625	4.7001
626.75	4.6985
626.875	4.7017
627.0	4.7001
627.125	4.7001
627.25	4.7017
627.375	4.7001
627.5	4.7009
627.625	4.7001
627.75	4.7032
627.875	4.7001
628.0	4.7001
628.125	4.7009
628.25	4.7001
628.375	4.7017
628.5	4.7032
628.625	4.7024
628.75	4.7009
628.875	4.7032
629.0	4.7024
629.125	4.7024
629.25	4.7024
629.375	4.7024
629.5	4.7001
629.625	4.704
629.75	4.7017
629.875	4.7001
630.0	4.7024
630.125	4.7009
630.25	4.704
630.375	4.7032
630.5	4.7017
630.625	4.7009
630.75	4.7017
630.875	4.7024
631.0	4.7032
631.125	4.7017
631.25	4.7032
631.375	4.704
631.5	4.7024
631.625	4.7024
631.75	4.7048
631.875	4.7048
632.0	4.7032
632.125	4.7032
632.25	4.7032
632.375	4.7024
632.5	4.7032
632.625	4.7032
632.75	4.7032
632.875	4.7024
633.0	4.7048
633.125	4.7032
633.25	4.7048
633.375	4.7017
633.5	4.704
633.625	4.7048
633.75	4.7032
633.875	4.7048
634.0	4.7048
634.125	4.704
634.25	4.7048
634.375	4.704
634.5	4.7048
634.625	4.704
634.75	4.7032
634.875	4.7048
635.0	4.7048
635.125	4.7032
635.25	4.7048
635.375	4.704
635.5	4.7048
635.625	4.7056
635.75	4.7048
635.875	4.7048
636.0	4.7048
636.125	4.7048
636.25	4.7048
636.375	4.704
636.5	4.704
636.625	4.7056
636.75	4.7056
636.875	4.7056
637.0	4.7056
637.125	4.7048
637.25	4.704
637.375	4.7048
637.5	4.7056
637.625	4.7048
637.75	4.7032
637.875	4.7048
638.0	4.7056
638.125	4.7056
638.25	4.7048
638.375	4.7072
638.5	4.7056
638.625	4.7064
638.75	4.7064
638.875	4.7064
639.0	4.7056
639.125	4.7056
639.25	4.7072
639.375	4.7056
639.5	4.7056
639.625	4.7079
639.75	4.7072
639.875	4.7056
640.0	4.7048
640.125	4.7064
640.25	4.7056
640.375	4.7072
640.5	4.7064
640.625	4.7087
640.75	4.7095
640.875	4.7095
641.0	4.7079
641.125	4.7095
641.25	4.7064
641.375	4.7087
641.5	4.7064
641.625	4.7072
641.75	4.7079
641.875	4.7072
642.0	4.7095
642.125	4.7064
642.25	4.7056
642.375	4.7087
642.5	4.7095
642.625	4.7079
642.75	4.7087
642.875	4.7056
643.0	4.7095
643.125	4.7095
643.25	4.7079
643.375	4.7087
643.5	4.7079
643.625	4.7079
643.75	4.7095
643.875	4.7072
644.0	4.7095
644.125	4.7087
644.25	4.7087
644.375	4.7095
644.5	4.7095
644.625	4.7064
644.75	4.7095
644.875	4.7095
645.0	4.7095
645.125	4.7095
645.25	4.7079
645.375	4.7087
645.5	4.7095
645.625	4.7095
645.75	4.7087
645.875	4.7095
646.0	4.7095
646.125	4.7103
646.25	4.7095
646.375	4.7095
646.5	4.7103
646.625	4.7111
646.75	4.7095
646.875	4.7095
647.0	4.7095
647.125	4.7095
647.25	4.7103
647.375	4.7095
647.5	4.7103
647.625	4.7103
647.75	4.7111
647.875	4.7095
648.0	4.7095
648.125	4.7111
648.25	4.7111
648.375	4.7111
648.5	4.7103
648.625	4.7119
648.75	4.7095
648.875	4.7134
649.0	4.7103
649.125	4.7134
649.25	4.7142
649.375	4.7134
649.5	4.7119
649.625	4.7142
649.75	4.7127
649.875	4.7119
650.0	4.7127
650.125	4.7127
650.25	4.7127
650.375	4.7127
650.5	4.7142
650.625	4.7142
650.75	4.7127
650.875	4.7134
651.0	4.7142
651.125	4.7142
651.25	4.7134
651.375	4.7142
651.5	4.7158
651.625	4.7142
651.75	4.7142
651.875	4.7142
652.0	4.7142
652.125	4.7142
652.25	4.7134
652.375	4.7142
652.5	4.7142
652.625	4.715
652.75	4.7142
652.875	4.7142
653.0	4.715
653.125	4.7158
653.25	4.7142
653.375	4.7142
653.5	4.715
653.625	4.7142
653.75	4.7142
653.875	4.715
654.0	4.715
654.125	4.7142
654.25	4.715
654.375	4.7166
654.5	4.7166
654.625	4.7166
654.75	4.7158
654.875	4.7158
655.0	4.715
655.125	4.7158
655.25	4.7158
655.375	4.7166
655.5	4.7158
655.625	4.7182
655.75	4.7158
655.875	4.7166
656.0	4.7158
656.125	4.7166
656.25	4.7189
656.375	4.7182
656.5	4.7158
656.625	4.7166
656.75	4.7174
656.875	4.7158
657.0	4.7158
657.125	4.7166
657.25	4.7166
657.375	4.7182
657.5	4.7158
657.625	4.7189
657.75	4.7182
657.875	4.7166
658.0	4.715
658.125	4.7174
658.25	4.7158
658.375	4.7189
658.5	4.7166
658.625	4.7182
658.75	4.7182
658.875	4.7182
659.0	4.7189
659.125	4.7189
659.25	4.7189
659.375	4.7197
659.5	4.7174
659.625	4.7189
659.75	4.7189
659.875	4.7182
660.0	4.7189
660.125	4.7197
660.25	4.7166
660.375	4.7197
660.5	4.7189
660.625	4.7189
660.75	4.7174
660.875	4.7189
661.0	4.7189
661.125	4.7205
661.25	4.7189
661.375	4.7174
661.5	4.7197
661.625	4.7205
661.75	4.7189
661.875	4.7221
662.0	4.7197
662.125	4.7197
662.25	4.7197
662.375	4.7197
662.5	4.7205
662.625	4.7221
662.75	4.7205
662.875	4.7221
663.0	4.7213
663.125	4.7205
663.25	4.7205
663.375	4.7213
663.5	4.7237
663.625	4.7205
663.75	4.7213
663.875	4.7213
664.0	4.7205
664.125	4.7205
664.25	4.7213
664.375	4.7189
664.5	4.7229
664.625	4.7221
664.75	4.7213
664.875	4.7213
665.0	4.7205
665.125	4.7229
665.25	4.7237
665.375	4.7221
665.5	4.7213
665.625	4.7213
665.75	4.7237
665.875	4.7237
666.0	4.7221
666.125	4.7213
666.25	4.7229
666.375	4.7229
666.5	4.7229
666.625	4.7213
666.75	4.7213
666.875	4.7229
667.0	4.7221
667.125	4.7237
667.25	4.7237
667.375	4.7229
667.5	4.7237
667.625	4.7237
667.75	4.7237
667.875	4.7237
668.0	4.7229
668.125	4.7221
668.25	4.7252
668.375	4.7237
668.5	4.7237
668.625	4.7229
668.75	4.7237
668.875	4.7237
669.0	4.7237
669.125	4.7237
669.25	4.7237
669.375	4.7229
669.5	4.7237
669.625	4.7237
669.75	4.7237
669.875	4.726
670.0	4.7237
670.125	4.7237
670.25	4.7237
670.375	4.7237
670.5	4.7244
670.625	4.7237
670.75	4.7244
670.875	4.7268
671.0	4.7237
671.125	4.7237
671.25	4.7252
671.375	4.7268
671.5	4.726
671.625	4.7252
671.75	4.726
671.875	4.7252
672.0	4.7244
672.125	4.7268
672.25	4.7244
672.375	4.7252
672.5	4.7244
672.625	4.7268
672.75	4.7276
672.875	4.7252
673.0	4.7276
673.125	4.7276
673.25	4.7268
673.375	4.7252
673.5	4.7284
673.625	4.7252
673.75	4.7284
673.875	4.7268
674.0	4.7268
674.125	4.726
674.25	4.7268
674.375	4.7276
674.5	4.7284
674.625	4.7268
674.75	4.726
674.875	4.7276
675.0	4.726
675.125	4.7276
675.25	4.7252
675.375	4.7284
675.5	4.7252
675.625	4.7268
675.75	4.7284
675.875	4.7268
676.0	4.7276
676.125	4.7276
676.25	4.7284
676.375	4.7284
676.5	4.7276
676.625	4.7284
676.75	4.7276
676.875	4.7284
677.0	4.7276
677.125	4.7284
677.25	4.7276
677.375	4.7268
677.5	4.7284
677.625	4.7284
677.75	4.7284
677.875	4.7284
678.0	4.7268
678.125	4.7284
678.25	4.7284
678.375	4.7284
678.5	4.7284
678.625	4.7276
678.75	4.7284
678.875	4.7284
679.0	4.7284
679.125	4.73
679.25	4.7276
679.375	4.7292
679.5	4.7284
679.625	4.7292
679.75	4.7292
679.875	4.7292
680.0	4.7284
680.125	4.7284
680.25	4.7284
680.375	4.7284
680.5	4.7292
680.625	4.7292
680.75	4.7284
680.875	4.7292
681.0	4.7284
681.125	4.7292
681.25	4.7284
681.375	4.7292
681.5	4.7284
681.625	4.7307
681.75	4.7284
681.875	4.73
682.0	4.7307
682.125	4.7292
682.25	4.7284
682.375	4.7292
682.5	4.7292
682.625	4.7284
682.75	4.73
682.875	4.73
683.0	4.73
683.125	4.7284
683.25	4.7307
683.375	4.7292
683.5	4.7292
683.625	4.7323
683.75	4.7307
683.875	4.7292
684.0	4.73
684.125	4.7307
684.25	4.7307
684.375	4.7284
684.5	4.7331
684.625	4.73
684.75	4.7292
684.875	4.73
685.0	4.7292
685.125	4.7323
685.25	4.73
685.375	4.7315
685.5	4.7307
685.625	4.7331
685.75	4.7307
685.875	4.73
686.0	4.7292
686.125	4.7315
686.25	4.7323
686.375	4.7315
686.5	4.7315
686.625	4.73
686.75	4.7315
686.875	4.7331
687.0	4.7315
687.125	4.7323
687.25	4.7331
687.375	4.7323
687.5	4.7307
687.625	4.7323
687.75	4.73
687.875	4.7323
688.0	4.7323
688.125	4.7331
688.25	4.7323
688.375	4.7331
688.5	4.7331
688.625	4.7331
688.75	4.7331
688.875	4.7331
689.0	4.7323
689.125	4.7323
689.25	4.7323
689.375	4.7323
689.5	4.7323
689.625	4.7323
689.75	4.7323
689.875	4.7331
690.0	4.7331
690.125	4.7331
690.25	4.7331
690.375	4.7331
690.5	4.7323
690.625	4.7331
690.75	4.7331
690.875	4.7331
691.0	4.7331
691.125	4.7331
691.25	4.7339
691.375	4.7331
691.5	4.7331
691.625	4.7323
691.75	4.7323
691.875	4.7331
692.0	4.7323
692.125	4.7331
692.25	4.7331
692.375	4.7307
692.5	4.7331
692.625	4.7331
692.75	4.7331
692.875	4.7331
693.0	4.7331
693.125	4.7331
693.25	4.7331
693.375	4.7339
693.5	4.7347
693.625	4.7331
693.75	4.7331
693.875	4.7347
694.0	4.7331
694.125	4.7331
694.25	4.7331
694.375	4.7339
694.5	4.7331
694.625	4.7331
694.75	4.7339
694.875	4.7347
695.0	4.7355
695.125	4.7347
695.25	4.7331
695.375	4.7331
695.5	4.7347
695.625	4.7331
695.75	4.7331
695.875	4.7339
696.0	4.7347
696.125	4.7339
696.25	4.7331
696.375	4.7331
696.5	4.7339
696.625	4.7331
696.75	4.7339
696.875	4.7331
697.0	4.7339
697.125	4.7339
697.25	4.7339
697.375	4.7347
697.5	4.7355
697.625	4.7339
697.75	4.7347
697.875	4.7362
698.0	4.7355
698.125	4.737
698.25	4.7331
698.375	4.7355
698.5	4.7362
698.625	4.7347
698.75	4.7339
698.875	4.7339
699.0	4.7347
699.125	4.7339
699.25	4.7347
699.375	4.7362
699.5	4.7331
699.625	4.7237
699.75	4.6961
699.875	4.6718
700.0	4.649
700.125	4.6222
700.25	4.601
700.375	4.5767
700.5	4.5539
700.625	4.5271
700.75	4.5051
700.875	4.4807
701.0	4.4611
701.125	4.4383
701.25	4.4131
701.375	4.3888
701.5	4.3675
701.625	4.3479
701.75	4.3219
701.875	4.3015
702.0	4.2787
702.125	4.2551
702.25	4.2331
702.375	4.2095
702.5	4.1867
702.625	4.1655
702.75	4.1435
702.875	4.1238
703.0	4.0994
703.125	4.0798
703.25	4.057
703.375	4.0397
703.5	4.0138
703.625	3.9933
703.75	3.9744
703.875	3.9524
704.0	3.9344
704.125	3.9131
704.25	3.8911
704.375	3.8699
704.5	3.8494
704.625	3.8282
704.75	3.8062
704.875	3.7897
705.0	3.7685
705.125	3.7472
705.25	3.7276
705.375	3.7064
705.5	3.6875
705.625	3.6678
705.75	3.6482
705.875	3.6293
706.0	3.6097
706.125	3.5908
706.25	3.5727
706.375	3.5539
706.5	3.5342
706.625	3.5161
706.75	3.4941
706.875	3.476
707.0	3.4579
707.125	3.443
707.25	3.4218
707.375	3.4045
707.5	3.388
707.625	3.3675
707.75	3.3502
707.875	3.3322
708.0	3.3149
708.125	3.2712
708.25	3.2523
708.375	3.2382
708.5	3.2177
708.625	3.2004
708.75	3.1839
708.875	3.1682
709.0	3.1493
709.125	3.1328
709.25	3.1155
709.375	3.0959
709.5	3.0809
709.625	3.0644
709.75	3.0487
709.875	3.029
710.0	3.0157
710.125	2.9976
710.25	2.9811
710.375	2.9654
710.5	2.9488
710.625	2.9331
710.75	2.9166
710.875	2.9009
711.0	2.8844
711.125	2.8679
711.25	2.8522
711.375	2.8372
711.5	2.8223
711.625	2.8058
711.75	2.79
711.875	2.7759
712.0	2.7594
712.125	2.7452
712.25	2.7279
712.375	2.7122
712.5	2.7004
712.625	2.6831
712.75	2.669
712.875	2.6548
713.0	2.6399
713.125	2.625
713.25	2.61
713.375	2.5951
713.5	2.5809
713.625	2.5652
713.75	2.5518
713.875	2.5385
714.0	2.522
714.125	2.5094
714.25	2.4937
714.375	2.4827
714.5	2.4677
714.625	2.4528
714.75	2.4402
714.875	2.4284
715.0	2.4135
715.125	2.4001
715.25	2.3867
715.375	2.371
715.5	2.3584
715.625	2.3466
715.75	2.3325
715.875	2.3207
716.0	2.3066
716.125	2.2932
716.25	2.2806
716.375	2.2696
716.5	2.2555
716.625	2.2452
716.75	2.2303
716.875	2.2185
717.0	2.2044
717.125	2.1933
717.25	2.1823
717.375	2.169
717.5	2.1564
717.625	2.1454
717.75	2.1328
717.875	2.1218
718.0	2.1077
718.125	2.0966
718.25	2.0849
718.375	2.0731
718.5	2.0597
718.625	2.0503
718.75	2.0393
718.875	2.029
719.0	2.0165
719.125	2.0055
719.25	1.9937
719.375	1.9834
719.5	1.9701
719.625	1.9591
719.75	1.9488
719.875	1.9371
720.0	1.9284
720.125	1.9174
720.25	1.908
720.375	1.893
720.5	1.8844
720.625	1.875
720.75	1.8639
720.875	1.8545
721.0	1.8419
721.125	1.8333
721.25	1.8199
721.375	1.8105
721.5	1.8011
721.625	1.7908
721.75	1.7798
721.875	1.7704
722.0	1.7594
722.125	1.7507
722.25	1.7405
722.375	1.7327
722.5	1.724
722.625	1.713
722.75	1.7044
722.875	1.6941
723.0	1.6847
723.125	1.6761
723.25	1.665
723.375	1.6572
723.5	1.6454
723.625	1.6391
723.75	1.6297
723.875	1.6202
724.0	1.6092
724.125	1.6014
724.25	1.5927
724.375	1.5833
724.5	1.5754
724.625	1.566
724.75	1.5573
724.875	1.5495
725.0	1.54
725.125	1.5306
725.25	1.522
725.375	1.5133
725.5	1.5055
725.625	1.4968
725.75	1.4913
725.875	1.4811
726.0	1.4724
726.125	1.4638
726.25	1.4567
726.375	1.4473
726.5	1.4394
726.625	1.4323
726.75	1.4229
726.875	1.4158
727.0	1.408
727.125	1.3993
727.25	1.3915
727.375	1.3852
727.5	1.3757
727.625	1.3687
727.75	1.3616
727.875	1.3529
728.0	1.3459
728.125	1.338
728.25	1.3317
728.375	1.3246
728.5	1.316
728.625	1.3073
728.75	1.3026
728.875	1.2948
729.0	1.2877
729.125	1.2798
729.25	1.2743
729.375	1.2672
729.5	1.2594
729.625	1.2515
729.75	1.2444
729.875	1.2382
730.0	1.2319
730.125	1.2232
730.25	1.2169
730.375	1.2099
730.5	1.2012
730.625	1.1957
730.75	1.1902
730.875	1.1839
731.0	1.1776
731.125	1.1698
731.25	1.1627
731.375	1.158
731.5	1.1501
731.625	1.143
731.75	1.1375
731.875	1.132
732.0	1.1242
732.125	1.1179
732.25	1.1116
732.375	1.1061
732.5	1.0998
732.625	1.0935
732.75	1.088
732.875	1.0794
733.0	1.0746
733.125	1.0683
733.25	1.0621
733.375	1.0566
733.5	1.0503
733.625	1.044
733.75	1.0377
733.875	1.0314
734.0	1.0251
734.125	1.0212
734.25	1.0165
734.375	1.0086
734.5	1.0023
734.625	0.9976
734.75	0.9921
734.875	0.9866
735.0	0.9803
735.125	0.9756
735.25	0.9693
735.375	0.9646
735.5	0.9599
735.625	0.9536
735.75	0.9473
735.875	0.9426
736.0	0.9347
736.125	0.9308
736.25	0.9276
736.375	0.9213
736.5	0.9158
736.625	0.9103
736.75	0.9048
736.875	0.9001
737.0	0.8962
737.125	0.8907
737.25	0.8836
737.375	0.8789
737.5	0.875
737.625	0.8694
737.75	0.8639
737.875	0.86
738.0	0.8553
738.125	0.849
738.25	0.8443
738.375	0.8396
738.5	0.8349
738.625	0.8309
738.75	0.827
738.875	0.8207
739.0	0.8168
739.125	0.8105
739.25	0.8066
739.375	0.8034
739.5	0.7987
739.625	0.794
739.75	0.7885
739.875	0.7838
740.0	0.7798
740.125	0.7751
740.25	0.7696
740.375	0.7665
740.5	0.761
740.625	0.7562
740.75	0.7515
740.875	0.75
741.0	0.7452
741.125	0.7421
741.25	0.7358
741.375	0.7319
741.5	0.7264
741.625	0.724
741.75	0.7193
741.875	0.7161
742.0	0.7122
742.125	0.7075
742.25	0.7028
742.375	0.6981
742.5	0.6957
742.625	0.691
742.75	0.6878
742.875	0.6823
743.0	0.68
743.125	0.6753
743.25	0.6705
743.375	0.6682
743.5	0.6643
743.625	0.6595
743.75	0.6564
743.875	0.6533
744.0	0.6501
744.125	0.6454
744.25	0.6422
744.375	0.6375
744.5	0.636
744.625	0.6305
744.75	0.6273
744.875	0.6226
745.0	0.6194
745.125	0.6179
745.25	0.6124
745.375	0.6108
745.5	0.6077
745.625	0.6037
745.75	0.599
745.875	0.5974
746.0	0.5911
746.125	0.5904
746.25	0.5864
746.375	0.5841
746.5	0.5801
746.625	0.5778
746.75	0.5754
746.875	0.5715
747.0	0.566
747.125	0.566
747.25	0.5613
747.375	0.5573
747.5	0.5566
747.625	0.5518
747.75	0.5479
747.875	0.5455
748.0	0.5424
748.125	0.5377
748.25	0.5377
748.375	0.5338
748.5	0.5298
748.625	0.5283
748.75	0.5259
748.875	0.5235
749.0	0.5188
749.125	0.5172
749.25	0.5141
749.375	0.5125
749.5	0.5094
749.625	0.5047
749.75	0.5031
749.875	0.4992
750.0	0.4952
750.125	0.4952
750.25	0.4921
750.375	0.4897
750.5	0.4874
750.625	0.4827
750.75	0.4811
750.875	0.4787
751.0	0.4764
751.125	0.474
751.25	0.4716
751.375	0.4693
751.5	0.4669
751.625	0.4638
751.75	0.4614
751.875	0.4575
752.0	0.4575
752.125	0.4528
752.25	0.452
752.375	0.4481
752.5	0.4473
752.625	0.4433
752.75	0.4433
752.875	0.4402
753.0	0.4371
753.125	0.4339
753.25	0.4339
753.375	0.4292
753.5	0.4292
753.625	0.4268
753.75	0.4229
753.875	0.4205
754.0	0.419
754.125	0.4158
754.25	0.415
754.375	0.4127
754.5	0.4103
754.625	0.408
754.75	0.4064
754.875	0.404
755.0	0.4017
755.125	0.4001
755.25	0.3962
755.375	0.3962
755.5	0.393
755.625	0.3915
755.75	0.3883
755.875	0.386
756.0	0.3836
756.125	0.382
756.25	0.3812
756.375	0.3789
756.5	0.3773
756.625	0.3765
756.75	0.3726
756.875	0.3726
757.0	0.3687
757.125	0.3679
757.25	0.3679
757.375	0.3632
757.5	0.3632
757.625	0.3592
757.75	0.3584
757.875	0.3553
758.0	0.3553
758.125	0.3537
758.25	0.3514
758.375	0.349
758.5	0.349
758.625	0.3443
758.75	0.3443
758.875	0.3419
759.0	0.3396
759.125	0.3388
759.25	0.3372
759.375	0.3349
759.5	0.3333
759.625	0.3301
759.75	0.3301
759.875	0.3301
760.0	0.3254
760.125	0.3254
760.25	0.3207
760.375	0.3207
760.5	0.3199
760.625	0.316
760.75	0.3176
760.875	0.3152
761.0	0.3128
761.125	0.3113
761.25	0.3105
761.375	0.3097
761.5	0.3066
761.625	0.3058
761.75	0.3026
761.875	0.3026
762.0	0.3011
762.125	0.2995
762.25	0.3003
762.375	0.2963
762.5	0.2955
762.625	0.2963
762.75	0.2916
762.875	0.2916
763.0	0.2916
763.125	0.2885
763.25	0.2877
763.375	0.2853
763.5	0.283
763.625	0.283
763.75	0.2798
763.875	0.279
764.0	0.2783
764.125	0.2783
764.25	0.2743
764.375	0.2735
764.5	0.2727
764.625	0.2727
764.75	0.2712
764.875	0.2688
765.0	0.2688
765.125	0.2665
765.25	0.2641
765.375	0.2641
765.5	0.2641
765.625	0.2625
765.75	0.2594
765.875	0.2594
766.0	0.2578
766.125	0.2578
766.25	0.2555
766.375	0.2539
766.5	0.2507
766.625	0.2547
766.75	0.2523
766.875	0.25
767.0	0.2484
767.125	0.2492
767.25	0.2452
767.375	0.2444
767.5	0.2413
767.625	0.2437
767.75	0.2413
767.875	0.2405
768.0	0.2397
768.125	0.2389
768.25	0.2358
768.375	0.2358
768.5	0.2342
768.625	0.2342
768.75	0.2342
768.875	0.2311
769.0	0.2311
769.125	0.2311
769.25	0.2311
769.375	0.2279
769.5	0.2287
769.625	0.2264
769.75	0.2256
769.875	0.2248
770.0	0.2232
770.125	0.2216
770.25	0.2216
770.375	0.2216
770.5	0.2185
770.625	0.2185
770.75	0.2169
770.875	0.2169
771.0	0.2154
771.125	0.2154
771.25	0.2146
771.375	0.213
771.5	0.2122
771.625	0.2122
771.75	0.2122
771.875	0.2106
772.0	0.2075
772.125	0.2075
772.25	0.2075
772.375	0.2075
772.5	0.2067
772.625	0.2044
772.75	0.2051
772.875	0.2028
773.0	0.2028
773.125	0.2004
773.25	0.2028
773.375	0.2012
773.5	0.1996
773.625	0.1981
773.75	0.1981
773.875	0.1973
774.0	0.1957
774.125	0.1949
774.25	0.1965
774.375	0.1949
774.5	0.1933
774.625	0.1941
774.75	0.1926
774.875	0.1926
775.0	0.1886
775.125	0.1886
775.25	0.1886
775.375	0.1886
775.5	0.1878
775.625	0.1878
775.75	0.1878
775.875	0.1847
776.0	0.1855
776.125	0.1839
776.25	0.1831
776.375	0.1839
776.5	0.1839
776.625	0.1831
776.75	0.18
776.875	0.1792
777.0	0.1792
777.125	0.1792
777.25	0.1784
777.375	0.1792
777.5	0.1784
777.625	0.1768
777.75	0.1761
777.875	0.1753
778.0	0.1745
778.125	0.1745
778.25	0.1721
778.375	0.1729
778.5	0.1737
778.625	0.1705
778.75	0.1698
778.875	0.1698
779.0	0.1698
779.125	0.1698
779.25	0.1682
779.375	0.1674
779.5	0.1682
779.625	0.1666
779.75	0.1666
779.875	0.1658
780.0	0.165
780.125	0.165
780.25	0.1635
780.375	0.165
780.5	0.1643
780.625	0.1643
780.75	0.1619
780.875	0.1603
781.0	0.1595
781.125	0.1588
781.25	0.1603
781.375	0.1588
781.5	0.1595
781.625	0.158
781.75	0.1572
781.875	0.1572
782.0	0.1564
782.125	0.1564
782.25	0.1556
782.375	0.1556
782.5	0.1556
782.625	0.1556
782.75	0.1517
782.875	0.154
783.0	0.1509
783.125	0.1517
783.25	0.1509
783.375	0.1509
783.5	0.1509
783.625	0.1509
783.75	0.1509
783.875	0.1485
784.0	0.1485
784.125	0.1485
784.25	0.1485
784.375	0.1462
784.5	0.1462
784.625	0.1454
784.75	0.1462
784.875	0.1462
785.0	0.1462
785.125	0.1454
785.25	0.1438
785.375	0.1446
785.5	0.1422
785.625	0.1415
785.75	0.1415
785.875	0.1415
786.0	0.1415
786.125	0.1415
786.25	0.1407
786.375	0.1415
786.5	0.1415
786.625	0.1399
786.75	0.1391
786.875	0.1399
787.0	0.1391
787.125	0.1375
787.25	0.1375
787.375	0.1391
787.5	0.1367
787.625	0.1367
787.75	0.1367
787.875	0.1367
788.0	0.136
788.125	0.1336
788.25	0.1344
788.375	0.1336
788.5	0.132
788.625	0.132
788.75	0.132
788.875	0.132
789.0	0.132
789.125	0.132
789.25	0.1312
789.375	0.132
789.5	0.1305
789.625	0.132
789.75	0.1305
789.875	0.1289
790.0	0.1281
790.125	0.1273
790.25	0.1273
790.375	0.1273
790.5	0.1297
790.625	0.1289
790.75	0.1273
790.875	0.1281
791.0	0.1273
791.125	0.1265
791.25	0.1257
791.375	0.1273
791.5	0.125
791.625	0.1234
791.75	0.1265
791.875	0.1226
792.0	0.1226
792.125	0.1242
792.25	0.1226
792.375	0.1226
792.5	0.1226
792.625	0.1226
792.75	0.1194
792.875	0.1226
793.0	0.1218
793.125	0.121
793.25	0.1202
793.375	0.1194
793.5	0.1202
793.625	0.1202
793.75	0.1202
793.875	0.1194
794.0	0.1179
794.125	0.1202
794.25	0.1202
794.375	0.1202
794.5	0.1179
794.625	0.1179
794.75	0.1179
794.875	0.1179
795.0	0.1179
795.125	0.1179
795.25	0.1179
795.375	0.1179
795.5	0.1179
795.625	0.1179
795.75	0.1163
795.875	0.1179
796.0	0.1179
796.125	0.1147
796.25	0.1155
796.375	0.1147
796.5	0.1139
796.625	0.1132
796.75	0.1147
796.875	0.1147
797.0	0.1132
797.125	0.1132
797.25	0.1132
797.375	0.1132
797.5	0.1132
797.625	0.1132
797.75	0.1132
797.875	0.1132
798.0	0.1124
798.125	0.1132
798.25	0.1132
798.375	0.1132
798.5	0.11
798.625	0.1132
798.75	0.1124
798.875	0.1116
799.0	0.11
799.125	0.1116
799.25	0.1132
799.375	0.1116
799.5	0.1124
799.625	0.1108
799.75	0.1116
799.875	0.11
800.0	0.1124
800.125	0.1092
800.25	0.1092
800.375	0.11
800.5	0.1108
800.625	0.1092
800.75	0.1084
800.875	0.1092
801.0	0.11
801.125	0.1084
801.25	0.11
801.375	0.1084
801.5	0.1084
801.625	0.1077
801.75	0.1084
801.875	0.1084
802.0	0.1092
802.125	0.1084
802.25	0.1084
802.375	0.1084
802.5	0.1084
802.625	0.1084
802.75	0.1084
802.875	0.1084
803.0	0.1084
803.125	0.1084
803.25	0.1084
803.375	0.1084
803.5	0.1084
803.625	0.1084
803.75	0.1084
803.875	0.1077
804.0	0.1084
804.125	0.1084
804.25	0.1084
804.375	0.1084
804.5	0.1084
804.625	0.1084
804.75	0.1084
804.875	0.1084
805.0	0.1084
805.125	0.1084
805.25	0.1069
805.375	0.1084
805.5	0.1084
805.625	0.1084
805.75	0.1077
805.875	0.1077
806.0	0.1084
806.125	0.1084
806.25	0.1084
806.375	0.1084
806.5	0.1084
806.625	0.1084
806.75	0.1069
806.875	0.1077
807.0	0.1084
807.125	0.1084
807.25	0.1077
807.375	0.1084
807.5	0.1084
807.625	0.1077
807.75	0.1084
807.875	0.1084
808.0	0.1084
808.125	0.1084
808.25	0.1084
808.375	0.1084
808.5	0.1084
808.625	0.1084
808.75	0.1077
808.875	0.1084
809.0	0.1084
809.125	0.1084
809.25	0.1077
809.375	0.1084
809.5	0.1084
809.625	0.1092
809.75	0.1084
809.875	0.1084
810.0	0.1084
810.125	0.1092
810.25	0.1084
810.375	0.1092
810.5	0.1092
810.625	0.11
810.75	0.1084
810.875	0.1092
811.0	0.1108
811.125	0.11
811.25	0.1116
811.375	0.1108
811.5	0.1116
811.625	0.1116
811.75	0.11
811.875	0.1124
812.0	0.1124
812.125	0.1132
812.25	0.1132
812.375	0.1108
812.5	0.1124
812.625	0.1132
812.75	0.1132
812.875	0.1132
813.0	0.1132
813.125	0.1132
813.25	0.1124
813.375	0.1132
813.5	0.1132
813.625	0.1139
813.75	0.1132
813.875	0.1132
814.0	0.1147
814.125	0.1155
814.25	0.1155
814.375	0.1163
814.5	0.1171
814.625	0.1171
814.75	0.1179
814.875	0.1179
815.0	0.1179
815.125	0.1179
815.25	0.1179
815.375	0.1179
815.5	0.1179
815.625	0.1179
815.75	0.1187
815.875	0.1202
816.0	0.121
816.125	0.1194
816.25	0.1202
816.375	0.1194
816.5	0.1202
816.625	0.1218
816.75	0.1218
816.875	0.1218
817.0	0.1226
817.125	0.1218
817.25	0.1226
817.375	0.1226
817.5	0.125
817.625	0.1257
817.75	0.125
817.875	0.1265
818.0	0.1265
818.125	0.1273
818.25	0.1273
818.375	0.1273
818.5	0.1273
818.625	0.1273
818.75	0.1273
818.875	0.1273
819.0	0.1289
819.125	0.1297
819.25	0.1305
819.375	0.132
819.5	0.132
819.625	0.132
819.75	0.132
819.875	0.132
820.0	0.1328
820.125	0.1344
820.25	0.1344
820.375	0.1344
820.5	0.1367
820.625	0.1367
820.75	0.136
820.875	0.1367
821.0	0.1383
821.125	0.1367
821.25	0.1375
821.375	0.1391
821.5	0.1375
821.625	0.1399
821.75	0.1415
821.875	0.1422
822.0	0.1415
822.125	0.1422
822.25	0.1446
822.375	0.1454
822.5	0.1446
822.625	0.1454
822.75	0.1462
822.875	0.147
823.0	0.1462
823.125	0.1509
823.25	0.1493
823.375	0.1501
823.5	0.1509
823.625	0.1509
823.75	0.1509
823.875	0.1509
824.0	0.1509
824.125	0.1517
824.25	0.1556
824.375	0.1556
824.5	0.1556
824.625	0.1556
824.75	0.158
824.875	0.158
825.0	0.1603
825.125	0.1603
825.25	0.1588
825.375	0.1603
825.5	0.1635
825.625	0.1619
825.75	0.165
825.875	0.165
826.0	0.165
826.125	0.165
826.25	0.1666
826.375	0.1682
826.5	0.1698
826.625	0.1698
826.75	0.1698
826.875	0.1713
827.0	0.1729
827.125	0.1753
827.25	0.1745
827.375	0.1745
827.5	0.1753
827.625	0.1792
827.75	0.1768
827.875	0.1792
828.0	0.1792
828.125	0.1808
828.25	0.1839
828.375	0.1831
828.5	0.1839
828.625	0.1839
828.75	0.1863
828.875	0.1878
829.0	0.1886
829.125	0.1886
829.25	0.1918
829.375	0.191
829.5	0.191
829.625	0.1933
829.75	0.1941
829.875	0.1981
830.0	0.1973
830.125	0.1981
830.25	0.1981
830.375	0.202
830.5	0.2028
830.625	0.2028
830.75	0.2059
830.875	0.2059
831.0	0.2075
831.125	0.2075
831.25	0.2075
831.375	0.2114
831.5	0.2106
831.625	0.213
831.75	0.2122
831.875	0.2161
832.0	0.2169
832.125	0.2169
832.25	0.2169
832.375	0.2216
832.5	0.2216
832.625	0.2216
832.75	0.2256
832.875	0.2264
833.0	0.2264
833.125	0.2279
833.25	0.2311
833.375	0.2311
833.5	0.2334
833.625	0.2358
833.75	0.2358
833.875	0.2358
834.0	0.2389
834.125	0.2389
834.25	0.2405
834.375	0.2429
834.5	0.2452
834.625	0.2452
834.75	0.246
834.875	0.25
835.0	0.2484
835.125	0.2539
835.25	0.2523
835.375	0.2547
835.5	0.257
835.625	0.2586
835.75	0.2594
835.875	0.2594
836.0	0.2633
836.125	0.2641
836.25	0.2641
836.375	0.2665
836.5	0.2688
836.625	0.2696
836.75	0.272
836.875	0.2735
837.0	0.2759
837.125	0.2783
837.25	0.2783
837.375	0.2806
837.5	0.283
837.625	0.2853
837.75	0.2869
837.875	0.2877
838.0	0.2908
838.125	0.2916
838.25	0.2924
838.375	0.2955
838.5	0.2971
838.625	0.2979
838.75	0.2995
838.875	0.3018
839.0	0.3034
839.125	0.3066
839.25	0.3073
839.375	0.3097
839.5	0.3113
839.625	0.3128
839.75	0.316
839.875	0.3176
840.0	0.3199
840.125	0.3207
840.25	0.3254
840.375	0.3254
840.5	0.3278
840.625	0.3301
840.75	0.3333
840.875	0.3349
841.0	0.3364
841.125	0.3356
841.25	0.3396
841.375	0.3411
841.5	0.3443
841.625	0.3474
841.75	0.3498
841.875	0.3506
842.0	0.3537
842.125	0.3537
842.25	0.3553
842.375	0.3584
842.5	0.3624
842.625	0.3632
842.75	0.3655
842.875	0.3679
843.0	0.371
843.125	0.3726
843.25	0.375
843.375	0.3773
843.5	0.3781
843.625	0.3812
843.75	0.3836
843.875	0.3844
844.0	0.3891
844.125	0.3915
844.25	0.393
844.375	0.3962
844.5	0.3962
844.625	0.4009
844.75	0.4009
844.875	0.4056
845.0	0.408
845.125	0.4103
845.25	0.4127
845.375	0.415
845.5	0.419
845.625	0.4198
845.75	0.4245
845.875	0.4245
846.0	0.4261
846.125	0.43
846.25	0.4339
846.375	0.4339
846.5	0.4378
846.625	0.4386
846.75	0.4418
846.875	0.4465
847.0	0.4481
847.125	0.4481
847.25	0.4528
847.375	0.4544
847.5	0.4575
847.625	0.4606
847.75	0.4638
847.875	0.4669
848.0	0.4677
848.125	0.4716
848.25	0.4732
848.375	0.4764
848.5	0.4779
848.625	0.4811
848.75	0.4858
848.875	0.4866
849.0	0.4897
849.125	0.4913
849.25	0.4952
849.375	0.5
849.5	0.5023
849.625	0.5047
849.75	0.507
849.875	0.5094
850.0	0.5141
850.125	0.5157
850.25	0.5188
850.375	0.522
850.5	0.5235
850.625	0.5275
850.75	0.5283
850.875	0.5322
851.0	0.5353
851.125	0.5377
851.25	0.5424
851.375	0.5432
851.5	0.5463
851.625	0.5511
851.75	0.5542
851.875	0.5566
852.0	0.5613
852.125	0.5621
852.25	0.566
852.375	0.5676
852.5	0.5715
852.625	0.5746
852.75	0.5778
852.875	0.5801
853.0	0.5841
853.125	0.5872
853.25	0.5896
853.375	0.5943
853.5	0.5959
853.625	0.5982
853.75	0.6037
853.875	0.6061
854.0	0.6084
854.125	0.6124
854.25	0.6139
854.375	0.6194
854.5	0.6218
854.625	0.6226
854.75	0.6281
854.875	0.6328
855.0	0.636
855.125	0.6383
855.25	0.6415
855.375	0.6462
855.5	0.6477
855.625	0.6525
855.75	0.6556
855.875	0.658
856.0	0.6627
856.125	0.665
856.25	0.669
856.375	0.6737
856.5	0.6776
856.625	0.68
856.75	0.6831
856.875	0.6878
857.0	0.6894
857.125	0.6957
857.25	0.6973
857.375	0.702
857.5	0.7051
857.625	0.7091
857.75	0.7138
857.875	0.7161
858.0	0.7209
858.125	0.7216
858.25	0.7264
858.375	0.7311
858.5	0.7342
858.625	0.7382
858.75	0.7429
858.875	0.746
859.0	0.7492
859.125	0.7539
859.25	0.7562
859.375	0.7602
859.5	0.7641
859.625	0.7696
859.75	0.7727
859.875	0.7767
860.0	0.7814
860.125	0.7838
860.25	0.7877
860.375	0.7932
860.5	0.7971
860.625	0.8003
860.75	0.8058
860.875	0.8097
861.0	0.8121
861.125	0.8176
861.25	0.8215
861.375	0.8246
861.5	0.8286
861.625	0.8333
861.75	0.8356
861.875	0.8411
862.0	0.8459
862.125	0.8482
862.25	0.8537
862.375	0.8592
862.5	0.8608
862.625	0.8671
862.75	0.8718
862.875	0.8773
863.0	0.8812
863.125	0.8844
863.25	0.8875
863.375	0.8922
863.5	0.8977
863.625	0.9009
863.75	0.9056
863.875	0.9103
864.0	0.9135
864.125	0.9198
864.25	0.9245
864.375	0.9268
864.5	0.9331
864.625	0.9363
864.75	0.9426
864.875	0.9473
865.0	0.9512
865.125	0.9559
865.25	0.9591
865.375	0.9646
865.5	0.9669
865.625	0.9732
865.75	0.9779
865.875	0.9811
866.0	0.9858
866.125	0.9905
866.25	0.9968
866.375	1.0
866.5	1.007
866.625	1.0094
866.75	1.0157
866.875	1.0204
867.0	1.0235
867.125	1.029
867.25	1.0345
867.375	1.0361
867.5	1.0432
867.625	1.0471
867.75	1.0518
867.875	1.0589
868.0	1.0605
868.125	1.0683
868.25	1.0707
868.375	1.0754
868.5	1.0801
868.625	1.0856
868.75	1.0927
868.875	1.0951
869.0	1.1006
869.125	1.1077
869.25	1.1108
869.375	1.1147
869.5	1.1194
869.625	1.1273
869.75	1.132
869.875	1.136
870.0	1.1415
870.125	1.1462
870.25	1.1509
870.375	1.158
870.5	1.1627
870.625	1.165
870.75	1.1705
870.875	1.1753
871.0	1.1816
871.125	1.1878
871.25	1.1918
871.375	1.1973
871.5	1.202
871.625	1.2083
871.75	1.2138
871.875	1.2185
872.0	1.2248
872.125	1.2303
872.25	1.2366
872.375	1.2421
872.5	1.2468
872.625	1.2515
872.75	1.2586
872.875	1.2625
873.0	1.268
873.125	1.2727
873.25	1.279
873.375	1.2845
873.5	1.2893
873.625	1.2955
873.75	1.3018
873.875	1.3073
874.0	1.3128
874.125	1.3191
874.25	1.3238
874.375	1.3294
874.5	1.3349
874.625	1.3435
874.75	1.349
874.875	1.3553
875.0	1.3608
875.125	1.3663
875.25	1.3742
875.375	1.3797
875.5	1.3867
875.625	1.3907
875.75	1.397
875.875	1.404
876.0	1.4111
876.125	1.4174
876.25	1.4237
876.375	1.43
876.5	1.4378
876.625	1.4433
876.75	1.4504
876.875	1.4583
877.0	1.4646
877.125	1.4732
877.25	1.4787
877.375	1.4858
877.5	1.4929
877.625	1.5007
877.75	1.5086
877.875	1.5157
878.0	1.5204
878.125	1.5298
878.25	1.5393
878.375	1.5455
878.5	1.555
878.625	1.5636
878.75	1.5699
878.875	1.5778
879.0	1.5856
879.125	1.5943
879.25	1.6022
879.375	1.61
879.5	1.6194
879.625	1.6297
879.75	1.6383
879.875	1.647
880.0	1.6556
880.125	1.6643
880.25	1.6745
880.375	1.6847
880.5	1.6918
880.625	1.702
880.75	1.713
880.875	1.7216
881.0	1.7303
881.125	1.7421
881.25	1.7531
881.375	1.7617
881.5	1.772
881.625	1.783
881.75	1.794
881.875	1.8042
882.0	1.8168
882.125	1.8262
882.25	1.8372
882.375	1.849
882.5	1.8608
882.625	1.8734
882.75	1.8836
882.875	1.8954
883.0	1.9064
883.125	1.9198
883.25	1.9316
883.375	1.9457
883.5	1.9567
883.625	1.9701
883.75	1.9827
883.875	1.996
884.0	2.0094
884.125	2.0235
884.25	2.0353
884.375	2.0495
884.5	2.0621
884.625	2.0786
884.75	2.0919
884.875	2.1053
885.0	2.1194
885.125	2.1336
885.25	2.1501
885.375	2.1666
885.5	2.18
885.625	2.1949
885.75	2.2122
885.875	2.2287
886.0	2.2437
886.125	2.257
886.25	2.2735
886.375	2.2908
886.5	2.3073
886.625	2.3238
886.75	2.3404
886.875	2.3584
887.0	2.3757
887.125	2.3938
887.25	2.4111
887.375	2.4284
887.5	2.4465
887.625	2.463
887.75	2.4819
887.875	2.5015
888.0	2.518
888.125	2.5385
888.25	2.5573
888.375	2.5746
888.5	2.5927
888.625	2.6147
888.75	2.6344
888.875	2.6533
889.0	2.6729
889.125	2.6933
889.25	2.7114
889.375	2.7334
889.5	2.7531
889.625	2.7751
889.75	2.794
889.875	2.816
890.0	2.8349
890.125	2.8584
890.25	2.8773
890.375	2.9009
890.5	2.9213
890.625	2.9433
890.75	2.9654
890.875	2.9874
891.0	3.0078
891.125	3.0306
891.25	3.0511
891.375	3.0715
891.5	3.0935
891.625	3.1155
891.75	3.1375
891.875	3.1619
892.0	3.1831
892.125	3.2051
892.25	3.2279
892.375	3.2515
892.5	3.272
892.625	3.3211
892.75	3.3439
892.875	3.3683
893.0	3.3911
893.125	3.4147
893.25	3.4375
893.375	3.4572
893.5	3.4807
893.625	3.5028
893.75	3.5271
893.875	3.5507
894.0	3.5727
894.125	3.5971
894.25	3.6207
894.375	3.6419
894.5	3.6647
894.625	3.6906
894.75	3.7127
894.875	3.7362
895.0	3.759
895.125	3.7811
895.25	3.8046
895.375	3.829
895.5	3.851
895.625	3.8722
895.75	3.895
895.875	3.9171
896.0	3.9391
896.125	3.9611
896.25	3.9847
896.375	4.0051
896.5	4.0279
896.625	4.0515
896.75	4.0719
896.875	4.0932
897.0	4.1136
897.125	4.1356
897.25	4.1568
897.375	4.1773
897.5	4.1993
897.625	4.2197
897.75	4.2362
897.875	4.2575
898.0	4.2756
898.125	4.2952
898.25	4.3172
898.375	4.3345
898.5	4.355
898.625	4.373
898.75	4.3903
898.875	4.4076
899.0	4.4273
899.125	4.4446
899.25	4.4619
899.375	4.4792
899.5	4.4965
899.625	4.513
899.75	4.5287
899.875	4.5444
