300.0	1.2452
300.125	1.246
300.25	1.246
300.375	1.2452
300.5	1.2492
300.625	1.25
300.75	1.2468
300.875	1.25
301.0	1.2492
301.125	1.25
301.25	1.25
301.375	1.2507
301.5	1.25
301.625	1.25
301.75	1.2523
301.875	1.2523
302.0	1.2547
302.125	1.2523
302.25	1.2547
302.375	1.2547
302.5	1.2562
302.625	1.2562
302.75	1.257
302.875	1.2547
303.0	1.2547
303.125	1.2586
303.25	1.2578
303.375	1.2562
303.5	1.2578
303.625	1.2594
303.75	1.2594
303.875	1.2594
304.0	1.2602
304.125	1.2641
304.25	1.2641
304.375	1.2641
304.5	1.2633
304.625	1.2633
304.75	1.2641
304.875	1.2641
305.0	1.2688
305.125	1.2657
305.25	1.2672
305.375	1.2672
305.5	1.2688
305.625	1.2688
305.75	1.2696
305.875	1.2688
306.0	1.2735
306.125	1.2735
306.25	1.272
306.375	1.2735
306.5	1.2735
306.625	1.2743
306.75	1.2735
306.875	1.2735
307.0	1.2759
307.125	1.2775
307.25	1.2775
307.375	1.2783
307.5	1.2783
307.625	1.2783
307.75	1.2814
307.875	1.2798
308.0	1.283
308.125	1.283
308.25	1.283
308.375	1.2838
308.5	1.2877
308.625	1.2838
308.75	1.2869
308.875	1.2877
309.0	1.2861
309.125	1.2877
309.25	1.2877
309.375	1.29
309.5	1.2924
309.625	1.2916
309.75	1.294
309.875	1.294
310.0	1.2932
310.125	1.2971
310.25	1.294
310.375	1.2971
310.5	1.2987
310.625	1.2971
310.75	1.2987
310.875	1.2995
311.0	1.3018
311.125	1.3018
311.25	1.3042
311.375	1.305
311.5	1.305
311.625	1.3058
311.75	1.3073
311.875	1.3073
312.0	1.3105
312.125	1.3105
312.25	1.3113
312.375	1.3113
312.5	1.3136
312.625	1.3152
312.75	1.3152
312.875	1.316
313.0	1.3176
313.125	1.3168
313.25	1.3199
313.375	1.3207
313.5	1.3207
313.625	1.3215
313.75	1.3254
313.875	1.3254
314.0	1.3262
314.125	1.3254
314.25	1.3301
314.375	1.3301
314.5	1.3301
314.625	1.3333
314.75	1.3317
314.875	1.3341
315.0	1.3356
315.125	1.3356
315.25	1.338
315.375	1.338
315.5	1.338
315.625	1.3396
315.75	1.3404
315.875	1.3396
316.0	1.3435
316.125	1.3443
316.25	1.3443
316.375	1.3451
316.5	1.3474
316.625	1.349
316.75	1.3459
316.875	1.349
317.0	1.3529
317.125	1.349
317.25	1.3529
317.375	1.3545
317.5	1.3577
317.625	1.3561
317.75	1.3545
317.875	1.3584
318.0	1.3608
318.125	1.3616
318.25	1.3632
318.375	1.3632
318.5	1.3639
318.625	1.3671
318.75	1.3694
318.875	1.3679
319.0	1.3702
319.125	1.3726
319.25	1.3726
319.375	1.3757
319.5	1.3765
319.625	1.3797
319.75	1.3797
319.875	1.382
320.0	1.3844
320.125	1.3867
320.25	1.3883
320.375	1.3899
320.5	1.3922
320.625	1.3938
320.75	1.3954
320.875	1.3962
321.0	1.4009
321.125	1.404
321.25	1.4064
321.375	1.4095
321.5	1.4127
321.625	1.4143
321.75	1.4158
321.875	1.4198
322.0	1.4213
322.125	1.4245
322.25	1.4284
322.375	1.4292
322.5	1.4323
322.625	1.4363
322.75	1.4386
322.875	1.4426
323.0	1.4433
323.125	1.4496
323.25	1.4496
323.375	1.4528
323.5	1.4583
323.625	1.4591
323.75	1.4638
323.875	1.4677
324.0	1.4709
324.125	1.4756
324.25	1.4772
324.375	1.4811
324.5	1.4858
324.625	1.4882
324.75	1.4929
324.875	1.4944
325.0	1.4968
325.125	1.5007
325.25	1.5015
325.375	1.507
325.5	1.5094
325.625	1.5141
325.75	1.5188
325.875	1.5196
326.0	1.5227
326.125	1.5227
326.25	1.5283
326.375	1.5298
326.5	1.533
326.625	1.533
326.75	1.5377
326.875	1.5377
327.0	1.5408
327.125	1.5424
327.25	1.5455
327.375	1.5463
327.5	1.5471
327.625	1.5487
327.75	1.5487
327.875	1.5487
328.0	1.5495
328.125	1.5518
328.25	1.5526
328.375	1.5526
328.5	1.5518
328.625	1.5518
328.75	1.5518
328.875	1.5534
329.0	1.5542
329.125	1.5534
329.25	1.5518
329.375	1.5518
329.5	1.5518
329.625	1.5518
329.75	1.5471
329.875	1.5471
330.0	1.5455
330.125	1.5463
330.25	1.5448
330.375	1.54
330.5	1.5424
330.625	1.5377
330.75	1.5369
330.875	1.5353
331.0	1.533
331.125	1.529
331.25	1.5306
331.375	1.5283
331.5	1.5235
331.625	1.5251
331.75	1.5235
331.875	1.5212
332.0	1.5188
332.125	1.5172
332.25	1.5157
332.375	1.5141
332.5	1.511
332.625	1.5094
332.75	1.5094
332.875	1.5086
333.0	1.5078
333.125	1.5047
333.25	1.5031
333.375	1.5023
333.5	1.5047
333.625	1.5007
333.75	1.4992
333.875	1.5
334.0	1.5
334.125	1.5
334.25	1.4984
334.375	1.4984
334.5	1.4952
334.625	1.4952
334.75	1.4944
334.875	1.4976
335.0	1.4952
335.125	1.4952
335.25	1.4976
335.375	1.4944
335.5	1.4952
335.625	1.4952
335.75	1.496
335.875	1.4944
336.0	1.4937
336.125	1.4952
336.25	1.4952
336.375	1.496
336.5	1.4952
336.625	1.496
336.75	1.4976
336.875	1.5
337.0	1.496
337.125	1.5023
337.25	1.4984
337.375	1.4992
337.5	1.5
337.625	1.5
337.75	1.5023
337.875	1.5007
338.0	1.5015
338.125	1.5015
338.25	1.5023
338.375	1.5015
338.5	1.5015
338.625	1.5031
338.75	1.5015
338.875	1.5047
339.0	1.5047
339.125	1.5047
339.25	1.5047
339.375	1.5055
339.5	1.5047
339.625	1.5047
339.75	1.5047
339.875	1.5039
340.0	1.5047
340.125	1.5055
340.25	1.5047
340.375	1.5047
340.5	1.5047
340.625	1.5031
340.75	1.5031
340.875	1.5031
341.0	1.5047
341.125	1.5007
341.25	1.5015
341.375	1.5023
341.5	1.5023
341.625	1.5023
341.75	1.5047
341.875	1.5007
342.0	1.5
342.125	1.5007
342.25	1.5
342.375	1.5
342.5	1.5
342.625	1.5007
342.75	1.5
342.875	1.4976
343.0	1.4984
343.125	1.4976
343.25	1.5
343.375	1.4984
343.5	1.4992
343.625	1.4992
343.75	1.5
343.875	1.4952
344.0	1.4976
344.125	1.5
344.25	1.4952
344.375	1.5
344.5	1.4992
344.625	1.4992
344.75	1.4968
344.875	1.5
345.0	1.4968
345.125	1.5
345.25	1.4992
345.375	1.4976
345.5	1.4984
345.625	1.4992
345.75	1.5
345.875	1.5
346.0	1.5015
346.125	1.5015
346.25	1.5
346.375	1.5015
346.5	1.5039
346.625	1.5047
346.75	1.5039
346.875	1.5047
347.0	1.5047
347.125	1.5094
347.25	1.5047
347.375	1.507
347.5	1.5094
347.625	1.5094
347.75	1.5094
347.875	1.5078
348.0	1.5094
348.125	1.5102
348.25	1.5094
348.375	1.5125
348.5	1.5141
348.625	1.5141
348.75	1.518
348.875	1.5188
349.0	1.5188
349.125	1.5188
349.25	1.5188
349.375	1.5235
349.5	1.5204
349.625	1.5251
349.75	1.5259
349.875	1.5251
350.0	1.5267
350.125	1.529
350.25	1.5306
350.375	1.5322
350.5	1.5306
350.625	1.533
350.75	1.5353
350.875	1.533
351.0	1.533
351.125	1.5361
351.25	1.5369
351.375	1.54
351.5	1.5377
351.625	1.54
351.75	1.5385
351.875	1.5424
352.0	1.5424
352.125	1.5424
352.25	1.5432
352.375	1.5448
352.5	1.5471
352.625	1.5471
352.75	1.5471
352.875	1.5471
353.0	1.5471
353.125	1.5471
353.25	1.5511
353.375	1.5518
353.5	1.5518
353.625	1.5518
353.75	1.5542
353.875	1.5566
354.0	1.5526
354.125	1.555
354.25	1.5534
354.375	1.5566
354.5	1.5566
354.625	1.5566
354.75	1.5573
354.875	1.5589
355.0	1.5605
355.125	1.5589
355.25	1.5621
355.375	1.5613
355.5	1.5613
355.625	1.5636
355.75	1.566
355.875	1.566
356.0	1.566
356.125	1.5668
356.25	1.5683
356.375	1.5707
356.5	1.5715
356.625	1.5738
356.75	1.5746
356.875	1.577
357.0	1.5754
357.125	1.5801
357.25	1.5801
357.375	1.5801
357.5	1.5825
357.625	1.5833
357.75	1.5849
357.875	1.5841
358.0	1.5856
358.125	1.5888
358.25	1.5849
358.375	1.5896
358.5	1.5872
358.625	1.5896
358.75	1.5864
358.875	1.5888
359.0	1.5896
359.125	1.5896
359.25	1.5888
359.375	1.5911
359.5	1.5904
359.625	1.5896
359.75	1.5919
359.875	1.5919
360.0	1.5943
360.125	1.5919
360.25	1.5943
360.375	1.5943
360.5	1.5959
360.625	1.5974
360.75	1.599
360.875	1.6006
361.0	1.6022
361.125	1.6022
361.25	1.6037
361.375	1.6061
361.5	1.6092
361.625	1.61
361.75	1.6132
361.875	1.6124
362.0	1.6139
362.125	1.6171
362.25	1.6187
362.375	1.6179
362.5	1.6226
362.625	1.6226
362.75	1.6226
362.875	1.6273
363.0	1.6273
363.125	1.6273
363.25	1.632
363.375	1.6312
363.5	1.632
363.625	1.632
363.75	1.6328
363.875	1.6367
364.0	1.6328
364.125	1.6367
364.25	1.6399
364.375	1.6367
364.5	1.6391
364.625	1.6407
364.75	1.6415
364.875	1.643
365.0	1.6438
365.125	1.6462
365.25	1.6477
365.375	1.6501
365.5	1.6509
365.625	1.6517
365.75	1.6533
365.875	1.6556
366.0	1.6564
366.125	1.6588
366.25	1.6603
366.375	1.665
366.5	1.665
366.625	1.6682
366.75	1.6674
366.875	1.6698
367.0	1.6721
367.125	1.6705
367.25	1.6745
367.375	1.6753
367.5	1.6792
367.625	1.6816
367.75	1.68
367.875	1.6792
368.0	1.6855
368.125	1.6855
368.25	1.6886
368.375	1.6886
368.5	1.6894
368.625	1.6933
368.75	1.6949
368.875	1.6981
369.0	1.6981
369.125	1.6981
369.25	1.702
369.375	1.7036
369.5	1.7028
369.625	1.7075
369.75	1.7083
369.875	1.7106
370.0	1.7114
370.125	1.713
370.25	1.7154
370.375	1.7169
370.5	1.7201
370.625	1.7216
370.75	1.7256
370.875	1.7232
371.0	1.7264
371.125	1.7279
371.25	1.7311
371.375	1.7303
371.5	1.7311
371.625	1.7358
371.75	1.7358
371.875	1.7405
372.0	1.7389
372.125	1.7405
372.25	1.7437
372.375	1.7452
372.5	1.746
372.625	1.7476
372.75	1.75
372.875	1.75
373.0	1.7507
373.125	1.7547
373.25	1.7547
373.375	1.757
373.5	1.7594
373.625	1.7617
373.75	1.7625
373.875	1.7641
374.0	1.7649
374.125	1.7672
374.25	1.7688
374.375	1.7704
374.5	1.7735
374.625	1.7735
374.75	1.7743
374.875	1.7751
375.0	1.779
375.125	1.7783
375.25	1.7798
375.375	1.7845
375.5	1.7869
375.625	1.7877
375.75	1.7877
375.875	1.7924
376.0	1.7916
376.125	1.794
376.25	1.7955
376.375	1.7971
376.5	1.7987
376.625	1.8003
376.75	1.8026
376.875	1.805
377.0	1.8066
377.125	1.8089
377.25	1.8113
377.375	1.8121
377.5	1.816
377.625	1.8176
377.75	1.8207
377.875	1.8191
378.0	1.8223
378.125	1.8254
378.25	1.8262
378.375	1.8301
378.5	1.8309
378.625	1.8349
378.75	1.8356
378.875	1.838
379.0	1.8419
379.125	1.8427
379.25	1.849
379.375	1.8474
379.5	1.8498
379.625	1.8537
379.75	1.8522
379.875	1.8584
380.0	1.8584
380.125	1.8624
380.25	1.8632
380.375	1.8671
380.5	1.8679
380.625	1.8726
380.75	1.8734
380.875	1.8765
381.0	1.8773
381.125	1.8812
381.25	1.882
381.375	1.8867
381.5	1.8907
381.625	1.893
381.75	1.893
381.875	1.8954
382.0	1.8962
382.125	1.9001
382.25	1.904
382.375	1.9025
382.5	1.9056
382.625	1.9103
382.75	1.9103
382.875	1.915
383.0	1.915
383.125	1.9182
383.25	1.9198
383.375	1.9205
383.5	1.9261
383.625	1.9268
383.75	1.9292
383.875	1.9292
384.0	1.9323
384.125	1.9339
384.25	1.9386
384.375	1.9394
384.5	1.9394
384.625	1.9433
384.75	1.9457
384.875	1.9481
385.0	1.9457
385.125	1.9496
385.25	1.9512
385.375	1.9528
385.5	1.9559
385.625	1.9583
385.75	1.9575
385.875	1.9575
386.0	1.9622
386.125	1.9622
386.25	1.9646
386.375	1.9646
386.5	1.9669
386.625	1.9669
386.75	1.9677
386.875	1.9716
387.0	1.9685
387.125	1.9716
387.25	1.9716
387.375	1.9716
387.5	1.9764
387.625	1.9748
387.75	1.9764
387.875	1.9764
388.0	1.9779
388.125	1.9811
388.25	1.9811
388.375	1.985
388.5	1.9834
388.625	1.9842
388.75	1.9842
388.875	1.9882
389.0	1.9882
389.125	1.9905
389.25	1.9921
389.375	1.9937
389.5	1.9937
389.625	1.996
389.75	1.996
389.875	2.0
390.0	2.0
390.125	2.0
390.25	2.0047
390.375	2.0047
390.5	2.0094
390.625	2.0102
390.75	2.0141
390.875	2.0141
391.0	2.0188
391.125	2.0196
391.25	2.0235
391.375	2.0235
391.5	2.0275
391.625	2.033
391.75	2.033
391.875	2.0377
392.0	2.04
392.125	2.0432
392.25	2.0503
392.375	2.0542
392.5	2.0589
392.625	2.0613
392.75	2.0668
392.875	2.0707
393.0	2.0762
393.125	2.0801
393.25	2.0872
393.375	2.0919
393.5	2.0982
393.625	2.1037
393.75	2.1077
393.875	2.1155
394.0	2.1194
394.125	2.1257
394.25	2.1336
394.375	2.1422
394.5	2.1509
394.625	2.1564
394.75	2.165
394.875	2.1745
395.0	2.1823
395.125	2.1926
395.25	2.2004
395.375	2.2099
395.5	2.2201
395.625	2.2303
395.75	2.2429
395.875	2.2515
396.0	2.261
396.125	2.2712
396.25	2.2838
396.375	2.2971
396.5	2.3058
396.625	2.3191
396.75	2.3333
396.875	2.3451
397.0	2.36
397.125	2.3726
397.25	2.3907
397.375	2.4048
397.5	2.4213
397.625	2.4347
397.75	2.4551
397.875	2.4669
398.0	2.4858
398.125	2.5039
398.25	2.5227
398.375	2.54
398.5	2.5628
398.625	2.5825
398.75	2.6037
398.875	2.6234
399.0	2.6454
399.125	2.6705
399.25	2.691
399.375	2.7146
399.5	2.7389
399.625	2.7696
399.75	2.7932
399.875	2.8207
400.0	2.8459
400.125	2.8757
400.25	2.9025
400.375	2.9347
400.5	2.9661
400.625	2.9984
400.75	3.033
400.875	3.066
401.0	3.099
401.125	3.1344
401.25	3.1713
401.375	3.2099
401.5	3.246
401.625	3.3133
401.75	3.3502
401.875	3.3919
402.0	3.4359
402.125	3.4792
402.25	3.524
402.375	3.5688
402.5	3.6175
402.625	3.6655
402.75	3.7189
402.875	3.77
403.0	3.8259
403.125	3.884
403.25	3.9367
403.375	3.9902
403.5	4.0554
403.625	4.1175
403.75	4.1812
403.875	4.2417
404.0	4.307
404.125	4.377
404.25	4.4469
404.375	4.5138
404.5	4.5853
404.625	4.6616
404.75	4.7268
404.875	4.7425
405.0	4.7449
405.125	4.7425
405.25	4.7425
405.375	4.7457
405.5	4.7425
405.625	4.7433
405.75	4.7433
405.875	4.7433
406.0	4.7433
406.125	4.7433
406.25	4.7425
406.375	4.7425
406.5	4.7425
406.625	4.7425
406.75	4.7425
406.875	4.7425
407.0	4.7417
407.125	4.7433
407.25	4.7425
407.375	4.7425
407.5	4.7425
407.625	4.7425
407.75	4.7425
407.875	4.7425
408.0	4.7425
408.125	4.741
408.25	4.7425
408.375	4.7433
408.5	4.7425
408.625	4.7425
408.75	4.7425
408.875	4.7425
409.0	4.7425
409.125	4.7425
409.25	4.7425
409.375	4.7417
409.5	4.7433
409.625	4.7425
409.75	4.7425
409.875	4.7425
410.0	4.7417
410.125	4.7425
410.25	4.7425
410.375	4.7425
410.5	4.7417
410.625	4.7425
410.75	4.7425
410.875	4.7417
411.0	4.7417
411.125	4.741
411.25	4.7425
411.375	4.7425
411.5	4.7417
411.625	4.7417
411.75	4.7425
411.875	4.7425
412.0	4.7417
412.125	4.741
412.25	4.7417
412.375	4.7425
412.5	4.7425
412.625	4.7417
412.75	4.7394
412.875	4.7425
413.0	4.741
413.125	4.741
413.25	4.7425
413.375	4.7402
413.5	4.7425
413.625	4.7425
413.75	4.7394
413.875	4.7425
414.0	4.7425
414.125	4.741
414.25	4.7417
414.375	4.741
414.5	4.7402
414.625	4.741
414.75	4.7417
414.875	4.741
415.0	4.7394
415.125	4.7402
415.25	4.7402
415.375	4.7394
415.5	4.741
415.625	4.741
415.75	4.7394
415.875	4.741
416.0	4.7386
416.125	4.7394
416.25	4.7402
416.375	4.7402
416.5	4.741
416.625	4.7402
416.75	4.7386
416.875	4.7378
417.0	4.7378
417.125	4.7402
417.25	4.7402
417.375	4.7394
417.5	4.7378
417.625	4.7378
417.75	4.7378
417.875	4.7378
418.0	4.7402
418.125	4.7386
418.25	4.7378
418.375	4.7378
418.5	4.7378
418.625	4.7386
418.75	4.7378
418.875	4.7394
419.0	4.7378
419.125	4.7386
419.25	4.7378
419.375	4.7378
419.5	4.7386
419.625	4.7378
419.75	4.7378
419.875	4.737
420.0	4.7378
420.125	4.7378
420.25	4.7378
420.375	4.7362
420.5	4.7378
420.625	4.7378
420.75	4.7378
420.875	4.7378
421.0	4.7378
421.125	4.7378
421.25	4.7378
421.375	4.737
421.5	4.7378
421.625	4.737
421.75	4.7378
421.875	4.737
422.0	4.7339
422.125	4.7378
422.25	4.7362
422.375	4.7362
422.5	4.7378
422.625	4.7339
422.75	4.737
422.875	4.7355
423.0	4.7362
423.125	4.7378
423.25	4.7355
423.375	4.7355
423.5	4.7339
423.625	4.7355
423.75	4.7355
423.875	4.7347
424.0	4.7355
424.125	4.7347
424.25	4.7347
424.375	4.7355
424.5	4.7339
424.625	4.7331
424.75	4.7347
424.875	4.7347
425.0	4.7378
425.125	4.7378
425.25	4.7378
425.375	4.737
425.5	4.7355
425.625	4.7331
425.75	4.7331
425.875	4.7339
426.0	4.7331
426.125	4.7331
426.25	4.7331
426.375	4.7331
426.5	4.7331
426.625	4.7339
426.75	4.7331
426.875	4.7347
427.0	4.7331
427.125	4.7331
427.25	4.7331
427.375	4.7347
427.5	4.7331
427.625	4.7331
427.75	4.7331
427.875	4.7331
428.0	4.7331
428.125	4.7315
428.25	4.7323
428.375	4.7331
428.5	4.7331
428.625	4.7323
428.75	4.7307
428.875	4.7323
429.0	4.7323
429.125	4.7315
429.25	4.7315
429.375	4.7292
429.5	4.7315
429.625	4.7292
429.75	4.7315
429.875	4.7307
430.0	4.7307
430.125	4.73
430.25	4.7331
430.375	4.7307
430.5	4.7315
430.625	4.7307
430.75	4.73
430.875	4.7315
431.0	4.7315
431.125	4.7307
431.25	4.7292
431.375	4.7307
431.5	4.73
431.625	4.73
431.75	4.73
431.875	4.7284
432.0	4.7315
432.125	4.73
432.25	4.7315
432.375	4.7307
432.5	4.7323
432.625	4.7307
432.75	4.7315
432.875	4.7307
433.0	4.7307
433.125	4.7307
433.25	4.7323
433.375	4.7315
433.5	4.7323
433.625	4.7284
433.75	4.7307
433.875	4.7292
434.0	4.73
434.125	4.7307
434.25	4.7292
434.375	4.7292
434.5	4.7307
434.625	4.7307
434.75	4.7307
434.875	4.7323
435.0	4.7292
435.125	4.73
435.25	4.7307
435.375	4.7292
435.5	4.7284
435.625	4.73
435.75	4.7292
435.875	4.7284
436.0	4.7284
436.125	4.73
436.25	4.7315
436.375	4.7307
436.5	4.7292
436.625	4.7292
436.75	4.7292
436.875	4.7315
437.0	4.7315
437.125	4.73
437.25	4.7284
437.375	4.7284
437.5	4.7292
437.625	4.7284
437.75	4.73
437.875	4.7292
438.0	4.7284
438.125	4.7284
438.25	4.7315
438.375	4.7284
438.5	4.7292
438.625	4.7307
438.75	4.7307
438.875	4.7284
439.0	4.7284
439.125	4.7284
439.25	4.73
439.375	4.7292
439.5	4.7284
439.625	4.73
439.75	4.73
439.875	4.7284
440.0	4.7284
440.125	4.7284
440.25	4.7292
440.375	4.7284
440.5	4.73
440.625	4.7292
440.75	4.73
440.875	4.7284
441.0	4.7284
441.125	4.73
441.25	4.7292
441.375	4.7292
441.5	4.7284
441.625	4.7292
441.75	4.7292
441.875	4.7284
442.0	4.73
442.125	4.7284
442.25	4.7284
442.375	4.7284
442.5	4.7284
442.625	4.7284
442.75	4.7284
442.875	4.73
443.0	4.7284
443.125	4.7284
443.25	4.7276
443.375	4.7292
443.5	4.7284
443.625	4.7276
443.75	4.7292
443.875	4.7284
444.0	4.7284
444.125	4.73
444.25	4.7284
444.375	4.7284
444.5	4.7284
444.625	4.7284
444.75	4.7276
444.875	4.7284
445.0	4.7292
445.125	4.7284
445.25	4.7284
445.375	4.7284
445.5	4.7284
445.625	4.7284
445.75	4.7284
445.875	4.7284
446.0	4.7284
446.125	4.7284
446.25	4.7284
446.375	4.7276
446.5	4.7292
446.625	4.7284
446.75	4.7284
446.875	4.7284
447.0	4.7276
447.125	4.7284
447.25	4.7284
447.375	4.726
447.5	4.7284
447.625	4.7268
447.75	4.7276
447.875	4.7284
448.0	4.7284
448.125	4.7268
448.25	4.7276
448.375	4.7284
448.5	4.7284
448.625	4.7292
448.75	4.7284
448.875	4.7284
449.0	4.7284
449.125	4.7284
449.25	4.7284
449.375	4.7284
449.5	4.7284
449.625	4.7284
449.75	4.7268
449.875	4.7284
450.0	4.7268
450.125	4.7284
450.25	4.7284
450.375	4.7284
450.5	4.726
450.625	4.7284
450.75	4.7276
450.875	4.7276
451.0	4.7284
451.125	4.7276
451.25	4.7276
451.375	4.7268
451.5	4.7284
451.625	4.7284
451.75	4.73
451.875	4.7284
452.0	4.7284
452.125	4.7284
452.25	4.7284
452.375	4.7276
452.5	4.7284
452.625	4.7276
452.75	4.7268
452.875	4.7284
453.0	4.7268
453.125	4.7268
453.25	4.7284
453.375	4.7284
453.5	4.7284
453.625	4.7284
453.75	4.7268
453.875	4.7284
454.0	4.7284
454.125	4.7284
454.25	4.7284
454.375	4.7284
454.5	4.7284
454.625	4.7284
454.75	4.7284
454.875	4.7276
455.0	4.7276
455.125	4.7276
455.25	4.7284
455.375	4.7276
455.5	4.7284
455.625	4.7276
455.75	4.7315
455.875	4.7284
456.0	4.7292
456.125	4.7292
456.25	4.7307
456.375	4.7292
456.5	4.73
456.625	4.7284
456.75	4.7284
456.875	4.7284
457.0	4.7292
457.125	4.73
457.25	4.7315
457.375	4.7331
457.5	4.7331
457.625	4.7331
457.75	4.7323
457.875	4.7323
458.0	4.7315
458.125	4.7331
458.25	4.7331
458.375	4.7323
458.5	4.7331
458.625	4.7331
458.75	4.7323
458.875	4.7339
459.0	4.7331
459.125	4.7331
459.25	4.7331
459.375	4.7323
459.5	4.7331
459.625	4.7331
459.75	4.7323
459.875	4.7331
460.0	4.7331
460.125	4.7331
460.25	4.7323
460.375	4.7331
460.5	4.7331
460.625	4.7331
460.75	4.7331
460.875	4.7323
461.0	4.7331
461.125	4.7331
461.25	4.7331
461.375	4.7331
461.5	4.7331
461.625	4.7331
461.75	4.7323
461.875	4.7323
462.0	4.7315
462.125	4.7315
462.25	4.7331
462.375	4.7323
462.5	4.7323
462.625	4.7315
462.75	4.7331
462.875	4.7331
463.0	4.7323
463.125	4.7331
463.25	4.7292
463.375	4.73
463.5	4.7307
463.625	4.7315
463.75	4.7315
463.875	4.7323
464.0	4.7307
464.125	4.7307
464.25	4.7292
464.375	4.73
464.5	4.73
464.625	4.7307
464.75	4.73
464.875	4.7315
465.0	4.7284
465.125	4.73
465.25	4.7307
465.375	4.73
465.5	4.7284
465.625	4.7284
465.75	4.7292
465.875	4.7307
466.0	4.7292
466.125	4.7292
466.25	4.73
466.375	4.7284
466.5	4.7307
466.625	4.7315
466.75	4.7284
466.875	4.7284
467.0	4.7315
467.125	4.7339
467.25	4.7331
467.375	4.7331
467.5	4.7331
467.625	4.7331
467.75	4.7307
467.875	4.7331
468.0	4.7331
468.125	4.7323
468.25	4.7331
468.375	4.7331
468.5	4.7307
468.625	4.7331
468.75	4.7331
468.875	4.7315
469.0	4.7331
469.125	4.7323
469.25	4.7331
469.375	4.7307
469.5	4.7307
469.625	4.7307
469.75	4.7292
469.875	4.73
470.0	4.7292
470.125	4.73
470.25	4.7315
470.375	4.7307
470.5	4.7323
470.625	4.73
470.75	4.7307
470.875	4.7315
471.0	4.7331
471.125	4.7323
471.25	4.7307
471.375	4.7292
471.5	4.73
471.625	4.73
471.75	4.7331
471.875	4.7315
472.0	4.7323
472.125	4.7284
472.25	4.7307
472.375	4.7292
472.5	4.7323
472.625	4.7315
472.75	4.7307
472.875	4.73
473.0	4.7307
473.125	4.73
473.25	4.73
473.375	4.7292
473.5	4.7307
473.625	4.7315
473.75	4.7307
473.875	4.7292
474.0	4.73
474.125	4.7307
474.25	4.7307
474.375	4.7307
474.5	4.7307
474.625	4.7315
474.75	4.73
474.875	4.7315
475.0	4.7307
475.125	4.7323
475.25	4.7323
475.375	4.73
475.5	4.7292
475.625	4.73
475.75	4.7315
475.875	4.73
476.0	4.7292
476.125	4.7307
476.25	4.7315
476.375	4.73
476.5	4.7292
476.625	4.73
476.75	4.73
476.875	4.73
477.0	4.7307
477.125	4.7315
477.25	4.7315
477.375	4.73
477.5	4.7315
477.625	4.73
477.75	4.7315
477.875	4.7315
478.0	4.7315
478.125	4.73
478.25	4.7307
478.375	4.7307
478.5	4.73
478.625	4.7323
478.75	4.7292
478.875	4.7315
479.0	4.7315
479.125	4.7307
479.25	4.73
479.375	4.7307
479.5	4.7331
479.625	4.7315
479.75	4.7307
479.875	4.7331
480.0	4.7307
480.125	4.7307
480.25	4.7331
480.375	4.7315
480.5	4.73
480.625	4.7315
480.75	4.73
480.875	4.7307
481.0	4.7292
481.125	4.7315
481.25	4.7292
481.375	4.73
481.5	4.73
481.625	4.7292
481.75	4.7284
481.875	4.7284
482.0	4.73
482.125	4.7292
482.25	4.7315
482.375	4.7284
482.5	4.7284
482.625	4.7307
482.75	4.7292
482.875	4.7284
483.0	4.73
483.125	4.7315
483.25	4.7292
483.375	4.7292
483.5	4.73
483.625	4.7284
483.75	4.7284
483.875	4.7284
484.0	4.7292
484.125	4.7284
484.25	4.7292
484.375	4.7284
484.5	4.7307
484.625	4.7307
484.75	4.7292
484.875	4.7284
485.0	4.7292
485.125	4.7284
485.25	4.7307
485.375	4.7284
485.5	4.7284
485.625	4.7284
485.75	4.7284
485.875	4.7284
486.0	4.7284
486.125	4.7284
486.25	4.73
486.375	4.7307
486.5	4.7284
486.625	4.7292
486.75	4.7284
486.875	4.7292
487.0	4.73
487.125	4.73
487.25	4.73
487.375	4.7284
487.5	4.7284
487.625	4.73
487.75	4.7284
487.875	4.7307
488.0	4.73
488.125	4.7292
488.25	4.7292
488.375	4.7284
488.5	4.7284
488.625	4.7284
488.75	4.7292
488.875	4.73
489.0	4.7284
489.125	4.7292
489.25	4.7284
489.375	4.7292
489.5	4.7284
489.625	4.73
489.75	4.73
489.875	4.7284
490.0	4.7284
490.125	4.7284
490.25	4.7284
490.375	4.7292
490.5	4.7292
490.625	4.7284
490.75	4.73
490.875	4.7292
491.0	4.7284
491.125	4.7284
491.25	4.7292
491.375	4.7292
491.5	4.73
491.625	4.73
491.75	4.7284
491.875	4.73
492.0	4.7284
492.125	4.7307
492.25	4.7292
492.375	4.7284
492.5	4.7292
492.625	4.7284
492.75	4.7307
492.875	4.7284
493.0	4.73
493.125	4.7292
493.25	4.73
493.375	4.7292
493.5	4.7284
493.625	4.73
493.75	4.7292
493.875	4.7284
494.0	4.7284
494.125	4.7284
494.25	4.7284
494.375	4.7284
494.5	4.7292
494.625	4.73
494.75	4.7307
494.875	4.7284
495.0	4.7284
495.125	4.7284
495.25	4.7284
495.375	4.7284
495.5	4.7307
495.625	4.7292
495.75	4.7292
495.875	4.73
496.0	4.73
496.125	4.7307
496.25	4.7284
496.375	4.7307
496.5	4.7292
496.625	4.7284
496.75	4.7284
496.875	4.7284
497.0	4.7284
497.125	4.7284
497.25	4.7284
497.375	4.7284
497.5	4.7292
497.625	4.7284
497.75	4.7284
497.875	4.7276
498.0	4.7292
498.125	4.7284
498.25	4.7284
498.375	4.7284
498.5	4.7292
498.625	4.7284
498.75	4.7284
498.875	4.7284
499.0	4.7284
499.125	4.7284
499.25	4.7276
499.375	4.7284
499.5	4.7292
499.625	4.7284
499.75	4.7284
499.875	4.7307
500.0	4.73
500.125	4.73
500.25	4.7284
500.375	4.73
500.5	4.7292
500.625	4.7284
500.75	4.73
500.875	4.7284
501.0	4.7284
501.125	4.73
501.25	4.73
501.375	4.7284
501.5	4.7284
501.625	4.7284
501.75	4.7292
501.875	4.7307
502.0	4.7292
502.125	4.7292
502.25	4.7284
502.375	4.73
502.5	4.7284
502.625	4.7284
502.75	4.7284
502.875	4.7284
503.0	4.7292
503.125	4.7284
503.25	4.7284
503.375	4.7284
503.5	4.7292
503.625	4.7284
503.75	4.73
503.875	4.7284
504.0	4.7292
504.125	4.7284
504.25	4.7307
504.375	4.7292
504.5	4.7284
504.625	4.7284
504.75	4.7292
504.875	4.7284
505.0	4.7284
505.125	4.7284
505.25	4.7284
505.375	4.7292
505.5	4.73
505.625	4.7284
505.75	4.7292
505.875	4.7292
506.0	4.7292
506.125	4.73
506.25	4.7284
506.375	4.7284
506.5	4.73
506.625	4.7292
506.75	4.7292
506.875	4.7292
507.0	4.7292
507.125	4.7292
507.25	4.7284
507.375	4.73
507.5	4.7284
507.625	4.7292
507.75	4.7284
507.875	4.7284
508.0	4.7284
508.125	4.7284
508.25	4.7284
508.375	4.7292
508.5	4.7292
508.625	4.7284
508.75	4.7284
508.875	4.73
509.0	4.7307
509.125	4.7292
509.25	4.73
509.375	4.7292
509.5	4.7284
509.625	4.7284
509.75	4.7284
509.875	4.7284
510.0	4.73
510.125	4.7284
510.25	4.7284
510.375	4.7284
510.5	4.7284
510.625	4.7284
510.75	4.7292
510.875	4.7284
511.0	4.7292
511.125	4.7284
511.25	4.7292
511.375	4.7284
511.5	4.7284
511.625	4.7284
511.75	4.7284
511.875	4.7284
512.0	4.7284
512.125	4.73
512.25	4.7284
512.375	4.7284
512.5	4.7292
512.625	4.7284
512.75	4.73
512.875	4.7284
513.0	4.7284
513.125	4.7284
513.25	4.7276
513.375	4.7284
513.5	4.7284
513.625	4.7284
513.75	4.7284
513.875	4.7284
514.0	4.7292
514.125	4.73
514.25	4.7284
514.375	4.7284
514.5	4.7284
514.625	4.7284
514.75	4.7292
514.875	4.73
515.0	4.7284
515.125	4.7292
515.25	4.7292
515.375	4.7284
515.5	4.7284
515.625	4.7284
515.75	4.7292
515.875	4.73
516.0	4.7284
516.125	4.7292
516.25	4.7276
516.375	4.7292
516.5	4.73
516.625	4.7307
516.75	4.7292
516.875	4.7284
517.0	4.7284
517.125	4.7292
517.25	4.7284
517.375	4.7284
517.5	4.7292
517.625	4.7292
517.75	4.73
517.875	4.7284
518.0	4.7292
518.125	4.7284
518.25	4.7284
518.375	4.7284
518.5	4.7284
518.625	4.73
518.75	4.7284
518.875	4.7284
519.0	4.7292
519.125	4.7307
519.25	4.7292
519.375	4.73
519.5	4.7284
519.625	4.7292
519.75	4.7292
519.875	4.7284
520.0	4.73
520.125	4.7284
520.25	4.73
520.375	4.7307
520.5	4.7292
520.625	4.7292
520.75	4.7284
520.875	4.7284
521.0	4.7284
521.125	4.7284
521.25	4.7307
521.375	4.7284
521.5	4.7292
521.625	4.7292
521.75	4.7284
521.875	4.7292
522.0	4.7284
522.125	4.73
522.25	4.73
522.375	4.7292
522.5	4.7292
522.625	4.7284
522.75	4.7284
522.875	4.7315
523.0	4.7284
523.125	4.7292
523.25	4.7292
523.375	4.7284
523.5	4.7284
523.625	4.7284
523.75	4.7284
523.875	4.7292
524.0	4.7284
524.125	4.7292
524.25	4.7284
524.375	4.7292
524.5	4.7284
524.625	4.7276
524.75	4.7284
524.875	4.7284
525.0	4.7292
525.125	4.7284
525.25	4.7292
525.375	4.7284
525.5	4.7284
525.625	4.7284
525.75	4.7284
525.875	4.73
526.0	4.7284
526.125	4.7292
526.25	4.7284
526.375	4.7284
526.5	4.7284
526.625	4.7284
526.75	4.7292
526.875	4.7284
527.0	4.7307
527.125	4.7292
527.25	4.7284
527.375	4.7292
527.5	4.7276
527.625	4.7284
527.75	4.7284
527.875	4.7284
528.0	4.7284
528.125	4.73
528.25	4.7284
528.375	4.7292
528.5	4.7284
528.625	4.7292
528.75	4.73
528.875	4.7276
529.0	4.7284
529.125	4.7292
529.25	4.7284
529.375	4.73
529.5	4.7284
529.625	4.73
529.75	4.7284
529.875	4.7292
530.0	4.7307
530.125	4.7284
530.25	4.7284
530.375	4.7284
530.5	4.7284
530.625	4.7284
530.75	4.7284
530.875	4.7276
531.0	4.7284
531.125	4.7284
531.25	4.7284
531.375	4.7292
531.5	4.7284
531.625	4.7284
531.75	4.7292
531.875	4.7284
532.0	4.7284
532.125	4.7284
532.25	4.7292
532.375	4.7284
532.5	4.73
532.625	4.7284
532.75	4.7292
532.875	4.7284
533.0	4.7284
533.125	4.7276
533.25	4.7276
533.375	4.7292
533.5	4.7284
533.625	4.7292
533.75	4.7315
533.875	4.7284
534.0	4.7284
534.125	4.73
534.25	4.7284
534.375	4.7292
534.5	4.73
534.625	4.7284
534.75	4.7284
534.875	4.7292
535.0	4.7284
535.125	4.7284
535.25	4.7284
535.375	4.7292
535.5	4.7284
535.625	4.7284
535.75	4.7292
535.875	4.7292
536.0	4.7292
536.125	4.7284
536.25	4.7284
536.375	4.7284
536.5	4.7292
536.625	4.7292
536.75	4.7284
536.875	4.7284
537.0	4.7292
537.125	4.7284
537.25	4.7292
537.375	4.7284
537.5	4.7292
537.625	4.7284
537.75	4.7284
537.875	4.7284
538.0	4.73
538.125	4.7292
538.25	4.7323
538.375	4.7284
538.5	4.7276
538.625	4.7292
538.75	4.7284
538.875	4.7292
539.0	4.7284
539.125	4.73
539.25	4.7284
539.375	4.73
539.5	4.7284
539.625	4.7292
539.75	4.7292
539.875	4.7276
540.0	4.7284
540.125	4.7284
540.25	4.7284
540.375	4.7284
540.5	4.73
540.625	4.7284
540.75	4.7292
540.875	4.7284
541.0	4.7284
541.125	4.7292
541.25	4.7292
541.375	4.7284
541.5	4.7284
541.625	4.7292
541.75	4.7292
541.875	4.7292
542.0	4.7292
542.125	4.7284
542.25	4.7284
542.375	4.7284
542.5	4.7284
542.625	4.7284
542.75	4.73
542.875	4.7292
543.0	4.7292
543.125	4.7284
543.25	4.7292
543.375	4.73
543.5	4.7284
543.625	4.7284
543.75	4.7284
543.875	4.7284
544.0	4.7292
544.125	4.7292
544.25	4.7284
544.375	4.7284
544.5	4.7292
544.625	4.7284
544.75	4.7284
544.875	4.7292
545.0	4.73
545.125	4.7292
545.25	4.7292
545.375	4.7284
545.5	4.7292
545.625	4.7292
545.75	4.7284
545.875	4.7292
546.0	4.7292
546.125	4.7292
546.25	4.7284
546.375	4.7284
546.5	4.7284
546.625	4.7292
546.75	4.7284
546.875	4.726
547.0	4.7284
547.125	4.73
547.25	4.7284
547.375	4.7284
547.5	4.7284
547.625	4.7284
547.75	4.7292
547.875	4.7284
548.0	4.7284
548.125	4.7284
548.25	4.7276
548.375	4.73
548.5	4.7292
548.625	4.7276
548.75	4.7284
548.875	4.7284
549.0	4.7284
549.125	4.7284
549.25	4.7284
549.375	4.7307
549.5	4.7284
549.625	4.7284
549.75	4.7284
549.875	4.7276
550.0	4.7284
550.125	4.7284
550.25	4.7292
550.375	4.7292
550.5	4.7284
550.625	4.7284
550.75	4.7284
550.875	4.7292
551.0	4.7276
551.125	4.7292
551.25	4.7292
551.375	4.7284
551.5	4.7284
551.625	4.7292
551.75	4.73
551.875	4.7284
552.0	4.73
552.125	4.7284
552.25	4.7284
552.375	4.7284
552.5	4.7284
552.625	4.7284
552.75	4.7292
552.875	4.73
553.0	4.7284
553.125	4.7284
553.25	4.73
553.375	4.73
553.5	4.7292
553.625	4.7292
553.75	4.7276
553.875	4.7292
554.0	4.7292
554.125	4.7292
554.25	4.7284
554.375	4.7292
554.5	4.7292
554.625	4.7284
554.75	4.73
554.875	4.7284
555.0	4.73
555.125	4.7284
555.25	4.7284
555.375	4.7292
555.5	4.7292
555.625	4.73
555.75	4.7292
555.875	4.7284
556.0	4.7284
556.125	4.7284
556.25	4.7292
556.375	4.7284
556.5	4.7292
556.625	4.7292
556.75	4.7284
556.875	4.7284
557.0	4.7284
557.125	4.7292
557.25	4.7284
557.375	4.7284
557.5	4.7284
557.625	4.7284
557.75	4.7284
557.875	4.7276
558.0	4.7284
558.125	4.7292
558.25	4.7284
558.375	4.73
558.5	4.7284
558.625	4.7284
558.75	4.7292
558.875	4.7284
559.0	4.7292
559.125	4.7276
559.25	4.7292
559.375	4.7292
559.5	4.7284
559.625	4.7284
559.75	4.7284
559.875	4.7284
560.0	4.7284
560.125	4.7284
560.25	4.73
560.375	4.7284
560.5	4.7284
560.625	4.7284
560.75	4.7284
560.875	4.7284
561.0	4.7292
561.125	4.7284
561.25	4.7284
561.375	4.7284
561.5	4.7284
561.625	4.7284
561.75	4.7292
561.875	4.7284
562.0	4.7284
562.125	4.7292
562.25	4.7284
562.375	4.7292
562.5	4.73
562.625	4.7284
562.75	4.7284
562.875	4.7284
563.0	4.7284
563.125	4.7284
563.25	4.7276
563.375	4.7284
563.5	4.7276
563.625	4.7284
563.75	4.7292
563.875	4.7292
564.0	4.7292
564.125	4.726
564.25	4.7284
564.375	4.7284
564.5	4.7284
564.625	4.7284
564.75	4.7292
564.875	4.7284
565.0	4.7284
565.125	4.7284
565.25	4.7284
565.375	4.7284
565.5	4.7284
565.625	4.7284
565.75	4.7284
565.875	4.73
566.0	4.7292
566.125	4.7284
566.25	4.7284
566.375	4.73
566.5	4.7307
566.625	4.7292
566.75	4.7307
566.875	4.7284
567.0	4.7284
567.125	4.7284
567.25	4.7284
567.375	4.7284
567.5	4.7307
567.625	4.7307
567.75	4.7284
567.875	4.7284
568.0	4.7284
568.125	4.73
568.25	4.7284
568.375	4.7284
568.5	4.7307
568.625	4.7292
568.75	4.7268
568.875	4.7284
569.0	4.7292
569.125	4.7284
569.25	4.7292
569.375	4.7276
569.5	4.7284
569.625	4.7284
569.75	4.7284
569.875	4.7284
570.0	4.7292
570.125	4.7284
570.25	4.7284
570.375	4.7284
570.5	4.73
570.625	4.7284
570.75	4.7292
570.875	4.7284
571.0	4.7284
571.125	4.7292
571.25	4.7292
571.375	4.7284
571.5	4.7292
571.625	4.7284
571.75	4.7284
571.875	4.7284
572.0	4.7284
572.125	4.7292
572.25	4.7315
572.375	4.73
572.5	4.7284
572.625	4.7284
572.75	4.7284
572.875	4.7292
573.0	4.7292
573.125	4.7292
573.25	4.7284
573.375	4.7284
573.5	4.7292
573.625	4.7292
573.75	4.7292
573.875	4.7284
574.0	4.7284
574.125	4.7284
574.25	4.7292
574.375	4.7307
574.5	4.7284
574.625	4.7292
574.75	4.7292
574.875	4.7284
575.0	4.7284
575.125	4.7284
575.25	4.7284
575.375	4.7284
575.5	4.7284
575.625	4.7284
575.75	4.7284
575.875	4.7284
576.0	4.7284
576.125	4.7276
576.25	4.7284
576.375	4.7307
576.5	4.73
576.625	4.7284
576.75	4.7284
576.875	4.73
577.0	4.7284
577.125	4.7292
577.25	4.7284
577.375	4.7292
577.5	4.73
577.625	4.7284
577.75	4.7292
577.875	4.7284
578.0	4.7292
578.125	4.7284
578.25	4.7284
578.375	4.7284
578.5	4.7292
578.625	4.73
578.75	4.7284
578.875	4.7307
579.0	4.7284
579.125	4.7284
579.25	4.7284
579.375	4.7284
579.5	4.7284
579.625	4.7284
579.75	4.7284
579.875	4.7284
580.0	4.7284
580.125	4.7284
580.25	4.7284
580.375	4.73
580.5	4.73
580.625	4.73
580.75	4.7292
580.875	4.7307
581.0	4.73
581.125	4.7292
581.25	4.7284
581.375	4.7284
581.5	4.73
581.625	4.7292
581.75	4.7292
581.875	4.7315
582.0	4.73
582.125	4.7284
582.25	4.7284
582.375	4.7284
582.5	4.73
582.625	4.7292
582.75	4.7284
582.875	4.73
583.0	4.7284
583.125	4.7284
583.25	4.7284
583.375	4.7292
583.5	4.73
583.625	4.73
583.75	4.7284
583.875	4.7307
584.0	4.73
584.125	4.7284
584.25	4.7292
584.375	4.7307
584.5	4.7315
584.625	4.7292
584.75	4.7292
584.875	4.73
585.0	4.7284
585.125	4.7284
585.25	4.7292
585.375	4.73
585.5	4.7284
585.625	4.7292
585.75	4.7307
585.875	4.7284
586.0	4.7307
586.125	4.73
586.25	4.7307
586.375	4.7292
586.5	4.7284
586.625	4.7284
586.75	4.7284
586.875	4.7284
587.0	4.7268
587.125	4.7284
587.25	4.7292
587.375	4.7284
587.5	4.7307
587.625	4.7292
587.75	4.7284
587.875	4.7284
588.0	4.7284
588.125	4.7284
588.25	4.7284
588.375	4.73
588.5	4.73
588.625	4.7292
588.75	4.7276
588.875	4.7284
589.0	4.7284
589.125	4.7284
589.25	4.7284
589.375	4.7284
589.5	4.7284
589.625	4.73
589.75	4.7284
589.875	4.7292
590.0	4.7292
590.125	4.7292
590.25	4.7284
590.375	4.73
590.5	4.7284
590.625	4.73
590.75	4.7292
590.875	4.7307
591.0	4.7292
591.125	4.7292
591.25	4.7284
591.375	4.7284
591.5	4.7284
591.625	4.7284
591.75	4.7284
591.875	4.73
592.0	4.73
592.125	4.7284
592.25	4.73
592.375	4.7284
592.5	4.7284
592.625	4.7292
592.75	4.7292
592.875	4.7315
593.0	4.7284
593.125	4.7292
593.25	4.7284
593.375	4.7292
593.5	4.73
593.625	4.7307
593.75	4.7284
593.875	4.7292
594.0	4.7315
594.125	4.7284
594.25	4.7292
594.375	4.7292
594.5	4.7292
594.625	4.7292
594.75	4.7284
594.875	4.7284
595.0	4.7292
595.125	4.7284
595.25	4.7284
595.375	4.7292
595.5	4.7292
595.625	4.7284
595.75	4.7284
595.875	4.7284
596.0	4.7284
596.125	4.7284
596.25	4.7284
596.375	4.7284
596.5	4.7292
596.625	4.7292
596.75	4.7284
596.875	4.7284
597.0	4.7284
597.125	4.7284
597.25	4.7284
597.375	4.7284
597.5	4.73
597.625	4.7292
597.75	4.7284
597.875	4.7284
598.0	4.7292
598.125	4.7284
598.25	4.7284
598.375	4.73
598.5	4.7292
598.625	4.73
598.75	4.7284
598.875	4.73
599.0	4.7323
599.125	4.7315
599.25	4.7307
599.375	4.73
599.5	4.7323
599.625	4.73
599.75	4.7307
599.875	4.7331
600.0	4.7307
600.125	4.7292
600.25	4.7284
600.375	4.7307
600.5	4.7292
600.625	4.73
600.75	4.73
600.875	4.7284
601.0	4.7292
601.125	4.7307
601.25	4.7284
601.375	4.73
601.5	4.7284
601.625	4.7284
601.75	4.7315
601.875	4.7307
602.0	4.7315
602.125	4.7315
602.25	4.7323
602.375	4.7315
602.5	4.7307
602.625	4.7315
602.75	4.7315
602.875	4.7315
603.0	4.7307
603.125	4.7292
603.25	4.7292
603.375	4.7284
603.5	4.7292
603.625	4.7307
603.75	4.73
603.875	4.7292
604.0	4.7284
604.125	4.73
604.25	4.73
604.375	4.73
604.5	4.7284
604.625	4.7292
604.75	4.7292
604.875	4.7284
605.0	4.7284
605.125	4.73
605.25	4.7284
605.375	4.7292
605.5	4.7284
605.625	4.7284
605.75	4.7284
605.875	4.7284
606.0	4.7284
606.125	4.7276
606.25	4.7284
606.375	4.7284
606.5	4.7284
606.625	4.7284
606.75	4.7284
606.875	4.7284
607.0	4.7284
607.125	4.7284
607.25	4.7284
607.375	4.7284
607.5	4.7284
607.625	4.7284
607.75	4.7268
607.875	4.7284
608.0	4.7292
608.125	4.7284
608.25	4.7284
608.375	4.7276
608.5	4.7284
608.625	4.7284
608.75	4.7284
608.875	4.7292
609.0	4.7284
609.125	4.7284
609.25	4.7276
609.375	4.7276
609.5	4.7284
609.625	4.7292
609.75	4.7284
609.875	4.7284
610.0	4.7284
610.125	4.7284
610.25	4.7284
610.375	4.7292
610.5	4.7292
610.625	4.7292
610.75	4.7292
610.875	4.7284
611.0	4.7284
611.125	4.7284
611.25	4.7284
611.375	4.7284
611.5	4.7284
611.625	4.7284
611.75	4.7284
611.875	4.7284
612.0	4.7284
612.125	4.7276
612.25	4.7307
612.375	4.7284
612.5	4.7292
612.625	4.7292
612.75	4.7284
612.875	4.7284
613.0	4.7284
613.125	4.7292
613.25	4.7284
613.375	4.7284
613.5	4.7292
613.625	4.7292
613.75	4.7284
613.875	4.7284
614.0	4.7315
614.125	4.73
614.25	4.7284
614.375	4.7284
614.5	4.7284
614.625	4.7284
614.75	4.7307
614.875	4.7292
615.0	4.7292
615.125	4.7284
615.25	4.7292
615.375	4.7284
615.5	4.7292
615.625	4.7284
615.75	4.7284
615.875	4.7284
616.0	4.7284
616.125	4.7284
616.25	4.7284
616.375	4.7284
616.5	4.7284
616.625	4.7276
616.75	4.7292
616.875	4.7284
617.0	4.7276
617.125	4.7276
617.25	4.726
617.375	4.7284
617.5	4.7284
617.625	4.7284
617.75	4.7284
617.875	4.7276
618.0	4.7284
618.125	4.73
618.25	4.7284
618.375	4.7284
618.5	4.7284
618.625	4.7284
618.75	4.7284
618.875	4.7284
619.0	4.7284
619.125	4.7284
619.25	4.7292
619.375	4.7284
619.5	4.7284
619.625	4.7284
619.75	4.73
619.875	4.73
620.0	4.7284
620.125	4.73
620.25	4.7284
620.375	4.7284
620.5	4.7284
620.625	4.7284
620.75	4.7284
620.875	4.7307
621.0	4.7292
621.125	4.73
621.25	4.7284
621.375	4.7284
621.5	4.7292
621.625	4.7284
621.75	4.7284
621.875	4.7284
622.0	4.7284
622.125	4.7276
622.25	4.7284
622.375	4.7284
622.5	4.7284
622.625	4.7292
622.75	4.73
622.875	4.7284
623.0	4.7284
623.125	4.7284
623.25	4.7292
623.375	4.7292
623.5	4.7284
623.625	4.7276
623.75	4.7284
623.875	4.7284
624.0	4.7276
624.125	4.7284
624.25	4.7284
624.375	4.7284
624.5	4.7292
624.625	4.7284
624.75	4.7284
624.875	4.7284
625.0	4.7284
625.125	4.7268
625.25	4.7284
625.375	4.7284
625.5	4.7284
625.625	4.7284
625.75	4.7284
625.875	4.7284
626.0	4.7284
626.125	4.7292
626.25	4.7276
626.375	4.7284
626.5	4.7284
626.625	4.7276
626.75	4.7276
626.875	4.7284
627.0	4.7284
627.125	4.7292
627.25	4.7284
627.375	4.7284
627.5	4.7284
627.625	4.7284
627.75	4.7307
627.875	4.7292
628.0	4.7323
628.125	4.73
628.25	4.73
628.375	4.73
628.5	4.7284
628.625	4.7292
628.75	4.7292
628.875	4.7292
629.0	4.7284
629.125	4.7276
629.25	4.7284
629.375	4.7284
629.5	4.7284
629.625	4.7284
629.75	4.7292
629.875	4.7284
630.0	4.7268
630.125	4.7276
630.25	4.7284
630.375	4.7284
630.5	4.7284
630.625	4.7284
630.75	4.7284
630.875	4.7268
631.0	4.7284
631.125	4.7284
631.25	4.7284
631.375	4.7292
631.5	4.73
631.625	4.7284
631.75	4.7284
631.875	4.7284
632.0	4.7292
632.125	4.7284
632.25	4.7284
632.375	4.7284
632.5	4.7292
632.625	4.7284
632.75	4.7284
632.875	4.7284
633.0	4.7284
633.125	4.7284
633.25	4.7292
633.375	4.7292
633.5	4.7284
633.625	4.7284
633.75	4.7284
633.875	4.7284
634.0	4.7284
634.125	4.7284
634.25	4.7284
634.375	4.7284
634.5	4.7284
634.625	4.7276
634.75	4.7284
634.875	4.7284
635.0	4.7284
635.125	4.7284
635.25	4.7284
635.375	4.7276
635.5	4.7276
635.625	4.7284
635.75	4.7284
635.875	4.7284
636.0	4.7284
636.125	4.73
636.25	4.73
636.375	4.7284
636.5	4.7284
636.625	4.7284
636.75	4.7292
636.875	4.7307
637.0	4.7284
637.125	4.7284
637.25	4.7292
637.375	4.7276
637.5	4.7284
637.625	4.7284
637.75	4.7292
637.875	4.7284
638.0	4.7292
638.125	4.7284
638.25	4.7284
638.375	4.7284
638.5	4.7284
638.625	4.7292
638.75	4.7284
638.875	4.7284
639.0	4.7292
639.125	4.7284
639.25	4.7276
639.375	4.73
639.5	4.7284
639.625	4.7284
639.75	4.7276
639.875	4.7268
640.0	4.7284
640.125	4.7276
640.25	4.7276
640.375	4.7292
640.5	4.7284
640.625	4.7276
640.75	4.7276
640.875	4.7284
641.0	4.7284
641.125	4.7284
641.25	4.7292
641.375	4.7284
641.5	4.7276
641.625	4.7276
641.75	4.7284
641.875	4.7284
642.0	4.7284
642.125	4.7284
642.25	4.7284
642.375	4.7284
642.5	4.7284
642.625	4.7284
642.75	4.7276
642.875	4.7276
643.0	4.7284
643.125	4.7284
643.25	4.7284
643.375	4.7284
643.5	4.7284
643.625	4.7276
643.75	4.7276
643.875	4.7284
644.0	4.7284
644.125	4.7284
644.25	4.7284
644.375	4.7284
644.5	4.7284
644.625	4.7284
644.75	4.7276
644.875	4.7292
645.0	4.7268
645.125	4.7284
645.25	4.7284
645.375	4.7284
645.5	4.7284
645.625	4.726
645.75	4.7284
645.875	4.7284
646.0	4.7284
646.125	4.7284
646.25	4.726
646.375	4.7284
646.5	4.7284
646.625	4.7284
646.75	4.7284
646.875	4.7284
647.0	4.7284
647.125	4.7284
647.25	4.7276
647.375	4.7284
647.5	4.7276
647.625	4.7284
647.75	4.7284
647.875	4.7284
648.0	4.7284
648.125	4.7284
648.25	4.7284
648.375	4.7276
648.5	4.73
648.625	4.7284
648.75	4.7276
648.875	4.7276
649.0	4.7284
649.125	4.7276
649.25	4.7284
649.375	4.7284
649.5	4.7307
649.625	4.7284
649.75	4.7284
649.875	4.7284
650.0	4.7292
650.125	4.7292
650.25	4.7284
650.375	4.7276
650.5	4.7284
650.625	4.7292
650.75	4.7284
650.875	4.7284
651.0	4.7284
651.125	4.7284
651.25	4.7292
651.375	4.7284
651.5	4.7284
651.625	4.7284
651.75	4.7276
651.875	4.7284
652.0	4.7292
652.125	4.7284
652.25	4.7276
652.375	4.7284
652.5	4.7284
652.625	4.7292
652.75	4.7284
652.875	4.7284
653.0	4.7284
653.125	4.73
653.25	4.73
653.375	4.7284
653.5	4.7284
653.625	4.73
653.75	4.7284
653.875	4.7284
654.0	4.7284
654.125	4.7284
654.25	4.7284
654.375	4.7284
654.5	4.7284
654.625	4.7284
654.75	4.7284
654.875	4.7284
655.0	4.7284
655.125	4.7284
655.25	4.7292
655.375	4.7292
655.5	4.7284
655.625	4.7276
655.75	4.7284
655.875	4.7284
656.0	4.7284
656.125	4.7284
656.25	4.7284
656.375	4.7284
656.5	4.7284
656.625	4.7292
656.75	4.7292
656.875	4.7284
657.0	4.7284
657.125	4.7284
657.25	4.7292
657.375	4.7284
657.5	4.7276
657.625	4.7284
657.75	4.7276
657.875	4.7284
658.0	4.7284
658.125	4.7292
658.25	4.7284
658.375	4.7292
658.5	4.7284
658.625	4.7292
658.75	4.7292
658.875	4.7284
659.0	4.7276
659.125	4.7284
659.25	4.7292
659.375	4.73
659.5	4.7292
659.625	4.7284
659.75	4.7276
659.875	4.7284
660.0	4.7284
660.125	4.7284
660.25	4.7284
660.375	4.7284
660.5	4.7284
660.625	4.7284
660.75	4.7284
660.875	4.7284
661.0	4.7284
661.125	4.7284
661.25	4.7292
661.375	4.7276
661.5	4.7284
661.625	4.7284
661.75	4.7292
661.875	4.7284
662.0	4.7284
662.125	4.7284
662.25	4.7284
662.375	4.7292
662.5	4.7276
662.625	4.7284
662.75	4.7284
662.875	4.7284
663.0	4.7292
663.125	4.7284
663.25	4.7284
663.375	4.7284
663.5	4.7292
663.625	4.7284
663.75	4.726
663.875	4.7292
664.0	4.7284
664.125	4.7284
664.25	4.7276
664.375	4.7284
664.5	4.7284
664.625	4.7284
664.75	4.7284
664.875	4.7276
665.0	4.7284
665.125	4.7284
665.25	4.7284
665.375	4.7292
665.5	4.7284
665.625	4.7284
665.75	4.7276
665.875	4.7284
666.0	4.7292
666.125	4.7292
666.25	4.7284
666.375	4.7284
666.5	4.7284
666.625	4.7292
666.75	4.7292
666.875	4.7284
667.0	4.7276
667.125	4.7284
667.25	4.7284
667.375	4.73
667.5	4.7292
667.625	4.7284
667.75	4.73
667.875	4.7284
668.0	4.7292
668.125	4.7284
668.25	4.7284
668.375	4.7284
668.5	4.7284
668.625	4.7284
668.75	4.7292
668.875	4.7284
669.0	4.7284
669.125	4.7284
669.25	4.7292
669.375	4.7284
669.5	4.7284
669.625	4.7284
669.75	4.7284
669.875	4.7284
670.0	4.7284
670.125	4.7284
670.25	4.7284
670.375	4.7284
670.5	4.7284
670.625	4.7292
670.75	4.7292
670.875	4.7284
671.0	4.7284
671.125	4.7284
671.25	4.7284
671.375	4.7284
671.5	4.7284
671.625	4.7284
671.75	4.7284
671.875	4.7292
672.0	4.7284
672.125	4.7292
672.25	4.7292
672.375	4.73
672.5	4.7284
672.625	4.7284
672.75	4.7284
672.875	4.7292
673.0	4.7284
673.125	4.7292
673.25	4.7284
673.375	4.7284
673.5	4.7284
673.625	4.7284
673.75	4.7292
673.875	4.7284
674.0	4.7284
674.125	4.7284
674.25	4.7284
674.375	4.7307
674.5	4.7284
674.625	4.7284
674.75	4.7284
674.875	4.7284
675.0	4.7284
675.125	4.7292
675.25	4.7284
675.375	4.7284
675.5	4.7276
675.625	4.73
675.75	4.7284
675.875	4.7292
676.0	4.7292
676.125	4.7284
676.25	4.73
676.375	4.7284
676.5	4.7284
676.625	4.7284
676.75	4.7284
676.875	4.7284
677.0	4.7292
677.125	4.7284
677.25	4.73
677.375	4.7292
677.5	4.7307
677.625	4.7284
677.75	4.7284
677.875	4.7292
678.0	4.73
678.125	4.7292
678.25	4.7284
678.375	4.7292
678.5	4.7292
678.625	4.7292
678.75	4.7284
678.875	4.73
679.0	4.73
679.125	4.7284
679.25	4.7315
679.375	4.7307
679.5	4.73
679.625	4.73
679.75	4.7284
679.875	4.7323
680.0	4.7292
680.125	4.7292
680.25	4.7292
680.375	4.73
680.5	4.73
680.625	4.73
680.75	4.7307
680.875	4.7292
681.0	4.7307
681.125	4.7323
681.25	4.73
681.375	4.7307
681.5	4.7307
681.625	4.7323
681.75	4.7315
681.875	4.7307
682.0	4.7315
682.125	4.7307
682.25	4.7307
682.375	4.7292
682.5	4.7307
682.625	4.7292
682.75	4.7315
682.875	4.7315
683.0	4.7323
683.125	4.7323
683.25	4.7331
683.375	4.7331
683.5	4.7323
683.625	4.7323
683.75	4.7307
683.875	4.7331
684.0	4.7323
684.125	4.7331
684.25	4.7315
684.375	4.7331
684.5	4.7323
684.625	4.7323
684.75	4.7331
684.875	4.73
685.0	4.7323
685.125	4.7331
685.25	4.7331
685.375	4.7331
685.5	4.7323
685.625	4.7331
685.75	4.7339
685.875	4.7331
686.0	4.7323
686.125	4.7331
686.25	4.7323
686.375	4.7331
686.5	4.7339
686.625	4.7307
686.75	4.7323
686.875	4.7331
687.0	4.7331
687.125	4.7323
687.25	4.7323
687.375	4.7323
687.5	4.7331
687.625	4.7331
687.75	4.7331
687.875	4.7339
688.0	4.7331
688.125	4.7323
688.25	4.7339
688.375	4.7331
688.5	4.7331
688.625	4.7331
688.75	4.7331
688.875	4.7331
689.0	4.7339
689.125	4.7331
689.25	4.7307
689.375	4.7331
689.5	4.7331
689.625	4.7339
689.75	4.7331
689.875	4.7331
690.0	4.7331
690.125	4.7339
690.25	4.7331
690.375	4.7331
690.5	4.7331
690.625	4.7331
690.75	4.7339
690.875	4.7331
691.0	4.7331
691.125	4.7331
691.25	4.7331
691.375	4.7339
691.5	4.7331
691.625	4.7331
691.75	4.7347
691.875	4.7347
692.0	4.7331
692.125	4.7347
692.25	4.7331
692.375	4.7331
692.5	4.7331
692.625	4.7339
692.75	4.7331
692.875	4.7331
693.0	4.7331
693.125	4.7331
693.25	4.7339
693.375	4.7339
693.5	4.7347
693.625	4.7339
693.75	4.7331
693.875	4.7331
694.0	4.7347
694.125	4.7355
694.25	4.7339
694.375	4.7355
694.5	4.7362
694.625	4.7347
694.75	4.7355
694.875	4.7339
695.0	4.7339
695.125	4.7347
695.25	4.7331
695.375	4.7355
695.5	4.7331
695.625	4.7339
695.75	4.7347
695.875	4.7362
696.0	4.7339
696.125	4.7355
696.25	4.7331
696.375	4.7339
696.5	4.7355
696.625	4.7347
696.75	4.7355
696.875	4.7362
697.0	4.7339
697.125	4.7331
697.25	4.7355
697.375	4.7378
697.5	4.7347
697.625	4.7355
697.75	4.7355
697.875	4.7355
698.0	4.737
698.125	4.7339
698.25	4.7355
698.375	4.737
698.5	4.7362
698.625	4.7362
698.75	4.7355
698.875	4.7362
699.0	4.7347
699.125	4.737
699.25	4.7355
699.375	4.7331
699.5	4.7362
699.625	4.7347
699.75	4.7339
699.875	4.7362
700.0	4.7355
700.125	4.737
700.25	4.737
700.375	4.737
700.5	4.7378
700.625	4.7355
700.75	4.7347
700.875	4.7339
701.0	4.7362
701.125	4.7362
701.25	4.7355
701.375	4.737
701.5	4.7378
701.625	4.7378
701.75	4.7355
701.875	4.737
702.0	4.7362
702.125	4.7347
702.25	4.737
702.375	4.7347
702.5	4.7347
702.625	4.7362
702.75	4.737
702.875	4.737
703.0	4.7362
703.125	4.7362
703.25	4.737
703.375	4.7362
703.5	4.7362
703.625	4.7347
703.75	4.7347
703.875	4.737
704.0	4.7378
704.125	4.737
704.25	4.7378
704.375	4.7378
704.5	4.737
704.625	4.7362
704.75	4.7378
704.875	4.737
705.0	4.737
705.125	4.7355
705.25	4.7362
705.375	4.7355
705.5	4.7355
705.625	4.7378
705.75	4.737
705.875	4.7355
706.0	4.7355
706.125	4.737
706.25	4.7362
706.375	4.7378
706.5	4.737
706.625	4.7355
706.75	4.7355
706.875	4.7378
707.0	4.7378
707.125	4.7362
707.25	4.737
707.375	4.737
707.5	4.7378
707.625	4.7378
707.75	4.7355
707.875	4.7378
708.0	4.737
708.125	4.7378
708.25	4.7378
708.375	4.7378
708.5	4.737
708.625	4.7378
708.75	4.7386
708.875	4.737
709.0	4.7378
709.125	4.7378
709.25	4.7378
709.375	4.7378
709.5	4.7355
709.625	4.7378
709.75	4.7378
709.875	4.7378
710.0	4.7378
710.125	4.737
710.25	4.7362
710.375	4.737
710.5	4.737
710.625	4.7378
710.75	4.7378
710.875	4.7378
711.0	4.7378
711.125	4.7378
711.25	4.737
711.375	4.7362
711.5	4.7378
711.625	4.7378
711.75	4.7378
711.875	4.737
712.0	4.737
712.125	4.7378
712.25	4.7378
712.375	4.7378
712.5	4.7378
712.625	4.7378
712.75	4.7362
712.875	4.7386
713.0	4.7378
713.125	4.7378
713.25	4.7378
713.375	4.737
713.5	4.7378
713.625	4.737
713.75	4.7355
713.875	4.7378
714.0	4.7378
714.125	4.7378
714.25	4.7378
714.375	4.7378
714.5	4.7355
714.625	4.737
714.75	4.7378
714.875	4.7378
715.0	4.7362
715.125	4.7378
715.25	4.7378
715.375	4.7378
715.5	4.7378
715.625	4.737
715.75	4.7378
715.875	4.7378
716.0	4.7378
716.125	4.7378
716.25	4.7378
716.375	4.7378
716.5	4.7378
716.625	4.7378
716.75	4.7362
716.875	4.7378
717.0	4.7378
717.125	4.7378
717.25	4.7378
717.375	4.7378
717.5	4.7378
717.625	4.7394
717.75	4.7378
717.875	4.7378
718.0	4.7378
718.125	4.7378
718.25	4.7362
718.375	4.7378
718.5	4.7378
718.625	4.7378
718.75	4.7394
718.875	4.7378
719.0	4.7362
719.125	4.7378
719.25	4.7378
719.375	4.7394
719.5	4.7386
719.625	4.7378
719.75	4.7378
719.875	4.7378
720.0	4.7378
720.125	4.7378
720.25	4.7378
720.375	4.7378
720.5	4.7394
720.625	4.7378
720.75	4.7378
720.875	4.7378
721.0	4.7378
721.125	4.7394
721.25	4.7378
721.375	4.7378
721.5	4.7378
721.625	4.7378
721.75	4.7378
721.875	4.7378
722.0	4.7386
722.125	4.7378
722.25	4.7378
722.375	4.737
722.5	4.7378
722.625	4.7378
722.75	4.7378
722.875	4.7378
723.0	4.7378
723.125	4.7378
723.25	4.7378
723.375	4.7378
723.5	4.7378
723.625	4.7394
723.75	4.7378
723.875	4.7386
724.0	4.7378
724.125	4.7386
724.25	4.7394
724.375	4.7386
724.5	4.7394
724.625	4.7378
724.75	4.7378
724.875	4.7378
725.0	4.7394
725.125	4.7378
725.25	4.7394
725.375	4.7378
725.5	4.7378
725.625	4.7378
725.75	4.7378
725.875	4.7386
726.0	4.7378
726.125	4.7378
726.25	4.7386
726.375	4.7378
726.5	4.7386
726.625	4.7378
726.75	4.7378
726.875	4.7394
727.0	4.7378
727.125	4.7386
727.25	4.7394
727.375	4.7402
727.5	4.7386
727.625	4.7386
727.75	4.7378
727.875	4.7386
728.0	4.7378
728.125	4.7394
728.25	4.7386
728.375	4.7402
728.5	4.7386
728.625	4.7386
728.75	4.7386
728.875	4.7386
729.0	4.7386
729.125	4.7378
729.25	4.7386
729.375	4.737
729.5	4.7378
729.625	4.7378
729.75	4.7378
729.875	4.7386
730.0	4.7394
730.125	4.737
730.25	4.7378
730.375	4.7386
730.5	4.7378
730.625	4.7402
730.75	4.7394
730.875	4.7378
731.0	4.7378
731.125	4.7378
731.25	4.737
731.375	4.7386
731.5	4.737
731.625	4.7378
731.75	4.7378
731.875	4.7394
732.0	4.7386
732.125	4.7378
732.25	4.7386
732.375	4.7402
732.5	4.7394
732.625	4.7386
732.75	4.7386
732.875	4.7378
733.0	4.7394
733.125	4.7378
733.25	4.7386
733.375	4.7378
733.5	4.7378
733.625	4.7378
733.75	4.7386
733.875	4.7394
734.0	4.7378
734.125	4.7378
734.25	4.7378
734.375	4.7378
734.5	4.7386
734.625	4.7402
734.75	4.7394
734.875	4.7402
735.0	4.7378
735.125	4.7386
735.25	4.7402
735.375	4.7386
735.5	4.7378
735.625	4.7386
735.75	4.7386
735.875	4.7402
736.0	4.7378
736.125	4.7386
736.25	4.7402
736.375	4.7394
736.5	4.7378
736.625	4.7386
736.75	4.7402
736.875	4.7386
737.0	4.7402
737.125	4.7378
737.25	4.7378
737.375	4.7394
737.5	4.7386
737.625	4.7394
737.75	4.7386
737.875	4.7378
738.0	4.7386
738.125	4.7378
738.25	4.7378
738.375	4.7378
738.5	4.741
738.625	4.7394
738.75	4.7394
738.875	4.7394
739.0	4.741
739.125	4.7386
739.25	4.7394
739.375	4.7402
739.5	4.7394
739.625	4.7402
739.75	4.7402
739.875	4.7417
740.0	4.7402
740.125	4.7402
740.25	4.7402
740.375	4.741
740.5	4.741
740.625	4.7417
740.75	4.7417
740.875	4.7425
741.0	4.7402
741.125	4.7386
741.25	4.741
741.375	4.741
741.5	4.7402
741.625	4.7378
741.75	4.7394
741.875	4.7386
742.0	4.741
742.125	4.7378
742.25	4.7386
742.375	4.7402
742.5	4.7386
742.625	4.7394
742.75	4.7402
742.875	4.741
743.0	4.7386
743.125	4.741
743.25	4.7425
743.375	4.7402
743.5	4.741
743.625	4.7402
743.75	4.7402
743.875	4.7386
744.0	4.7378
744.125	4.7386
744.25	4.7402
744.375	4.7394
744.5	4.7417
744.625	4.741
744.75	4.7394
744.875	4.7394
745.0	4.7394
745.125	4.7394
745.25	4.7417
745.375	4.7378
745.5	4.7394
745.625	4.7402
745.75	4.7378
745.875	4.7394
746.0	4.7425
746.125	4.7394
746.25	4.7394
746.375	4.7386
746.5	4.7402
746.625	4.7394
746.75	4.7402
746.875	4.7386
747.0	4.7394
747.125	4.7394
747.25	4.7402
747.375	4.7402
747.5	4.7386
747.625	4.7394
747.75	4.7394
747.875	4.7402
748.0	4.7402
748.125	4.7394
748.25	4.7402
748.375	4.7394
748.5	4.7394
748.625	4.7402
748.75	4.7402
748.875	4.7402
749.0	4.7394
749.125	4.7394
749.25	4.741
749.375	4.7402
749.5	4.7402
749.625	4.7378
749.75	4.7402
749.875	4.7386
750.0	4.7378
750.125	4.7425
750.25	4.741
750.375	4.7402
750.5	4.7386
750.625	4.7378
750.75	4.7386
750.875	4.7394
751.0	4.7394
751.125	4.7386
751.25	4.7402
751.375	4.7402
751.5	4.7402
751.625	4.7386
751.75	4.7394
751.875	4.7386
752.0	4.7394
752.125	4.7386
752.25	4.7417
752.375	4.7417
752.5	4.7394
752.625	4.7394
752.75	4.7378
752.875	4.7386
753.0	4.7237
753.125	4.6985
753.25	4.6741
753.375	4.649
753.5	4.6309
753.625	4.6073
753.75	4.5869
753.875	4.5609
754.0	4.5397
754.125	4.5145
754.25	4.4933
754.375	4.4689
754.5	4.4469
754.625	4.4289
754.75	4.4037
754.875	4.3817
755.0	4.3589
755.125	4.3416
755.25	4.3164
755.375	4.2952
755.5	4.2724
755.625	4.2583
755.75	4.23
755.875	4.2103
756.0	4.193
756.125	4.1726
756.25	4.1521
756.375	4.134
756.5	4.112
756.625	4.0924
756.75	4.0735
756.875	4.0554
757.0	4.0342
757.125	4.0114
757.25	3.9949
757.375	3.9737
757.5	3.9556
757.625	3.9336
757.75	3.9163
757.875	3.8966
758.0	3.8785
758.125	3.8636
758.25	3.8416
758.375	3.8251
758.5	3.807
758.625	3.7897
758.75	3.7732
758.875	3.7575
759.0	3.7386
759.125	3.7197
759.25	3.7001
759.375	3.6851
759.5	3.6663
759.625	3.649
759.75	3.6301
759.875	3.6144
760.0	3.5994
760.125	3.5845
760.25	3.5672
760.375	3.5491
760.5	3.5326
760.625	3.52
760.75	3.5028
760.875	3.487
761.0	3.4682
761.125	3.454
761.25	3.4391
761.375	3.4249
761.5	3.4076
761.625	3.3919
761.75	3.3762
761.875	3.362
762.0	3.3463
762.125	3.3314
762.25	3.3117
762.375	3.2735
762.5	3.261
762.625	3.2429
762.75	3.2295
762.875	3.2169
763.0	3.2004
763.125	3.1871
763.25	3.169
763.375	3.154
763.5	3.1422
763.625	3.1297
763.75	3.1139
763.875	3.099
764.0	3.0904
764.125	3.0738
764.25	3.0597
764.375	3.0479
764.5	3.0345
764.625	3.0212
764.75	3.007
764.875	2.9944
765.0	2.9795
765.125	2.9669
765.25	2.9528
765.375	2.9418
765.5	2.9268
765.625	2.9143
765.75	2.9048
765.875	2.8915
766.0	2.8789
766.125	2.8671
766.25	2.8522
766.375	2.8427
766.5	2.8301
766.625	2.8207
766.75	2.8097
766.875	2.7932
767.0	2.7853
767.125	2.7727
767.25	2.757
767.375	2.7492
767.5	2.7366
767.625	2.7256
767.75	2.7169
767.875	2.7012
768.0	2.6949
768.125	2.6831
768.25	2.6721
768.375	2.6603
768.5	2.6477
768.625	2.6415
768.75	2.632
768.875	2.6187
769.0	2.6077
769.125	2.5974
769.25	2.5872
769.375	2.5794
769.5	2.5699
769.625	2.5581
769.75	2.5463
769.875	2.5416
770.0	2.5267
770.125	2.5188
770.25	2.5086
770.375	2.5
770.5	2.4905
770.625	2.4811
770.75	2.4709
770.875	2.4614
771.0	2.4496
771.125	2.4457
771.25	2.4323
771.375	2.4284
771.5	2.419
771.625	2.408
771.75	2.4001
771.875	2.3922
772.0	2.382
772.125	2.3742
772.25	2.3639
772.375	2.3569
772.5	2.349
772.625	2.3396
772.75	2.3301
772.875	2.3262
773.0	2.3176
773.125	2.3105
773.25	2.3011
773.375	2.2924
773.5	2.2853
773.625	2.2751
773.75	2.2688
773.875	2.2586
774.0	2.2531
774.125	2.2437
774.25	2.2374
774.375	2.2279
774.5	2.2224
774.625	2.2138
774.75	2.2075
774.875	2.1988
775.0	2.1933
775.125	2.1831
775.25	2.1776
775.375	2.1721
775.5	2.1635
775.625	2.1564
775.75	2.1493
775.875	2.143
776.0	2.1391
776.125	2.1297
776.25	2.121
776.375	2.1163
776.5	2.1084
776.625	2.1014
776.75	2.0943
776.875	2.0888
777.0	2.0809
777.125	2.0738
777.25	2.0683
777.375	2.0613
777.5	2.055
777.625	2.0479
777.75	2.044
777.875	2.0361
778.0	2.033
778.125	2.0275
778.25	2.0204
778.375	2.011
778.5	2.007
778.625	2.0007
778.75	1.9952
778.875	1.9882
779.0	1.9795
779.125	1.9756
779.25	1.9701
779.375	1.963
779.5	1.9599
779.625	1.9551
779.75	1.9465
779.875	1.9433
780.0	1.9371
780.125	1.9323
780.25	1.9237
780.375	1.9198
780.5	1.9127
780.625	1.9095
780.75	1.9017
780.875	1.8962
781.0	1.8915
781.125	1.886
781.25	1.882
781.375	1.8757
781.5	1.8679
781.625	1.8655
781.75	1.86
781.875	1.8537
782.0	1.8474
782.125	1.8435
782.25	1.8364
782.375	1.8341
782.5	1.8278
782.625	1.8223
782.75	1.8176
782.875	1.8113
783.0	1.8105
783.125	1.8034
783.25	1.7963
783.375	1.794
783.5	1.7893
783.625	1.7814
783.75	1.7767
783.875	1.7735
784.0	1.7672
784.125	1.7641
784.25	1.7586
784.375	1.7507
784.5	1.7484
784.625	1.7476
784.75	1.7413
784.875	1.7358
785.0	1.7311
785.125	1.7264
785.25	1.7216
785.375	1.7169
785.5	1.7122
785.625	1.7083
785.75	1.7028
785.875	1.6988
786.0	1.6957
786.125	1.691
786.25	1.6847
786.375	1.6816
786.5	1.6784
786.625	1.6745
786.75	1.669
786.875	1.6666
787.0	1.658
787.125	1.6564
787.25	1.6525
787.375	1.6477
787.5	1.6462
787.625	1.6391
787.75	1.6367
787.875	1.6336
788.0	1.6289
788.125	1.6226
788.25	1.6194
788.375	1.6147
788.5	1.6116
788.625	1.6108
788.75	1.6014
788.875	1.6014
789.0	1.5943
789.125	1.5919
789.25	1.5872
789.375	1.5833
789.5	1.5817
789.625	1.5786
789.75	1.5746
789.875	1.5715
790.0	1.5676
790.125	1.5613
790.25	1.5581
790.375	1.555
790.5	1.5511
790.625	1.5487
790.75	1.5432
790.875	1.5393
791.0	1.5385
791.125	1.5353
791.25	1.5322
791.375	1.5267
791.5	1.5251
791.625	1.5235
791.75	1.5188
791.875	1.5141
792.0	1.5133
792.125	1.5086
792.25	1.5047
792.375	1.5047
792.5	1.5007
792.625	1.4976
792.75	1.4968
792.875	1.4921
793.0	1.4905
793.125	1.4858
793.25	1.4842
793.375	1.4795
793.5	1.4779
793.625	1.4748
793.75	1.4716
793.875	1.4716
794.0	1.4669
794.125	1.463
794.25	1.4606
794.375	1.4591
794.5	1.4559
794.625	1.4528
794.75	1.452
794.875	1.4481
795.0	1.4457
795.125	1.4433
795.25	1.4418
795.375	1.4378
795.5	1.4371
795.625	1.4339
795.75	1.4323
795.875	1.4292
796.0	1.4284
796.125	1.4261
796.25	1.4229
796.375	1.4198
796.5	1.4198
796.625	1.415
796.75	1.415
796.875	1.4127
797.0	1.4103
797.125	1.4064
797.25	1.408
797.375	1.4056
797.5	1.4001
797.625	1.4009
797.75	1.3985
797.875	1.397
798.0	1.3946
798.125	1.393
798.25	1.3938
798.375	1.3915
798.5	1.3867
798.625	1.3867
798.75	1.3844
798.875	1.3836
799.0	1.382
799.125	1.382
799.25	1.3805
799.375	1.3773
799.5	1.3757
799.625	1.3726
799.75	1.3726
799.875	1.3726
800.0	1.3718
800.125	1.3702
800.25	1.3679
800.375	1.3671
800.5	1.3671
800.625	1.3647
800.75	1.3655
800.875	1.3624
801.0	1.3616
801.125	1.3616
801.25	1.3584
801.375	1.3584
801.5	1.3553
801.625	1.3537
801.75	1.3553
801.875	1.3537
802.0	1.3537
802.125	1.3537
802.25	1.3529
802.375	1.3529
802.5	1.3514
802.625	1.349
802.75	1.349
802.875	1.349
803.0	1.3482
803.125	1.3482
803.25	1.3459
803.375	1.3459
803.5	1.3443
803.625	1.3443
803.75	1.3443
803.875	1.3435
804.0	1.3443
804.125	1.3404
804.25	1.3396
804.375	1.3396
804.5	1.3411
804.625	1.3419
804.75	1.3411
804.875	1.3411
805.0	1.3396
805.125	1.3396
805.25	1.3396
805.375	1.338
805.5	1.3388
805.625	1.338
805.75	1.338
805.875	1.3396
806.0	1.3372
806.125	1.3364
806.25	1.3388
806.375	1.3388
806.5	1.338
806.625	1.3419
806.75	1.3396
806.875	1.3396
807.0	1.3396
807.125	1.3404
807.25	1.3411
807.375	1.3396
807.5	1.3396
807.625	1.3411
807.75	1.3411
807.875	1.3419
808.0	1.3443
808.125	1.3443
808.25	1.3443
808.375	1.3443
808.5	1.3482
808.625	1.3466
808.75	1.3466
808.875	1.349
809.0	1.3466
809.125	1.349
809.25	1.3498
809.375	1.349
809.5	1.3506
809.625	1.3522
809.75	1.3537
809.875	1.3537
810.0	1.3537
810.125	1.3561
810.25	1.3584
810.375	1.3584
810.5	1.36
810.625	1.3608
810.75	1.3624
810.875	1.3624
811.0	1.3655
811.125	1.3671
811.25	1.3679
811.375	1.3679
811.5	1.3702
811.625	1.3726
811.75	1.3742
811.875	1.3757
812.0	1.3773
812.125	1.3781
812.25	1.3805
812.375	1.382
812.5	1.3867
812.625	1.3899
812.75	1.3899
812.875	1.3915
813.0	1.3922
813.125	1.3938
813.25	1.3962
813.375	1.4001
813.5	1.4009
813.625	1.4033
813.75	1.4064
813.875	1.4072
814.0	1.4103
814.125	1.415
814.25	1.4182
814.375	1.4213
814.5	1.4237
814.625	1.4261
814.75	1.4268
814.875	1.4323
815.0	1.4331
815.125	1.4386
815.25	1.4394
815.375	1.4441
815.5	1.4488
815.625	1.4496
815.75	1.4528
815.875	1.4559
816.0	1.4591
816.125	1.4622
816.25	1.4677
816.375	1.4716
816.5	1.474
816.625	1.4772
816.75	1.4819
816.875	1.485
817.0	1.4889
817.125	1.4944
817.25	1.4976
817.375	1.5
817.5	1.5047
817.625	1.5094
817.75	1.511
817.875	1.5165
818.0	1.5188
818.125	1.5251
818.25	1.5283
818.375	1.5353
818.5	1.5416
818.625	1.544
818.75	1.5487
818.875	1.555
819.0	1.5573
819.125	1.5636
819.25	1.5668
819.375	1.5738
819.5	1.5754
819.625	1.5817
819.75	1.5872
819.875	1.5935
820.0	1.599
820.125	1.6045
820.25	1.6069
820.375	1.6132
820.5	1.6194
820.625	1.625
820.75	1.6297
820.875	1.6375
821.0	1.6446
821.125	1.647
821.25	1.6564
821.375	1.6619
821.5	1.6674
821.625	1.6713
821.75	1.68
821.875	1.6839
822.0	1.691
822.125	1.6988
822.25	1.7051
822.375	1.713
822.5	1.7177
822.625	1.7256
822.75	1.7311
822.875	1.7382
823.0	1.7437
823.125	1.7547
823.25	1.7586
823.375	1.7641
823.5	1.7735
823.625	1.779
823.75	1.7885
823.875	1.794
824.0	1.8034
824.125	1.8105
824.25	1.8176
824.375	1.8246
824.5	1.8333
824.625	1.8388
824.75	1.849
824.875	1.8569
825.0	1.8647
825.125	1.8726
825.25	1.8812
825.375	1.8891
825.5	1.8993
825.625	1.9033
825.75	1.9158
825.875	1.9229
826.0	1.9347
826.125	1.9433
826.25	1.9481
826.375	1.9575
826.5	1.9654
826.625	1.974
826.75	1.985
826.875	1.9937
827.0	2.0055
827.125	2.0149
827.25	2.0212
827.375	2.0314
827.5	2.0408
827.625	2.0495
827.75	2.0581
827.875	2.0723
828.0	2.0825
828.125	2.0888
828.25	2.1014
828.375	2.11
828.5	2.121
828.625	2.1305
828.75	2.143
828.875	2.1525
829.0	2.1635
829.125	2.1713
829.25	2.1831
829.375	2.1949
829.5	2.2091
829.625	2.2177
829.75	2.2287
829.875	2.2366
830.0	2.2523
830.125	2.2617
830.25	2.2735
830.375	2.2869
830.5	2.3003
830.625	2.3081
830.75	2.3207
830.875	2.338
831.0	2.3451
831.125	2.3577
831.25	2.3718
831.375	2.386
831.5	2.3962
831.625	2.4088
831.75	2.4237
831.875	2.4355
832.0	2.4465
832.125	2.4606
832.25	2.474
832.375	2.4866
832.5	2.4984
832.625	2.5117
832.75	2.5283
832.875	2.5377
833.0	2.5542
833.125	2.566
833.25	2.5809
833.375	2.5974
833.5	2.6084
833.625	2.6265
833.75	2.6375
833.875	2.6517
834.0	2.6682
834.125	2.6831
834.25	2.6996
834.375	2.7091
834.5	2.7264
834.625	2.746
834.75	2.7586
834.875	2.7759
835.0	2.7877
835.125	2.8073
835.25	2.8223
835.375	2.8372
835.5	2.8522
835.625	2.8679
835.75	2.8852
835.875	2.9009
836.0	2.9135
836.125	2.9347
836.25	2.9496
836.375	2.9661
836.5	2.9803
836.625	2.9992
836.75	3.0172
836.875	3.0306
837.0	3.0479
837.125	3.0668
837.25	3.0833
837.375	3.1022
837.5	3.1187
837.625	3.1383
837.75	3.1572
837.875	3.1761
838.0	3.1926
838.125	3.213
838.25	3.2319
838.375	3.2476
838.5	3.268
838.625	3.3117
838.75	3.3298
838.875	3.3502
839.0	3.3667
839.125	3.388
839.25	3.4061
839.375	3.4257
839.5	3.4446
839.625	3.4627
839.75	3.4847
839.875	3.5028
840.0	3.5232
840.125	3.5444
840.25	3.5641
840.375	3.5837
840.5	3.605
840.625	3.6222
840.75	3.6474
840.875	3.6702
841.0	3.6875
841.125	3.7103
841.25	3.7292
841.375	3.7504
841.5	3.7708
841.625	3.7913
841.75	3.8133
841.875	3.8361
842.0	3.8589
842.125	3.8762
842.25	3.899
842.375	3.9202
842.5	3.9414
842.625	3.965
842.75	3.9862
842.875	4.0098
843.0	4.0318
843.125	4.0562
843.25	4.0751
843.375	4.1026
843.5	4.1238
843.625	4.1466
843.75	4.1726
843.875	4.1914
844.0	4.2166
844.125	4.2386
844.25	4.263
844.375	4.2921
844.5	4.3125
844.625	4.3384
844.75	4.362
844.875	4.388
845.0	4.4092
845.125	4.4344
845.25	4.4611
845.375	4.4878
845.5	4.509
845.625	4.5358
845.75	4.557
845.875	4.5877
846.0	4.6112
846.125	4.638
846.25	4.6623
846.375	4.6875
846.5	4.7111
846.625	4.7378
846.75	4.7433
846.875	4.7425
847.0	4.741
847.125	4.7425
847.25	4.7417
847.375	4.741
847.5	4.7417
847.625	4.7425
847.75	4.7425
847.875	4.7417
848.0	4.7417
848.125	4.7417
848.25	4.7425
848.375	4.7394
848.5	4.7433
848.625	4.7441
848.75	4.7433
848.875	4.7425
849.0	4.7441
849.125	4.7425
849.25	4.7425
849.375	4.7425
849.5	4.7441
849.625	4.7465
849.75	4.7441
849.875	4.7441
850.0	4.7441
850.125	4.7441
850.25	4.7441
850.375	4.7425
850.5	4.741
850.625	4.7425
850.75	4.7425
850.875	4.7425
851.0	4.7425
851.125	4.7433
851.25	4.7425
851.375	4.7433
851.5	4.7425
851.625	4.7417
851.75	4.7425
851.875	4.7441
852.0	4.7425
852.125	4.7425
852.25	4.7425
852.375	4.7425
852.5	4.7425
852.625	4.7425
852.75	4.7425
852.875	4.7425
853.0	4.7425
853.125	4.7425
853.25	4.7425
853.375	4.7425
853.5	4.7425
853.625	4.741
853.75	4.7425
853.875	4.7433
854.0	4.7425
854.125	4.7425
854.25	4.741
854.375	4.7425
854.5	4.7425
854.625	4.7425
854.75	4.7417
854.875	4.7425
855.0	4.7425
855.125	4.7417
855.25	4.7425
855.375	4.7425
855.5	4.7425
855.625	4.7441
855.75	4.7425
855.875	4.7417
856.0	4.7425
856.125	4.7433
856.25	4.7425
856.375	4.7425
856.5	4.7425
856.625	4.7425
856.75	4.7425
856.875	4.7425
857.0	4.7417
857.125	4.7425
857.25	4.741
857.375	4.7425
857.5	4.7425
857.625	4.7433
857.75	4.7425
857.875	4.7425
858.0	4.7425
858.125	4.7425
858.25	4.7425
858.375	4.7417
858.5	4.7417
858.625	4.7402
858.75	4.7425
858.875	4.7417
859.0	4.7425
859.125	4.7425
859.25	4.7417
859.375	4.7425
859.5	4.741
859.625	4.7425
859.75	4.7417
859.875	4.7402
860.0	4.7425
860.125	4.741
860.25	4.741
860.375	4.7417
860.5	4.741
860.625	4.7417
860.75	4.7417
860.875	4.7417
861.0	4.741
861.125	4.7425
861.25	4.7417
861.375	4.7417
861.5	4.7417
861.625	4.741
861.75	4.7417
861.875	4.741
862.0	4.7425
862.125	4.7417
862.25	4.7425
862.375	4.7425
862.5	4.7425
862.625	4.7425
862.75	4.7402
862.875	4.7425
863.0	4.7441
863.125	4.7425
863.25	4.741
863.375	4.7417
863.5	4.7402
863.625	4.741
863.75	4.7386
863.875	4.7402
864.0	4.7417
864.125	4.741
864.25	4.741
864.375	4.7417
864.5	4.741
864.625	4.7425
864.75	4.7417
864.875	4.741
865.0	4.7417
865.125	4.7417
865.25	4.741
865.375	4.7417
865.5	4.7425
865.625	4.7402
865.75	4.7417
865.875	4.741
866.0	4.7417
866.125	4.7417
866.25	4.7425
866.375	4.7402
866.5	4.7417
866.625	4.741
866.75	4.7425
866.875	4.7402
867.0	4.7425
867.125	4.741
867.25	4.741
867.375	4.741
867.5	4.7394
867.625	4.741
867.75	4.7417
867.875	4.7417
868.0	4.741
868.125	4.7425
868.25	4.7417
868.375	4.7386
868.5	4.7402
868.625	4.7425
868.75	4.7417
868.875	4.7402
869.0	4.7402
869.125	4.741
869.25	4.7402
869.375	4.7394
869.5	4.7402
869.625	4.741
869.75	4.7402
869.875	4.741
870.0	4.7402
870.125	4.741
870.25	4.7425
870.375	4.7425
870.5	4.7386
870.625	4.741
870.75	4.7402
870.875	4.7378
871.0	4.7417
871.125	4.7386
871.25	4.741
871.375	4.7394
871.5	4.7386
871.625	4.741
871.75	4.741
871.875	4.741
872.0	4.7417
872.125	4.7425
872.25	4.7425
872.375	4.7425
872.5	4.7402
872.625	4.7441
872.75	4.7425
872.875	4.7417
873.0	4.7425
873.125	4.7425
873.25	4.741
873.375	4.7433
873.5	4.7425
873.625	4.7425
873.75	4.7425
873.875	4.7425
874.0	4.7425
874.125	4.7425
874.25	4.7425
874.375	4.7425
874.5	4.7425
874.625	4.7417
874.75	4.7394
874.875	4.7378
875.0	4.7402
875.125	4.7417
875.25	4.7425
875.375	4.7417
875.5	4.7402
875.625	4.7386
875.75	4.7394
875.875	4.7402
876.0	4.7386
876.125	4.7386
876.25	4.7394
876.375	4.7417
876.5	4.7386
876.625	4.7417
876.75	4.7425
876.875	4.7402
877.0	4.7425
877.125	4.7417
877.25	4.7425
877.375	4.7402
877.5	4.741
877.625	4.7394
877.75	4.7402
877.875	4.7394
878.0	4.7386
878.125	4.741
878.25	4.741
878.375	4.7417
878.5	4.741
878.625	4.7378
878.75	4.7402
878.875	4.7394
879.0	4.7394
879.125	4.741
879.25	4.7394
879.375	4.741
879.5	4.7425
879.625	4.7417
879.75	4.7378
879.875	4.7386
880.0	4.741
880.125	4.7394
880.25	4.7425
880.375	4.7378
880.5	4.741
880.625	4.7378
880.75	4.7394
880.875	4.7378
881.0	4.7378
881.125	4.7402
881.25	4.7394
881.375	4.7402
881.5	4.7402
881.625	4.7386
881.75	4.7386
881.875	4.7394
882.0	4.7386
882.125	4.741
882.25	4.7386
882.375	4.7394
882.5	4.7378
882.625	4.7386
882.75	4.7386
882.875	4.7378
883.0	4.7378
883.125	4.7386
883.25	4.7378
883.375	4.7394
883.5	4.7394
883.625	4.7394
883.75	4.7386
883.875	4.7378
884.0	4.7402
884.125	4.7394
884.25	4.741
884.375	4.7378
884.5	4.7394
884.625	4.7394
884.75	4.7386
884.875	4.7402
885.0	4.741
885.125	4.7417
885.25	4.7386
885.375	4.7378
885.5	4.7402
885.625	4.7386
885.75	4.7386
885.875	4.7378
886.0	4.7394
886.125	4.7378
886.25	4.7402
886.375	4.7402
886.5	4.7394
886.625	4.7378
886.75	4.7386
886.875	4.7378
887.0	4.7402
887.125	4.7378
887.25	4.7378
887.375	4.7378
887.5	4.7386
887.625	4.7378
887.75	4.7378
887.875	4.7378
888.0	4.7386
888.125	4.7378
888.25	4.7378
888.375	4.7378
888.5	4.7386
888.625	4.7378
888.75	4.7386
888.875	4.737
889.0	4.7386
889.125	4.7394
889.25	4.7386
889.375	4.737
889.5	4.7386
889.625	4.7378
889.75	4.7378
889.875	4.7378
890.0	4.7386
890.125	4.737
890.25	4.7378
890.375	4.7386
890.5	4.7378
890.625	4.7386
890.75	4.7386
890.875	4.7378
891.0	4.7378
891.125	4.7347
891.25	4.737
891.375	4.7394
891.5	4.737
891.625	4.7362
891.75	4.7362
891.875	4.7378
892.0	4.737
892.125	4.7378
892.25	4.7378
892.375	4.7378
892.5	4.737
892.625	4.7378
892.75	4.7378
892.875	4.737
893.0	4.737
893.125	4.7362
893.25	4.737
893.375	4.7378
893.5	4.7378
893.625	4.7378
893.75	4.737
893.875	4.737
894.0	4.7378
894.125	4.7378
894.25	4.7355
894.375	4.7378
894.5	4.737
894.625	4.7378
894.75	4.7378
894.875	4.7378
895.0	4.737
895.125	4.7378
895.25	4.7355
895.375	4.7378
895.5	4.7378
895.625	4.7378
895.75	4.7362
895.875	4.7378
896.0	4.7378
896.125	4.7378
896.25	4.737
896.375	4.7378
896.5	4.7394
896.625	4.7362
896.75	4.737
896.875	4.7378
897.0	4.7362
897.125	4.7355
897.25	4.7378
897.375	4.7378
897.5	4.7378
897.625	4.7362
897.75	4.7378
897.875	4.7347
898.0	4.7378
898.125	4.7378
898.25	4.7378
898.375	4.737
898.5	4.7378
898.625	4.7362
898.75	4.737
898.875	4.7355
899.0	4.7378
899.125	4.7378
899.25	4.737
899.375	4.737
899.5	4.737
899.625	4.7378
899.75	4.7378
899.875	4.7378
