300.0	0.0267
300.125	0.0275
300.25	0.0283
300.375	0.0235
300.5	0.0267
300.625	0.0275
300.75	0.0251
300.875	0.0267
301.0	0.0275
301.125	0.0251
301.25	0.0251
301.375	0.0267
301.5	0.0251
301.625	0.0267
301.75	0.0251
301.875	0.0235
302.0	0.0275
302.125	0.0275
302.25	0.0283
302.375	0.0275
302.5	0.0259
302.625	0.0251
302.75	0.0267
302.875	0.0251
303.0	0.0251
303.125	0.0283
303.25	0.0267
303.375	0.0267
303.5	0.0283
303.625	0.0259
303.75	0.0259
303.875	0.0251
304.0	0.0275
304.125	0.0283
304.25	0.0267
304.375	0.0267
304.5	0.0275
304.625	0.0275
304.75	0.0251
304.875	0.0259
305.0	0.0283
305.125	0.0259
305.25	0.0259
305.375	0.0259
305.5	0.0275
305.625	0.0259
305.75	0.0283
305.875	0.0259
306.0	0.0259
306.125	0.0267
306.25	0.0283
306.375	0.0259
306.5	0.0251
306.625	0.0275
306.75	0.0259
306.875	0.0283
307.0	0.0267
307.125	0.0283
307.25	0.0283
307.375	0.0275
307.5	0.0259
307.625	0.0275
307.75	0.0267
307.875	0.0283
308.0	0.0259
308.125	0.0283
308.25	0.0243
308.375	0.0283
308.5	0.0283
308.625	0.0283
308.75	0.0283
308.875	0.0283
309.0	0.0283
309.125	0.0275
309.25	0.0267
309.375	0.0275
309.5	0.0275
309.625	0.0283
309.75	0.0267
309.875	0.0259
310.0	0.0283
310.125	0.0283
310.25	0.0283
310.375	0.0283
310.5	0.0283
310.625	0.0283
310.75	0.0283
310.875	0.0267
311.0	0.0283
311.125	0.0283
311.25	0.0283
311.375	0.0283
311.5	0.0283
311.625	0.0283
311.75	0.0283
311.875	0.0283
312.0	0.0267
312.125	0.0267
312.25	0.0283
312.375	0.0283
312.5	0.0283
312.625	0.0283
312.75	0.0275
312.875	0.0283
313.0	0.0283
313.125	0.0283
313.25	0.0283
313.375	0.0283
313.5	0.0283
313.625	0.0283
313.75	0.0283
313.875	0.0283
314.0	0.0283
314.125	0.0283
314.25	0.0275
314.375	0.0283
314.5	0.029
314.625	0.0283
314.75	0.0283
314.875	0.0283
315.0	0.0283
315.125	0.0283
315.25	0.0283
315.375	0.0283
315.5	0.029
315.625	0.0283
315.75	0.0298
315.875	0.029
316.0	0.0283
316.125	0.0283
316.25	0.0298
316.375	0.029
316.5	0.029
316.625	0.0306
316.75	0.0283
316.875	0.0283
317.0	0.0298
317.125	0.0283
317.25	0.029
317.375	0.0298
317.5	0.0283
317.625	0.0306
317.75	0.0298
317.875	0.0314
318.0	0.0283
318.125	0.029
318.25	0.0306
318.375	0.0322
318.5	0.0314
318.625	0.033
318.75	0.033
318.875	0.033
319.0	0.033
319.125	0.033
319.25	0.0322
319.375	0.033
319.5	0.033
319.625	0.033
319.75	0.033
319.875	0.033
320.0	0.033
320.125	0.033
320.25	0.033
320.375	0.033
320.5	0.033
320.625	0.033
320.75	0.033
320.875	0.033
321.0	0.033
321.125	0.033
321.25	0.033
321.375	0.033
321.5	0.033
321.625	0.033
321.75	0.033
321.875	0.0345
322.0	0.033
322.125	0.033
322.25	0.033
322.375	0.033
322.5	0.033
322.625	0.033
322.75	0.0353
322.875	0.033
323.0	0.033
323.125	0.033
323.25	0.0353
323.375	0.0353
323.5	0.0338
323.625	0.0353
323.75	0.033
323.875	0.033
324.0	0.0345
324.125	0.0338
324.25	0.0345
324.375	0.0345
324.5	0.033
324.625	0.0338
324.75	0.0361
324.875	0.0338
325.0	0.0353
325.125	0.0338
325.25	0.0345
325.375	0.033
325.5	0.0338
325.625	0.0345
325.75	0.033
325.875	0.033
326.0	0.033
326.125	0.0338
326.25	0.033
326.375	0.033
326.5	0.033
326.625	0.033
326.75	0.033
326.875	0.033
327.0	0.033
327.125	0.033
327.25	0.033
327.375	0.033
327.5	0.033
327.625	0.033
327.75	0.033
327.875	0.033
328.0	0.033
328.125	0.033
328.25	0.033
328.375	0.0338
328.5	0.033
328.625	0.033
328.75	0.033
328.875	0.033
329.0	0.033
329.125	0.033
329.25	0.033
329.375	0.033
329.5	0.033
329.625	0.033
329.75	0.033
329.875	0.033
330.0	0.0338
330.125	0.033
330.25	0.033
330.375	0.033
330.5	0.033
330.625	0.033
330.75	0.033
330.875	0.033
331.0	0.033
331.125	0.033
331.25	0.033
331.375	0.033
331.5	0.033
331.625	0.033
331.75	0.033
331.875	0.033
332.0	0.033
332.125	0.033
332.25	0.033
332.375	0.033
332.5	0.033
332.625	0.033
332.75	0.033
332.875	0.033
333.0	0.0322
333.125	0.0322
333.25	0.0322
333.375	0.033
333.5	0.033
333.625	0.033
333.75	0.033
333.875	0.033
334.0	0.033
334.125	0.0322
334.25	0.033
334.375	0.033
334.5	0.033
334.625	0.033
334.75	0.033
334.875	0.033
335.0	0.033
335.125	0.0322
335.25	0.0322
335.375	0.033
335.5	0.033
335.625	0.033
335.75	0.0322
335.875	0.033
336.0	0.033
336.125	0.033
336.25	0.033
336.375	0.033
336.5	0.0322
336.625	0.0322
336.75	0.033
336.875	0.0314
337.0	0.033
337.125	0.033
337.25	0.033
337.375	0.0322
337.5	0.033
337.625	0.033
337.75	0.0322
337.875	0.033
338.0	0.033
338.125	0.0322
338.25	0.0314
338.375	0.0283
338.5	0.0306
338.625	0.033
338.75	0.0306
338.875	0.0314
339.0	0.033
339.125	0.033
339.25	0.033
339.375	0.033
339.5	0.033
339.625	0.033
339.75	0.0314
339.875	0.033
340.0	0.033
340.125	0.0322
340.25	0.033
340.375	0.033
340.5	0.033
340.625	0.0322
340.75	0.033
340.875	0.0322
341.0	0.033
341.125	0.033
341.25	0.033
341.375	0.033
341.5	0.033
341.625	0.0314
341.75	0.033
341.875	0.0314
342.0	0.033
342.125	0.033
342.25	0.0322
342.375	0.033
342.5	0.033
342.625	0.033
342.75	0.033
342.875	0.033
343.0	0.033
343.125	0.033
343.25	0.0322
343.375	0.033
343.5	0.033
343.625	0.033
343.75	0.0322
343.875	0.033
344.0	0.033
344.125	0.033
344.25	0.0322
344.375	0.033
344.5	0.033
344.625	0.0322
344.75	0.033
344.875	0.033
345.0	0.0306
345.125	0.033
345.25	0.033
345.375	0.0322
345.5	0.033
345.625	0.033
345.75	0.033
345.875	0.0314
346.0	0.033
346.125	0.033
346.25	0.033
346.375	0.033
346.5	0.033
346.625	0.0322
346.75	0.033
346.875	0.033
347.0	0.033
347.125	0.033
347.25	0.033
347.375	0.033
347.5	0.033
347.625	0.033
347.75	0.033
347.875	0.033
348.0	0.033
348.125	0.033
348.25	0.033
348.375	0.033
348.5	0.033
348.625	0.033
348.75	0.033
348.875	0.033
349.0	0.033
349.125	0.033
349.25	0.033
349.375	0.033
349.5	0.033
349.625	0.033
349.75	0.033
349.875	0.033
350.0	0.033
350.125	0.033
350.25	0.033
350.375	0.033
350.5	0.033
350.625	0.033
350.75	0.033
350.875	0.033
351.0	0.033
351.125	0.033
351.25	0.033
351.375	0.033
351.5	0.033
351.625	0.033
351.75	0.0338
351.875	0.0338
352.0	0.0345
352.125	0.033
352.25	0.0338
352.375	0.033
352.5	0.033
352.625	0.0345
352.75	0.033
352.875	0.033
353.0	0.033
353.125	0.0345
353.25	0.033
353.375	0.033
353.5	0.0353
353.625	0.033
353.75	0.0361
353.875	0.0369
354.0	0.0338
354.125	0.0369
354.25	0.0353
354.375	0.0361
354.5	0.0369
354.625	0.0361
354.75	0.0369
354.875	0.0361
355.0	0.0361
355.125	0.0353
355.25	0.0377
355.375	0.0377
355.5	0.0377
355.625	0.0377
355.75	0.0377
355.875	0.0369
356.0	0.0377
356.125	0.0377
356.25	0.0377
356.375	0.0369
356.5	0.0377
356.625	0.0377
356.75	0.0377
356.875	0.0377
357.0	0.0377
357.125	0.0377
357.25	0.0377
357.375	0.0377
357.5	0.0377
357.625	0.0377
357.75	0.0385
357.875	0.0377
358.0	0.0377
358.125	0.0377
358.25	0.0377
358.375	0.0377
358.5	0.0377
358.625	0.0377
358.75	0.0377
358.875	0.0377
359.0	0.0377
359.125	0.0377
359.25	0.0377
359.375	0.0377
359.5	0.0377
359.625	0.0377
359.75	0.0377
359.875	0.0377
360.0	0.0377
360.125	0.0385
360.25	0.0385
360.375	0.04
360.5	0.0377
360.625	0.0393
360.75	0.0385
360.875	0.0393
361.0	0.0385
361.125	0.0377
361.25	0.0393
361.375	0.0393
361.5	0.0377
361.625	0.0416
361.75	0.0416
361.875	0.0408
362.0	0.04
362.125	0.0385
362.25	0.0377
362.375	0.0393
362.5	0.0385
362.625	0.0393
362.75	0.04
362.875	0.0393
363.0	0.0385
363.125	0.0393
363.25	0.0416
363.375	0.0408
363.5	0.0416
363.625	0.0408
363.75	0.04
363.875	0.0408
364.0	0.0416
364.125	0.0424
364.25	0.0424
364.375	0.0416
364.5	0.0416
364.625	0.0424
364.75	0.0424
364.875	0.0424
365.0	0.0424
365.125	0.0424
365.25	0.0424
365.375	0.0424
365.5	0.0416
365.625	0.0424
365.75	0.0424
365.875	0.0416
366.0	0.0424
366.125	0.0424
366.25	0.0424
366.375	0.0424
366.5	0.0424
366.625	0.0424
366.75	0.0424
366.875	0.0424
367.0	0.0424
367.125	0.0424
367.25	0.0424
367.375	0.0424
367.5	0.0424
367.625	0.0424
367.75	0.0424
367.875	0.0424
368.0	0.0424
368.125	0.0424
368.25	0.0424
368.375	0.0424
368.5	0.0432
368.625	0.0432
368.75	0.0424
368.875	0.0432
369.0	0.0424
369.125	0.0432
369.25	0.0432
369.375	0.0432
369.5	0.0424
369.625	0.0448
369.75	0.0424
369.875	0.0448
370.0	0.0455
370.125	0.0432
370.25	0.0463
370.375	0.0463
370.5	0.0471
370.625	0.0463
370.75	0.0471
370.875	0.0455
371.0	0.0448
371.125	0.0471
371.25	0.0463
371.375	0.0463
371.5	0.0471
371.625	0.0471
371.75	0.0463
371.875	0.0455
372.0	0.0471
372.125	0.0471
372.25	0.0455
372.375	0.0471
372.5	0.0463
372.625	0.0471
372.75	0.0471
372.875	0.0455
373.0	0.0471
373.125	0.0471
373.25	0.0471
373.375	0.0471
373.5	0.0471
373.625	0.0471
373.75	0.0471
373.875	0.0471
374.0	0.0471
374.125	0.0471
374.25	0.0471
374.375	0.0463
374.5	0.0471
374.625	0.0471
374.75	0.0471
374.875	0.0471
375.0	0.0479
375.125	0.0471
375.25	0.0479
375.375	0.0479
375.5	0.0495
375.625	0.0471
375.75	0.0471
375.875	0.0487
376.0	0.0479
376.125	0.0471
376.25	0.0487
376.375	0.0487
376.5	0.0495
376.625	0.0487
376.75	0.0495
376.875	0.0479
377.0	0.0487
377.125	0.0479
377.25	0.0487
377.375	0.0503
377.5	0.0503
377.625	0.0518
377.75	0.0487
377.875	0.0511
378.0	0.0518
378.125	0.0518
378.25	0.0503
378.375	0.0518
378.5	0.0518
378.625	0.0518
378.75	0.0518
378.875	0.0518
379.0	0.0518
379.125	0.0518
379.25	0.0518
379.375	0.0518
379.5	0.0518
379.625	0.0518
379.75	0.0518
379.875	0.0518
380.0	0.0518
380.125	0.0518
380.25	0.0518
380.375	0.0518
380.5	0.0518
380.625	0.0518
380.75	0.0518
380.875	0.0518
381.0	0.0518
381.125	0.0518
381.25	0.0518
381.375	0.0518
381.5	0.0518
381.625	0.0518
381.75	0.0518
381.875	0.0518
382.0	0.0518
382.125	0.0518
382.25	0.0526
382.375	0.0526
382.5	0.0518
382.625	0.0518
382.75	0.0542
382.875	0.0518
383.0	0.0518
383.125	0.0526
383.25	0.0518
383.375	0.0518
383.5	0.0534
383.625	0.0518
383.75	0.0518
383.875	0.0526
384.0	0.0534
384.125	0.0518
384.25	0.0542
384.375	0.0542
384.5	0.0518
384.625	0.0534
384.75	0.0518
384.875	0.0534
385.0	0.0526
385.125	0.0518
385.25	0.0534
385.375	0.0518
385.5	0.0526
385.625	0.0518
385.75	0.0534
385.875	0.0526
386.0	0.0518
386.125	0.0526
386.25	0.0518
386.375	0.0534
386.5	0.0542
386.625	0.0534
386.75	0.055
386.875	0.0526
387.0	0.0526
387.125	0.0542
387.25	0.0534
387.375	0.0526
387.5	0.055
387.625	0.0534
387.75	0.0534
387.875	0.0534
388.0	0.0542
388.125	0.055
388.25	0.0542
388.375	0.055
388.5	0.0534
388.625	0.055
388.75	0.055
388.875	0.0542
389.0	0.0566
389.125	0.0542
389.25	0.0558
389.375	0.055
389.5	0.0542
389.625	0.055
389.75	0.0566
389.875	0.0558
390.0	0.0566
390.125	0.0566
390.25	0.0566
390.375	0.0566
390.5	0.0566
390.625	0.0566
390.75	0.0566
390.875	0.0566
391.0	0.0566
391.125	0.0566
391.25	0.0581
391.375	0.0573
391.5	0.0566
391.625	0.0566
391.75	0.0573
391.875	0.0566
392.0	0.0589
392.125	0.0597
392.25	0.0566
392.375	0.0573
392.5	0.0589
392.625	0.0613
392.75	0.0613
392.875	0.0613
393.0	0.0613
393.125	0.0613
393.25	0.0613
393.375	0.0621
393.5	0.0621
393.625	0.0628
393.75	0.0613
393.875	0.0644
394.0	0.0621
394.125	0.0636
394.25	0.0644
394.375	0.0644
394.5	0.066
394.625	0.066
394.75	0.066
394.875	0.0668
395.0	0.0668
395.125	0.0676
395.25	0.066
395.375	0.0683
395.5	0.0691
395.625	0.0707
395.75	0.0707
395.875	0.0707
396.0	0.0707
396.125	0.0707
396.25	0.0715
396.375	0.0723
396.5	0.0731
396.625	0.0731
396.75	0.0754
396.875	0.0754
397.0	0.0754
397.125	0.0762
397.25	0.0762
397.375	0.0778
397.5	0.0754
397.625	0.0801
397.75	0.0801
397.875	0.0801
398.0	0.0801
398.125	0.0849
398.25	0.0849
398.375	0.0849
398.5	0.0849
398.625	0.0849
398.75	0.0888
398.875	0.0896
399.0	0.0896
399.125	0.0896
399.25	0.0919
399.375	0.0911
399.5	0.0943
399.625	0.0943
399.75	0.0951
399.875	0.0966
400.0	0.099
400.125	0.0998
400.25	0.099
400.375	0.1014
400.5	0.1037
400.625	0.1037
400.75	0.1045
400.875	0.1069
401.0	0.1084
401.125	0.1084
401.25	0.1132
401.375	0.1132
401.5	0.1139
401.625	0.1139
401.75	0.1179
401.875	0.1179
402.0	0.1194
402.125	0.1226
402.25	0.1234
402.375	0.1257
402.5	0.125
402.625	0.1297
402.75	0.1312
402.875	0.132
403.0	0.1328
403.125	0.1367
403.25	0.1399
403.375	0.1399
403.5	0.1415
403.625	0.1446
403.75	0.147
403.875	0.1493
404.0	0.1509
404.125	0.154
404.25	0.1556
404.375	0.1588
404.5	0.1603
404.625	0.165
404.75	0.165
404.875	0.1713
405.0	0.1705
405.125	0.1745
405.25	0.1784
405.375	0.1808
405.5	0.1839
405.625	0.1886
405.75	0.1918
405.875	0.1933
406.0	0.1981
406.125	0.2012
406.25	0.2051
406.375	0.2075
406.5	0.2122
406.625	0.2161
406.75	0.2177
406.875	0.2224
407.0	0.2272
407.125	0.2287
407.25	0.2319
407.375	0.2374
407.5	0.2413
407.625	0.246
407.75	0.25
407.875	0.2555
408.0	0.2602
408.125	0.2641
408.25	0.2704
408.375	0.2743
408.5	0.2783
408.625	0.2845
408.75	0.2893
408.875	0.2955
409.0	0.2995
409.125	0.3066
409.25	0.3089
409.375	0.316
409.5	0.3207
409.625	0.3278
409.75	0.3333
409.875	0.338
410.0	0.3466
410.125	0.3537
410.25	0.3569
410.375	0.3647
410.5	0.3718
410.625	0.3805
410.75	0.3852
410.875	0.3907
411.0	0.4001
411.125	0.4056
411.25	0.4127
411.375	0.4205
411.5	0.4292
411.625	0.4371
411.75	0.4449
411.875	0.452
412.0	0.4614
412.125	0.4693
412.25	0.4795
412.375	0.4874
412.5	0.4937
412.625	0.5055
412.75	0.5141
412.875	0.5251
413.0	0.5338
413.125	0.5424
413.25	0.555
413.375	0.5636
413.5	0.5738
413.625	0.5841
413.75	0.5966
413.875	0.6029
414.0	0.6163
414.125	0.6257
414.25	0.6383
414.375	0.6525
414.5	0.665
414.625	0.6745
414.75	0.6894
414.875	0.7012
415.0	0.7146
415.125	0.7256
415.25	0.7397
415.375	0.7555
415.5	0.7665
415.625	0.7822
415.75	0.7948
415.875	0.8113
416.0	0.8254
416.125	0.8396
416.25	0.8537
416.375	0.8702
416.5	0.8883
416.625	0.9056
416.75	0.9229
416.875	0.9386
417.0	0.9528
417.125	0.9732
417.25	0.9921
417.375	1.0086
417.5	1.0275
417.625	1.0471
417.75	1.0613
417.875	1.0841
418.0	1.1022
418.125	1.121
418.25	1.1399
418.375	1.1627
418.5	1.1863
418.625	1.2067
418.75	1.2264
418.875	1.2515
419.0	1.2751
419.125	1.2948
419.25	1.3207
419.375	1.3427
419.5	1.3655
419.625	1.393
419.75	1.4174
419.875	1.441
420.0	1.4661
420.125	1.4937
420.25	1.5212
420.375	1.5479
420.5	1.577
420.625	1.6022
420.75	1.632
420.875	1.6635
421.0	1.6941
421.125	1.7248
421.25	1.7555
421.375	1.783
421.5	1.8144
421.625	1.8466
421.75	1.8828
421.875	1.9135
422.0	1.9481
422.125	1.985
422.25	2.0172
422.375	2.055
422.5	2.0904
422.625	2.1281
422.75	2.1643
422.875	2.1988
423.0	2.2405
423.125	2.2767
423.25	2.3176
423.375	2.3577
423.5	2.3977
423.625	2.4355
423.75	2.4764
423.875	2.5188
424.0	2.5581
424.125	2.599
424.25	2.6485
424.375	2.6902
424.5	2.7382
424.625	2.7877
424.75	2.8333
424.875	2.882
425.0	2.9292
425.125	2.9756
425.25	3.029
425.375	3.0778
425.5	3.125
425.625	3.1761
425.75	3.2327
425.875	3.3149
426.0	3.3667
426.125	3.4194
426.25	3.4705
426.375	3.5256
426.5	3.5861
426.625	3.6435
426.75	3.7032
426.875	3.759
427.0	3.8251
427.125	3.8754
427.25	3.9422
427.375	4.0043
427.5	4.0688
427.625	4.1325
427.75	4.193
427.875	4.2598
428.0	4.329
428.125	4.3958
428.25	4.4627
428.375	4.5287
428.5	4.5994
428.625	4.6757
428.75	4.7292
428.875	4.7425
429.0	4.7425
429.125	4.7425
429.25	4.7417
429.375	4.7425
429.5	4.7425
429.625	4.741
429.75	4.7417
429.875	4.7386
430.0	4.7402
430.125	4.7425
430.25	4.7402
430.375	4.7402
430.5	4.7425
430.625	4.7425
430.75	4.7417
430.875	4.7425
431.0	4.7425
431.125	4.7417
431.25	4.7394
431.375	4.7402
431.5	4.7402
431.625	4.7402
431.75	4.7417
431.875	4.7425
432.0	4.741
432.125	4.7417
432.25	4.7425
432.375	4.741
432.5	4.741
432.625	4.7402
432.75	4.7417
432.875	4.7394
433.0	4.7425
433.125	4.7425
433.25	4.7402
433.375	4.7417
433.5	4.7425
433.625	4.741
433.75	4.7425
433.875	4.7417
434.0	4.7386
434.125	4.741
434.25	4.7394
434.375	4.741
434.5	4.7386
434.625	4.7394
434.75	4.741
434.875	4.741
435.0	4.7402
435.125	4.7417
435.25	4.741
435.375	4.7386
435.5	4.7386
435.625	4.7394
435.75	4.7394
435.875	4.7417
436.0	4.7394
436.125	4.7386
436.25	4.7386
436.375	4.7402
436.5	4.7394
436.625	4.7378
436.75	4.741
436.875	4.7386
437.0	4.7402
437.125	4.7378
437.25	4.7402
437.375	4.7378
437.5	4.7386
437.625	4.7378
437.75	4.7417
437.875	4.7394
438.0	4.7402
438.125	4.7386
438.25	4.7386
438.375	4.7394
438.5	4.7386
438.625	4.7378
438.75	4.7386
438.875	4.7402
439.0	4.7378
439.125	4.741
439.25	4.7394
439.375	4.7378
439.5	4.7386
439.625	4.7386
439.75	4.7386
439.875	4.7386
440.0	4.7378
440.125	4.7378
440.25	4.7386
440.375	4.7378
440.5	4.7378
440.625	4.7378
440.75	4.7378
440.875	4.7394
441.0	4.7386
441.125	4.7378
441.25	4.7386
441.375	4.7378
441.5	4.7378
441.625	4.7378
441.75	4.7378
441.875	4.7378
442.0	4.7378
442.125	4.7378
442.25	4.7378
442.375	4.7378
442.5	4.7378
442.625	4.7378
442.75	4.7386
442.875	4.7378
443.0	4.7378
443.125	4.7378
443.25	4.7378
443.375	4.7378
443.5	4.7394
443.625	4.7378
443.75	4.7378
443.875	4.7378
444.0	4.7378
444.125	4.7378
444.25	4.7378
444.375	4.7378
444.5	4.737
444.625	4.7378
444.75	4.737
444.875	4.7378
445.0	4.7378
445.125	4.7378
445.25	4.7378
445.375	4.7378
445.5	4.7362
445.625	4.7362
445.75	4.7378
445.875	4.7378
446.0	4.7378
446.125	4.7378
446.25	4.7378
446.375	4.7362
446.5	4.7378
446.625	4.7378
446.75	4.7378
446.875	4.7386
447.0	4.7378
447.125	4.737
447.25	4.7378
447.375	4.7378
447.5	4.7386
447.625	4.7378
447.75	4.7378
447.875	4.7394
448.0	4.7378
448.125	4.7378
448.25	4.7386
448.375	4.7378
448.5	4.7386
448.625	4.7378
448.75	4.7394
448.875	4.7394
449.0	4.7378
449.125	4.7378
449.25	4.7378
449.375	4.7378
449.5	4.7378
449.625	4.7378
449.75	4.7378
449.875	4.7378
450.0	4.7378
450.125	4.7394
450.25	4.7378
450.375	4.7378
450.5	4.7378
450.625	4.7378
450.75	4.7378
450.875	4.7378
451.0	4.7378
451.125	4.7386
451.25	4.7378
451.375	4.7378
451.5	4.7378
451.625	4.7378
451.75	4.7386
451.875	4.7378
452.0	4.7386
452.125	4.7386
452.25	4.7386
452.375	4.7378
452.5	4.7378
452.625	4.7378
452.75	4.7378
452.875	4.7378
453.0	4.7378
453.125	4.7378
453.25	4.7386
453.375	4.7378
453.5	4.7386
453.625	4.7378
453.75	4.7386
453.875	4.7386
454.0	4.7378
454.125	4.7378
454.25	4.7386
454.375	4.7386
454.5	4.7378
454.625	4.7378
454.75	4.7378
454.875	4.7378
455.0	4.7378
455.125	4.7378
455.25	4.7378
455.375	4.7378
455.5	4.7378
455.625	4.7378
455.75	4.7378
455.875	4.7378
456.0	4.7378
456.125	4.7402
456.25	4.7386
456.375	4.7386
456.5	4.7378
456.625	4.7394
456.75	4.7378
456.875	4.7386
457.0	4.7378
457.125	4.7378
457.25	4.7378
457.375	4.7378
457.5	4.7378
457.625	4.7394
457.75	4.7386
457.875	4.7378
458.0	4.7386
458.125	4.7378
458.25	4.7378
458.375	4.7378
458.5	4.7378
458.625	4.7394
458.75	4.7378
458.875	4.7378
459.0	4.7378
459.125	4.7386
459.25	4.7386
459.375	4.7378
459.5	4.7378
459.625	4.7378
459.75	4.7378
459.875	4.7378
460.0	4.7402
460.125	4.7378
460.25	4.7394
460.375	4.7402
460.5	4.7386
460.625	4.7394
460.75	4.7378
460.875	4.7386
461.0	4.7378
461.125	4.7386
461.25	4.7386
461.375	4.7386
461.5	4.7394
461.625	4.7378
461.75	4.7378
461.875	4.7378
462.0	4.7378
462.125	4.7378
462.25	4.7394
462.375	4.7378
462.5	4.7378
462.625	4.7378
462.75	4.7378
462.875	4.7378
463.0	4.7386
463.125	4.7378
463.25	4.7378
463.375	4.7378
463.5	4.7378
463.625	4.7378
463.75	4.7378
463.875	4.7378
464.0	4.7394
464.125	4.7378
464.25	4.7378
464.375	4.7378
464.5	4.7378
464.625	4.7378
464.75	4.7378
464.875	4.7378
465.0	4.7378
465.125	4.7378
465.25	4.7378
465.375	4.7378
465.5	4.7386
465.625	4.7378
465.75	4.7402
465.875	4.7378
466.0	4.7378
466.125	4.7386
466.25	4.7378
466.375	4.7378
466.5	4.7394
466.625	4.7378
466.75	4.7378
466.875	1.4921
467.0	0.8136
467.125	0.8254
467.25	0.8301
467.375	0.8294
467.5	0.827
467.625	0.8231
467.75	0.8207
467.875	0.8168
468.0	0.8136
468.125	0.8113
468.25	0.8073
468.375	0.8018
468.5	0.7979
468.625	0.7971
468.75	0.7924
468.875	0.7885
469.0	0.7869
469.125	0.7838
469.25	0.7798
469.375	0.7775
469.5	0.7759
469.625	0.7735
469.75	0.7712
469.875	0.7688
470.0	0.7641
470.125	0.7641
470.25	0.761
470.375	0.7594
470.5	0.7594
470.625	0.757
470.75	0.7547
470.875	0.7539
471.0	0.7515
471.125	0.75
471.25	0.75
471.375	0.75
471.5	0.7468
471.625	0.7452
471.75	0.7437
471.875	0.7429
472.0	0.7437
472.125	0.7405
472.25	0.7389
472.375	0.7397
472.5	0.7397
472.625	0.7374
472.75	0.7366
472.875	0.7366
473.0	0.7358
473.125	0.7358
473.25	0.7358
473.375	0.7358
473.5	0.7358
473.625	0.7358
473.75	0.7358
473.875	0.7358
474.0	0.7358
474.125	0.7358
474.25	0.7342
474.375	0.7327
474.5	0.7342
474.625	0.7358
474.75	0.7327
474.875	0.7311
475.0	0.7342
475.125	0.7319
475.25	0.7342
475.375	0.7358
475.5	0.7358
475.625	0.7358
475.75	0.7358
475.875	0.7358
476.0	0.7358
476.125	0.7374
476.25	0.7382
476.375	0.7382
476.5	0.7358
476.625	0.7397
476.75	0.7405
476.875	0.7405
477.0	0.7366
477.125	0.7287
477.25	0.7444
477.375	0.7452
477.5	0.7405
477.625	0.7405
477.75	0.7452
477.875	0.7452
478.0	0.7476
478.125	0.7492
478.25	0.7484
478.375	0.75
478.5	0.75
478.625	0.75
478.75	0.7507
478.875	0.75
479.0	0.7539
479.125	0.7547
479.25	0.7547
479.375	0.7547
479.5	0.7547
479.625	0.7578
479.75	0.7594
479.875	0.7594
480.0	0.7602
480.125	0.7625
480.25	0.7641
480.375	0.7641
480.5	0.7641
480.625	0.768
480.75	0.7688
480.875	0.7688
481.0	0.7704
481.125	0.772
481.25	0.7735
481.375	0.7735
481.5	0.7751
481.625	0.7767
481.75	0.7783
481.875	0.7783
482.0	0.7822
482.125	0.783
482.25	0.783
482.375	0.7869
482.5	0.7877
482.625	0.7885
482.75	0.7916
482.875	0.7924
483.0	0.7924
483.125	0.7971
483.25	0.7971
483.375	0.7971
483.5	0.8011
483.625	0.8003
483.75	0.8018
483.875	0.8026
484.0	0.8058
484.125	0.8066
484.25	0.8089
484.375	0.8113
484.5	0.8097
484.625	0.8113
484.75	0.816
484.875	0.816
485.0	0.8183
485.125	0.8207
485.25	0.8207
485.375	0.8231
485.5	0.8254
485.625	0.8294
485.75	0.8301
485.875	0.8301
486.0	0.8309
486.125	0.8349
486.25	0.8349
486.375	0.8349
486.5	0.8396
486.625	0.8396
486.75	0.8443
486.875	0.8443
487.0	0.8474
487.125	0.849
487.25	0.849
487.375	0.8537
487.5	0.8537
487.625	0.8584
487.75	0.8584
487.875	0.8608
488.0	0.8632
488.125	0.8647
488.25	0.8663
488.375	0.8679
488.5	0.8702
488.625	0.8726
488.75	0.8734
488.875	0.8773
489.0	0.8773
489.125	0.8812
489.25	0.882
489.375	0.8852
489.5	0.8867
489.625	0.8891
489.75	0.8907
489.875	0.8915
490.0	0.893
490.125	0.8954
490.25	0.897
490.375	0.9009
490.5	0.9009
490.625	0.904
490.75	0.9056
490.875	0.9056
491.0	0.9088
491.125	0.9111
491.25	0.9111
491.375	0.9143
491.5	0.9174
491.625	0.919
491.75	0.9198
491.875	0.9245
492.0	0.9245
492.125	0.9245
492.25	0.9284
492.375	0.9292
492.5	0.9323
492.625	0.9331
492.75	0.9339
492.875	0.9386
493.0	0.9386
493.125	0.941
493.25	0.9426
493.375	0.9441
493.5	0.9481
493.625	0.9481
493.75	0.9512
493.875	0.9528
494.0	0.9528
494.125	0.9551
494.25	0.9575
494.375	0.9575
494.5	0.9606
494.625	0.9622
494.75	0.9622
494.875	0.9646
495.0	0.9669
495.125	0.9669
495.25	0.9716
495.375	0.9709
495.5	0.9716
495.625	0.9764
495.75	0.9764
495.875	0.9787
496.0	0.9811
496.125	0.9811
496.25	0.9811
496.375	0.985
496.5	0.9858
496.625	0.9866
496.75	0.9905
496.875	0.9905
497.0	0.9905
497.125	0.9937
497.25	0.9952
497.375	0.996
497.5	0.9992
497.625	1.0
497.75	1.0
497.875	1.0
498.0	1.0031
498.125	1.0047
498.25	1.007
498.375	1.0078
498.5	1.0094
498.625	1.0094
498.75	1.011
498.875	1.0141
499.0	1.0141
499.125	1.0165
499.25	1.0165
499.375	1.0188
499.5	1.0188
499.625	1.0227
499.75	1.0235
499.875	1.0235
500.0	1.0235
500.125	1.0251
500.25	1.0283
500.375	1.0283
500.5	1.0283
500.625	1.0283
500.75	1.0322
500.875	1.033
501.0	1.033
501.125	1.0361
501.25	1.0377
501.375	1.0377
501.5	1.0377
501.625	1.0424
501.75	1.0424
501.875	1.0424
502.0	1.0424
502.125	1.0424
502.25	1.0455
502.375	1.0448
502.5	1.0471
502.625	1.0479
502.75	1.0479
502.875	1.0495
503.0	1.0518
503.125	1.0518
503.25	1.0526
503.375	1.0526
503.5	1.0566
503.625	1.0566
503.75	1.0566
503.875	1.0566
504.0	1.0581
504.125	1.0613
504.25	1.0613
504.375	1.0613
504.5	1.0613
504.625	1.0628
504.75	1.0636
504.875	1.0644
505.0	1.066
505.125	1.066
505.25	1.066
505.375	1.066
505.5	1.0676
505.625	1.0707
505.75	1.0707
505.875	1.0707
506.0	1.0707
506.125	1.0715
506.25	1.0754
506.375	1.0754
506.5	1.0754
506.625	1.0754
506.75	1.0754
506.875	1.0754
507.0	1.0762
507.125	1.0754
507.25	1.0794
507.375	1.0801
507.5	1.0801
507.625	1.0801
507.75	1.0801
507.875	1.0801
508.0	1.0801
508.125	1.0801
508.25	1.0817
508.375	1.0849
508.5	1.0849
508.625	1.0849
508.75	1.0849
508.875	1.0849
509.0	1.0856
509.125	1.0872
509.25	1.0888
509.375	1.0872
509.5	1.0872
509.625	1.088
509.75	1.0888
509.875	1.0896
510.0	1.0896
510.125	1.0896
510.25	1.0896
510.375	1.0896
510.5	1.0911
510.625	1.0896
510.75	1.0911
510.875	1.0943
511.0	1.0943
511.125	1.0911
511.25	1.0943
511.375	1.0927
511.5	1.0943
511.625	1.0943
511.75	1.0943
511.875	1.0943
512.0	1.0943
512.125	1.0943
512.25	1.0943
512.375	1.0943
512.5	1.0951
512.625	1.0943
512.75	1.099
512.875	1.0943
513.0	1.0974
513.125	1.099
513.25	1.0982
513.375	1.0966
513.5	1.099
513.625	1.099
513.75	1.0959
513.875	1.0943
514.0	1.0951
514.125	1.099
514.25	1.099
514.375	1.0943
514.5	1.0951
514.625	1.099
514.75	1.099
514.875	1.099
515.0	1.099
515.125	1.099
515.25	1.099
515.375	1.1006
515.5	1.099
515.625	1.099
515.75	1.1006
515.875	1.1022
516.0	1.1014
516.125	1.1022
516.25	1.1037
516.375	1.1037
516.5	1.1037
516.625	1.1037
516.75	1.1029
516.875	1.1037
517.0	1.1014
517.125	1.1037
517.25	1.099
517.375	1.1014
517.5	1.1006
517.625	1.0998
517.75	1.0998
517.875	1.1029
518.0	1.1006
518.125	1.1014
518.25	1.1014
518.375	1.1006
518.5	1.1022
518.625	1.099
518.75	1.1006
518.875	1.1022
519.0	1.0998
519.125	1.099
519.25	1.0998
519.375	1.099
519.5	1.099
519.625	1.099
519.75	1.099
519.875	1.099
520.0	1.099
520.125	1.099
520.25	1.099
520.375	1.099
520.5	1.099
520.625	1.099
520.75	1.0982
520.875	1.099
521.0	1.099
521.125	1.099
521.25	1.0959
521.375	1.0927
521.5	1.0896
521.625	1.0943
521.75	1.0974
521.875	1.0951
522.0	1.0943
522.125	1.0943
522.25	1.0943
522.375	1.0951
522.5	1.0943
522.625	1.0943
522.75	1.0943
522.875	1.0943
523.0	1.0927
523.125	1.0943
523.25	1.0927
523.375	1.0904
523.5	1.0896
523.625	1.0896
523.75	1.0896
523.875	1.0896
524.0	1.0896
524.125	1.0896
524.25	1.0888
524.375	1.0896
524.5	1.0896
524.625	1.0864
524.75	1.0856
524.875	1.0856
525.0	1.0856
525.125	1.0849
525.25	1.0841
525.375	1.0841
525.5	1.0849
525.625	1.0849
525.75	1.0833
525.875	1.0841
526.0	1.0841
526.125	1.0833
526.25	1.0801
526.375	1.0801
526.5	1.0801
526.625	1.0801
526.75	1.0801
526.875	1.0801
527.0	1.0778
527.125	1.0801
527.25	1.0762
527.375	1.0778
527.5	1.0762
527.625	1.0754
527.75	1.0754
527.875	1.0754
528.0	1.0754
528.125	1.0738
528.25	1.0754
528.375	1.0731
528.5	1.0707
528.625	1.0715
528.75	1.0715
528.875	1.0707
529.0	1.0707
529.125	1.0707
529.25	1.0699
529.375	1.0668
529.5	1.066
529.625	1.0683
529.75	1.066
529.875	1.0668
530.0	1.066
530.125	1.066
530.25	1.0652
530.375	1.0652
530.5	1.066
530.625	1.0613
530.75	1.0613
530.875	1.0613
531.0	1.0613
531.125	1.0597
531.25	1.0573
531.375	1.0597
531.5	1.0566
531.625	1.0566
531.75	1.0566
531.875	1.0542
532.0	1.0566
532.125	1.0566
532.25	1.0518
532.375	1.0518
532.5	1.0518
532.625	1.0518
532.75	1.0518
532.875	1.0518
533.0	1.0518
533.125	1.0495
533.25	1.0487
533.375	1.0471
533.5	1.0471
533.625	1.0448
533.75	1.0471
533.875	1.044
534.0	1.044
534.125	1.0424
534.25	1.0424
534.375	1.0424
534.5	1.04
534.625	1.04
534.75	1.0377
534.875	1.0377
535.0	1.0377
535.125	1.0385
535.25	1.0377
535.375	1.0338
535.5	1.0353
535.625	1.033
535.75	1.0345
535.875	1.033
536.0	1.0314
536.125	1.0283
536.25	1.029
536.375	1.0283
536.5	1.0298
536.625	1.0283
536.75	1.0283
536.875	1.0283
537.0	1.0283
537.125	1.0275
537.25	1.0267
537.375	1.0235
537.5	1.0235
537.625	1.0235
537.75	1.0204
537.875	1.0196
538.0	1.0196
538.125	1.0188
538.25	1.0188
538.375	1.0188
538.5	1.0157
538.625	1.0149
538.75	1.0141
538.875	1.0141
539.0	1.0141
539.125	1.0125
539.25	1.011
539.375	1.0094
539.5	1.0094
539.625	1.0094
539.75	1.0055
539.875	1.0047
540.0	1.0047
540.125	1.0047
540.25	1.0047
540.375	1.0031
540.5	1.0007
540.625	1.0
540.75	1.0
540.875	0.9992
541.0	1.0
541.125	0.9976
541.25	0.9952
541.375	0.996
541.5	0.9952
541.625	0.9944
541.75	0.9921
541.875	0.9905
542.0	0.9905
542.125	0.9905
542.25	0.9882
542.375	0.9858
542.5	0.9858
542.625	0.9897
542.75	0.9858
542.875	0.9858
543.0	0.9858
543.125	0.9858
543.25	0.9811
543.375	0.9819
543.5	0.9811
543.625	0.9811
543.75	0.9787
543.875	0.9795
544.0	0.9779
544.125	0.9764
544.25	0.9764
544.375	0.9764
544.5	0.9748
544.625	0.9724
544.75	0.9716
544.875	0.9716
545.0	0.9701
545.125	0.9685
545.25	0.9677
545.375	0.9669
545.5	0.9669
545.625	0.9638
545.75	0.963
545.875	0.9575
546.0	0.9661
546.125	0.952
546.25	0.9528
546.375	0.9567
546.5	0.9528
546.625	0.9528
546.75	0.9528
546.875	0.9496
547.0	0.9512
547.125	0.9528
547.25	0.9528
547.375	0.952
547.5	0.9481
547.625	0.9481
547.75	0.9473
547.875	0.9449
548.0	0.9449
548.125	0.9426
548.25	0.9433
548.375	0.9418
548.5	0.941
548.625	0.9386
548.75	0.9386
548.875	0.9386
549.0	0.9371
549.125	0.9363
549.25	0.9339
549.375	0.9339
549.5	0.9331
549.625	0.9331
549.75	0.9292
549.875	0.93
550.0	0.9292
550.125	0.9292
550.25	0.9268
550.375	0.9245
550.5	0.9245
550.625	0.9245
550.75	0.9245
550.875	0.9229
551.0	0.9245
551.125	0.9198
551.25	0.9198
551.375	0.919
551.5	0.9166
551.625	0.915
551.75	0.915
551.875	0.915
552.0	0.9143
552.125	0.9103
552.25	0.9103
552.375	0.915
552.5	0.9119
552.625	0.9111
552.75	0.9103
552.875	0.9095
553.0	0.9072
553.125	0.9056
553.25	0.9056
553.375	0.9048
553.5	0.9033
553.625	0.9025
553.75	0.9025
553.875	0.9017
554.0	0.8993
554.125	0.9009
554.25	0.897
554.375	0.8962
554.5	0.8954
554.625	0.893
554.75	0.893
554.875	0.8915
555.0	0.8915
555.125	0.8915
555.25	0.8891
555.375	0.8883
555.5	0.8867
555.625	0.8867
555.75	0.8867
555.875	0.8852
556.0	0.8836
556.125	0.882
556.25	0.882
556.375	0.8812
556.5	0.8789
556.625	0.8773
556.75	0.8773
556.875	0.8757
557.0	0.8757
557.125	0.8757
557.25	0.8726
557.375	0.8726
557.5	0.8718
557.625	0.8702
557.75	0.8687
557.875	0.8679
558.0	0.8679
558.125	0.8671
558.25	0.8639
558.375	0.8632
558.5	0.8632
558.625	0.8616
558.75	0.8592
558.875	0.8584
559.0	0.8584
559.125	0.8584
559.25	0.8569
559.375	0.8553
559.5	0.8537
559.625	0.8537
559.75	0.8537
559.875	0.8514
560.0	0.849
560.125	0.849
560.25	0.8482
560.375	0.849
560.5	0.8459
560.625	0.8443
560.75	0.8443
560.875	0.8419
561.0	0.8404
561.125	0.8356
561.25	0.8396
561.375	0.8396
561.5	0.8388
561.625	0.8356
561.75	0.8349
561.875	0.8309
562.0	0.8317
562.125	0.8317
562.25	0.8301
562.375	0.8294
562.5	0.8278
562.625	0.8262
562.75	0.8254
562.875	0.8286
563.0	0.827
563.125	0.8254
563.25	0.8238
563.375	0.8238
563.5	0.8207
563.625	0.8207
563.75	0.8183
563.875	0.8183
564.0	0.816
564.125	0.8152
564.25	0.816
564.375	0.8136
564.5	0.8113
564.625	0.8113
564.75	0.8105
564.875	0.8089
565.0	0.8089
565.125	0.8073
565.25	0.8066
565.375	0.8066
565.5	0.8026
565.625	0.8018
565.75	0.8034
565.875	0.8018
566.0	0.8011
566.125	0.7979
566.25	0.8018
566.375	0.8018
566.5	0.7971
566.625	0.7971
566.75	0.7971
566.875	0.7932
567.0	0.7924
567.125	0.7924
567.25	0.7924
567.375	0.7916
567.5	0.7893
567.625	0.79
567.75	0.7877
567.875	0.7869
568.0	0.7861
568.125	0.7869
568.25	0.783
568.375	0.783
568.5	0.7838
568.625	0.783
568.75	0.783
568.875	0.7814
569.0	0.7783
569.125	0.7783
569.25	0.7783
569.375	0.7783
569.5	0.7775
569.625	0.7735
569.75	0.7735
569.875	0.7735
570.0	0.7688
570.125	0.772
570.25	0.7688
570.375	0.7688
570.5	0.7688
570.625	0.7688
570.75	0.768
570.875	0.7641
571.0	0.7688
571.125	0.7657
571.25	0.7641
571.375	0.7633
571.5	0.7641
571.625	0.7594
571.75	0.7594
571.875	0.7594
572.0	0.7594
572.125	0.7547
572.25	0.757
572.375	0.7547
572.5	0.7547
572.625	0.7531
572.75	0.75
572.875	0.75
573.0	0.7507
573.125	0.7515
573.25	0.75
573.375	0.75
573.5	0.7492
573.625	0.75
573.75	0.7476
573.875	0.746
574.0	0.7452
574.125	0.7444
574.25	0.7452
574.375	0.7452
574.5	0.7437
574.625	0.7421
574.75	0.7405
574.875	0.7405
575.0	0.7382
575.125	0.7389
575.25	0.7366
575.375	0.7358
575.5	0.7366
575.625	0.7358
575.75	0.7358
575.875	0.7311
576.0	0.7311
576.125	0.7311
576.25	0.7311
576.375	0.7295
576.5	0.7264
576.625	0.7264
576.75	0.7264
576.875	0.7264
577.0	0.7256
577.125	0.7264
577.25	0.7264
577.375	0.724
577.5	0.7216
577.625	0.7216
577.75	0.7216
577.875	0.7193
578.0	0.7216
578.125	0.7216
578.25	0.7169
578.375	0.7169
578.5	0.7169
578.625	0.7154
578.75	0.7138
578.875	0.7122
579.0	0.7122
579.125	0.7122
579.25	0.7122
579.375	0.7106
579.5	0.7122
579.625	0.7083
579.75	0.7083
579.875	0.7075
580.0	0.7075
580.125	0.7067
580.25	0.7075
580.375	0.7044
580.5	0.7036
580.625	0.7028
580.75	0.7028
580.875	0.7028
581.0	0.7028
581.125	0.7028
581.25	0.7004
581.375	0.6981
581.5	0.6981
581.625	0.6988
581.75	0.6981
581.875	0.6981
582.0	0.6965
582.125	0.6933
582.25	0.6957
582.375	0.6933
582.5	0.6933
582.625	0.6933
582.75	0.6933
582.875	0.691
583.0	0.6894
583.125	0.6894
583.25	0.6878
583.375	0.6886
583.5	0.6886
583.625	0.6886
583.75	0.6863
583.875	0.6886
584.0	0.6871
584.125	0.6847
584.25	0.6839
584.375	0.6839
584.5	0.6839
584.625	0.6839
584.75	0.6823
584.875	0.6808
585.0	0.6792
585.125	0.6792
585.25	0.6792
585.375	0.6768
585.5	0.6792
585.625	0.6792
585.75	0.6776
585.875	0.6776
586.0	0.6776
586.125	0.6745
586.25	0.6745
586.375	0.6745
586.5	0.6745
586.625	0.6745
586.75	0.6721
586.875	0.6705
587.0	0.6721
587.125	0.6705
587.25	0.6698
587.375	0.6698
587.5	0.669
587.625	0.6698
587.75	0.669
587.875	0.6666
588.0	0.6658
588.125	0.6658
588.25	0.665
588.375	0.665
588.5	0.665
588.625	0.6643
588.75	0.6611
588.875	0.6627
589.0	0.6603
589.125	0.6603
589.25	0.6603
589.375	0.6595
589.5	0.6603
589.625	0.6556
589.75	0.6556
589.875	0.6556
590.0	0.6556
590.125	0.6556
590.25	0.654
590.375	0.6533
590.5	0.6533
590.625	0.6517
590.75	0.6509
590.875	0.6517
591.0	0.6525
591.125	0.6509
591.25	0.6509
591.375	0.6509
591.5	0.6477
591.625	0.6493
591.75	0.647
591.875	0.6509
592.0	0.647
592.125	0.647
592.25	0.6462
592.375	0.6462
592.5	0.6462
592.625	0.6462
592.75	0.6454
592.875	0.6438
593.0	0.6415
593.125	0.6415
593.25	0.6415
593.375	0.6415
593.5	0.6415
593.625	0.6407
593.75	0.6399
593.875	0.6391
594.0	0.6367
594.125	0.6367
594.25	0.6367
594.375	0.6367
594.5	0.6367
594.625	0.6344
594.75	0.6344
594.875	0.6336
595.0	0.632
595.125	0.632
595.25	0.632
595.375	0.632
595.5	0.632
595.625	0.632
595.75	0.632
595.875	0.632
596.0	0.6289
596.125	0.6305
596.25	0.6273
596.375	0.6297
596.5	0.6273
596.625	0.6273
596.75	0.6273
596.875	0.6265
597.0	0.625
597.125	0.6226
597.25	0.6226
597.375	0.6226
597.5	0.6226
597.625	0.6226
597.75	0.621
597.875	0.621
598.0	0.6226
598.125	0.6202
598.25	0.6194
598.375	0.6187
598.5	0.6179
598.625	0.6179
598.75	0.6179
598.875	0.6179
599.0	0.6139
599.125	0.6147
599.25	0.6155
599.375	0.6132
599.5	0.6132
599.625	0.6124
599.75	0.6132
599.875	0.6132
600.0	0.6132
600.125	0.6108
600.25	0.6116
600.375	0.6108
600.5	0.6084
600.625	0.6084
600.75	0.6084
600.875	0.6084
601.0	0.6084
601.125	0.6084
601.25	0.6084
601.375	0.6069
601.5	0.6053
601.625	0.6061
601.75	0.6037
601.875	0.6037
602.0	0.6037
602.125	0.6037
602.25	0.6029
602.375	0.6022
602.5	0.5998
602.625	0.6014
602.75	0.599
602.875	0.599
603.0	0.599
603.125	0.599
603.25	0.599
603.375	0.5974
603.5	0.5951
603.625	0.5943
603.75	0.5943
603.875	0.5943
604.0	0.5943
604.125	0.5943
604.25	0.5927
604.375	0.5943
604.5	0.5904
604.625	0.5911
604.75	0.5911
604.875	0.5904
605.0	0.5896
605.125	0.5896
605.25	0.5896
605.375	0.5896
605.5	0.5896
605.625	0.5888
605.75	0.5849
605.875	0.5849
606.0	0.5872
606.125	0.5849
606.25	0.5849
606.375	0.5849
606.5	0.5849
606.625	0.5833
606.75	0.5809
606.875	0.5817
607.0	0.5825
607.125	0.5801
607.25	0.5801
607.375	0.5801
607.5	0.5801
607.625	0.5762
607.75	0.5762
607.875	0.577
608.0	0.5754
608.125	0.5754
608.25	0.5754
608.375	0.5738
608.5	0.5746
608.625	0.5754
608.75	0.5738
608.875	0.5715
609.0	0.5723
609.125	0.5707
609.25	0.5707
609.375	0.5707
609.5	0.5683
609.625	0.566
609.75	0.566
609.875	0.566
610.0	0.566
610.125	0.566
610.25	0.5644
610.375	0.5652
610.5	0.5628
610.625	0.5613
610.75	0.5613
610.875	0.5613
611.0	0.5613
611.125	0.5613
611.25	0.5597
611.375	0.5573
611.5	0.5566
611.625	0.5566
611.75	0.5566
611.875	0.5566
612.0	0.5558
612.125	0.555
612.25	0.5534
612.375	0.5518
612.5	0.5518
612.625	0.5518
612.75	0.5518
612.875	0.5518
613.0	0.5495
613.125	0.5471
613.25	0.5471
613.375	0.5471
613.5	0.5455
613.625	0.5471
613.75	0.5463
613.875	0.5471
614.0	0.5432
614.125	0.5424
614.25	0.5424
614.375	0.5424
614.5	0.5424
614.625	0.5416
614.75	0.54
614.875	0.5377
615.0	0.5377
615.125	0.5377
615.25	0.5377
615.375	0.5377
615.5	0.5377
615.625	0.5353
615.75	0.533
615.875	0.533
616.0	0.533
616.125	0.5322
616.25	0.5298
616.375	0.5306
616.5	0.5283
616.625	0.5283
616.75	0.5275
616.875	0.5283
617.0	0.5267
617.125	0.5259
617.25	0.5259
617.375	0.5235
617.5	0.5235
617.625	0.5235
617.75	0.5204
617.875	0.5196
618.0	0.5204
618.125	0.5188
618.25	0.5188
618.375	0.5188
618.5	0.5188
618.625	0.518
618.75	0.5188
618.875	0.5141
619.0	0.5141
619.125	0.5133
619.25	0.5141
619.375	0.5133
619.5	0.5094
619.625	0.5094
619.75	0.5094
619.875	0.5094
620.0	0.5078
620.125	0.5086
620.25	0.507
620.375	0.5062
620.5	0.5047
620.625	0.5047
620.75	0.5047
620.875	0.5047
621.0	0.5031
621.125	0.5007
621.25	0.5
621.375	0.5
621.5	0.4968
621.625	0.4968
621.75	0.4952
621.875	0.4952
622.0	0.4952
622.125	0.4937
622.25	0.4929
622.375	0.4905
622.5	0.4905
622.625	0.4905
622.75	0.4905
622.875	0.4905
623.0	0.4889
623.125	0.4889
623.25	0.4866
623.375	0.4858
623.5	0.4858
623.625	0.4858
623.75	0.4811
623.875	0.4811
624.0	0.4819
624.125	0.4811
624.25	0.4811
624.375	0.4795
624.5	0.4795
624.625	0.4779
624.75	0.4764
624.875	0.4764
625.0	0.4764
625.125	0.4764
625.25	0.4756
625.375	0.4716
625.5	0.4716
625.625	0.4716
625.75	0.4716
625.875	0.4701
626.0	0.4669
626.125	0.4669
626.25	0.4669
626.375	0.4669
626.5	0.463
626.625	0.463
626.75	0.4622
626.875	0.4622
627.0	0.4622
627.125	0.4614
627.25	0.4599
627.375	0.4599
627.5	0.4575
627.625	0.4575
627.75	0.4575
627.875	0.4567
628.0	0.4544
628.125	0.4536
628.25	0.4528
628.375	0.4528
628.5	0.4528
628.625	0.4512
628.75	0.4481
628.875	0.4481
629.0	0.4481
629.125	0.4481
629.25	0.4465
629.375	0.4481
629.5	0.4441
629.625	0.4433
629.75	0.4433
629.875	0.4433
630.0	0.4426
630.125	0.4418
630.25	0.4426
630.375	0.4386
630.5	0.4386
630.625	0.4386
630.75	0.4363
630.875	0.4339
631.0	0.4347
631.125	0.4339
631.25	0.4339
631.375	0.4316
631.5	0.43
631.625	0.4292
631.75	0.4292
631.875	0.4292
632.0	0.4292
632.125	0.4268
632.25	0.4245
632.375	0.4245
632.5	0.4245
632.625	0.4245
632.75	0.4245
632.875	0.4213
633.0	0.4198
633.125	0.4198
633.25	0.4182
633.375	0.4198
633.5	0.415
633.625	0.415
633.75	0.4158
633.875	0.415
634.0	0.4143
634.125	0.4135
634.25	0.4103
634.375	0.4103
634.5	0.4103
634.625	0.4095
634.75	0.4088
634.875	0.408
635.0	0.4064
635.125	0.4056
635.25	0.4056
635.375	0.404
635.5	0.4017
635.625	0.4009
635.75	0.4009
635.875	0.4009
636.0	0.4001
636.125	0.3977
636.25	0.3962
636.375	0.3962
636.5	0.3962
636.625	0.3938
636.75	0.393
636.875	0.3915
637.0	0.3915
637.125	0.3915
637.25	0.3875
637.375	0.3867
637.5	0.3867
637.625	0.3867
637.75	0.386
637.875	0.3852
638.0	0.3828
638.125	0.382
638.25	0.382
638.375	0.382
638.5	0.3773
638.625	0.3773
638.75	0.3773
638.875	0.3773
639.0	0.3773
639.125	0.3773
639.25	0.3765
639.375	0.3726
639.5	0.3726
639.625	0.3726
639.75	0.3718
639.875	0.3694
640.0	0.3694
640.125	0.3679
640.25	0.3647
640.375	0.3655
640.5	0.3655
640.625	0.3632
640.75	0.3632
640.875	0.3632
641.0	0.3616
641.125	0.3584
641.25	0.3584
641.375	0.3584
641.5	0.3584
641.625	0.3584
641.75	0.3584
641.875	0.3561
642.0	0.3537
642.125	0.3545
642.25	0.3522
642.375	0.3529
642.5	0.349
642.625	0.3498
642.75	0.349
642.875	0.349
643.0	0.3474
643.125	0.3443
643.25	0.3443
643.375	0.3443
643.5	0.3443
643.625	0.3396
643.75	0.3404
643.875	0.3396
644.0	0.3396
644.125	0.3396
644.25	0.3372
644.375	0.3364
644.5	0.3349
644.625	0.3349
644.75	0.3333
644.875	0.3317
645.0	0.3301
645.125	0.3301
645.25	0.3301
645.375	0.3301
645.5	0.3278
645.625	0.3254
645.75	0.3254
645.875	0.3254
646.0	0.3231
646.125	0.3215
646.25	0.3207
646.375	0.3207
646.5	0.3207
646.625	0.3207
646.75	0.3176
646.875	0.316
647.0	0.316
647.125	0.316
647.25	0.3152
647.375	0.3136
647.5	0.3113
647.625	0.3113
647.75	0.3113
647.875	0.3113
648.0	0.3105
648.125	0.3073
648.25	0.3066
648.375	0.3066
648.5	0.3066
648.625	0.3042
648.75	0.3026
648.875	0.3026
649.0	0.3018
649.125	0.3018
649.25	0.3011
649.375	0.2995
649.5	0.2971
649.625	0.2971
649.75	0.2971
649.875	0.2963
650.0	0.2932
650.125	0.294
650.25	0.2924
650.375	0.2916
650.5	0.2924
650.625	0.2908
650.75	0.2908
650.875	0.2877
651.0	0.2877
651.125	0.2869
651.25	0.2869
651.375	0.2861
651.5	0.2838
651.625	0.283
651.75	0.283
651.875	0.283
652.0	0.2806
652.125	0.2783
652.25	0.2783
652.375	0.2783
652.5	0.2783
652.625	0.2751
652.75	0.2743
652.875	0.2735
653.0	0.2735
653.125	0.2735
653.25	0.2735
653.375	0.2727
653.5	0.2688
653.625	0.2696
653.75	0.2688
653.875	0.268
654.0	0.268
654.125	0.2641
654.25	0.2641
654.375	0.2641
654.5	0.2641
654.625	0.2641
654.75	0.261
654.875	0.2594
655.0	0.2594
655.125	0.2594
655.25	0.2594
655.375	0.2562
655.5	0.2547
655.625	0.2547
655.75	0.2547
655.875	0.2547
656.0	0.2531
656.125	0.2539
656.25	0.2515
656.375	0.25
656.5	0.25
656.625	0.25
656.75	0.2476
656.875	0.2452
657.0	0.2476
657.125	0.2452
657.25	0.2452
657.375	0.2437
657.5	0.2421
657.625	0.2405
657.75	0.2405
657.875	0.2405
658.0	0.2405
658.125	0.2389
658.25	0.2382
658.375	0.2358
658.5	0.2358
658.625	0.2358
658.75	0.2358
658.875	0.2327
659.0	0.2334
659.125	0.2311
659.25	0.2311
659.375	0.2311
659.5	0.2311
659.625	0.2264
659.75	0.2264
659.875	0.2264
660.0	0.2264
660.125	0.2264
660.25	0.2248
660.375	0.224
660.5	0.2232
660.625	0.2216
660.75	0.2216
660.875	0.2216
661.0	0.2216
661.125	0.2177
661.25	0.2177
661.375	0.2169
661.5	0.2169
661.625	0.2169
661.75	0.2169
661.875	0.2169
662.0	0.2146
662.125	0.213
662.25	0.2122
662.375	0.2122
662.5	0.2122
662.625	0.2114
662.75	0.2091
662.875	0.2075
663.0	0.2083
663.125	0.2075
663.25	0.2075
663.375	0.2059
663.5	0.2028
663.625	0.2036
663.75	0.2028
663.875	0.2028
664.0	0.202
664.125	0.202
664.25	0.1981
664.375	0.1981
664.5	0.1981
664.625	0.1981
664.75	0.1981
664.875	0.1965
665.0	0.1949
665.125	0.1957
665.25	0.1933
665.375	0.1933
665.5	0.1933
665.625	0.1918
665.75	0.1918
665.875	0.1894
666.0	0.1886
666.125	0.1886
666.25	0.1886
666.375	0.1886
666.5	0.1871
666.625	0.1878
666.75	0.1878
666.875	0.1839
667.0	0.1839
667.125	0.1839
667.25	0.1839
667.375	0.1823
667.5	0.1823
667.625	0.18
667.75	0.18
667.875	0.1792
668.0	0.1792
668.125	0.1784
668.25	0.1792
668.375	0.1776
668.5	0.1745
668.625	0.1745
668.75	0.1745
668.875	0.1745
669.0	0.1745
669.125	0.1721
669.25	0.1737
669.375	0.1705
669.5	0.1698
669.625	0.1698
669.75	0.1698
669.875	0.1698
670.0	0.169
670.125	0.1674
670.25	0.1666
670.375	0.165
670.5	0.165
670.625	0.165
670.75	0.165
670.875	0.165
671.0	0.1643
671.125	0.1619
671.25	0.1603
671.375	0.1627
671.5	0.1603
671.625	0.1603
671.75	0.1603
671.875	0.1603
672.0	0.1603
672.125	0.1595
672.25	0.158
672.375	0.1572
672.5	0.1556
672.625	0.1556
672.75	0.1556
672.875	0.1556
673.0	0.1556
673.125	0.1533
673.25	0.1525
673.375	0.1525
673.5	0.1517
673.625	0.1509
673.75	0.1509
673.875	0.1509
674.0	0.1493
674.125	0.1501
674.25	0.1501
674.375	0.1485
674.5	0.1485
674.625	0.1462
674.75	0.147
674.875	0.1462
675.0	0.1462
675.125	0.1462
675.25	0.1446
675.375	0.1438
675.5	0.1415
675.625	0.1415
675.75	0.1415
675.875	0.1415
676.0	0.1415
676.125	0.1399
676.25	0.1399
676.375	0.1383
676.5	0.1391
676.625	0.1375
676.75	0.1367
676.875	0.1367
677.0	0.1367
677.125	0.1367
677.25	0.1367
677.375	0.1344
677.5	0.1328
677.625	0.1336
677.75	0.132
677.875	0.132
678.0	0.132
678.125	0.132
678.25	0.132
678.375	0.1312
678.5	0.1312
678.625	0.1289
678.75	0.1289
678.875	0.1289
679.0	0.1273
679.125	0.1273
679.25	0.1273
679.375	0.1265
679.5	0.1273
679.625	0.1257
679.75	0.1242
679.875	0.1234
680.0	0.1226
680.125	0.1234
680.25	0.1226
680.375	0.1226
680.5	0.1226
680.625	0.1226
680.75	0.1218
680.875	0.1187
681.0	0.1187
681.125	0.1187
681.25	0.1179
681.375	0.1179
681.5	0.1179
681.625	0.1179
681.75	0.1171
681.875	0.1171
682.0	0.1132
682.125	0.1132
682.25	0.1132
682.375	0.1132
682.5	0.1132
682.625	0.1132
682.75	0.1132
682.875	0.1124
683.0	0.1124
683.125	0.1092
683.25	0.1108
683.375	0.1084
683.5	0.1084
683.625	0.1084
683.75	0.1084
683.875	0.1084
684.0	0.1069
684.125	0.1069
684.25	0.1053
684.375	0.1045
684.5	0.1037
684.625	0.1037
684.75	0.1037
684.875	0.1037
685.0	0.1037
685.125	0.1037
685.25	0.1037
685.375	0.1029
685.5	0.1014
685.625	0.099
685.75	0.099
685.875	0.099
686.0	0.099
686.125	0.099
686.25	0.0974
686.375	0.0966
686.5	0.0943
686.625	0.0943
686.75	0.0943
686.875	0.0943
687.0	0.0943
687.125	0.0943
687.25	0.0943
687.375	0.0943
687.5	0.0935
687.625	0.0911
687.75	0.0919
687.875	0.0904
688.0	0.0904
688.125	0.0904
688.25	0.0896
688.375	0.0896
688.5	0.0888
688.625	0.0896
688.75	0.088
688.875	0.0888
689.0	0.0864
689.125	0.0872
689.25	0.0864
689.375	0.0849
689.5	0.0849
689.625	0.0841
689.75	0.0833
689.875	0.0841
690.0	0.0841
690.125	0.0833
690.25	0.0817
690.375	0.0809
690.5	0.0801
690.625	0.0801
690.75	0.0801
690.875	0.0801
691.0	0.0801
691.125	0.0794
691.25	0.0794
691.375	0.077
691.5	0.0778
691.625	0.0762
691.75	0.0762
691.875	0.0754
692.0	0.0754
692.125	0.0754
692.25	0.0754
692.375	0.0754
692.5	0.0754
692.625	0.0738
692.75	0.0738
692.875	0.0707
693.0	0.0723
693.125	0.0723
693.25	0.0715
693.375	0.0723
693.5	0.0707
693.625	0.0707
693.75	0.0707
693.875	0.0707
694.0	0.0707
694.125	0.0699
694.25	0.0707
694.375	0.0683
694.5	0.0683
694.625	0.066
694.75	0.0668
694.875	0.0676
695.0	0.066
695.125	0.066
695.25	0.066
695.375	0.066
695.5	0.0644
695.625	0.0644
695.75	0.0644
695.875	0.0644
696.0	0.0644
696.125	0.0636
696.25	0.0628
696.375	0.0613
696.5	0.0613
696.625	0.0613
696.75	0.0628
696.875	0.0613
697.0	0.0613
697.125	0.0613
697.25	0.0613
697.375	0.0605
697.5	0.0581
697.625	0.0597
697.75	0.0589
697.875	0.0573
698.0	0.0566
698.125	0.0566
698.25	0.0566
698.375	0.0566
698.5	0.0566
698.625	0.0566
698.75	0.0566
698.875	0.055
699.0	0.0558
699.125	0.055
699.25	0.0534
699.375	0.0542
699.5	0.0526
699.625	0.0526
699.75	0.0526
699.875	0.0518
700.0	0.0526
700.125	0.0518
700.25	0.0518
700.375	0.0518
700.5	0.0518
700.625	0.0518
700.75	0.0495
700.875	0.0518
701.0	0.0518
701.125	0.0511
701.25	0.0487
701.375	0.0487
701.5	0.0471
701.625	0.0479
701.75	0.0471
701.875	0.0471
702.0	0.0471
702.125	0.0471
702.25	0.0471
702.375	0.0471
702.5	0.0463
702.625	0.0471
702.75	0.0471
702.875	0.044
703.0	0.0471
703.125	0.0455
703.25	0.0463
703.375	0.044
703.5	0.0432
703.625	0.0424
703.75	0.0432
703.875	0.044
704.0	0.0424
704.125	0.0424
704.25	0.0424
704.375	0.0424
704.5	0.0424
704.625	0.0424
704.75	0.0424
704.875	0.0424
705.0	0.0424
705.125	0.0416
705.25	0.0408
705.375	0.04
705.5	0.0377
705.625	0.0393
705.75	0.0377
705.875	0.0393
706.0	0.0377
706.125	0.0385
706.25	0.0377
706.375	0.0377
706.5	0.0377
706.625	0.0377
706.75	0.0377
706.875	0.0377
707.0	0.0377
707.125	0.0353
707.25	0.0377
707.375	0.0377
707.5	0.0369
707.625	0.0377
707.75	0.0353
707.875	0.0345
708.0	0.033
708.125	0.0338
708.25	0.0338
708.375	0.033
708.5	0.033
708.625	0.0345
708.75	0.033
708.875	0.033
709.0	0.033
709.125	0.033
709.25	0.033
709.375	0.033
709.5	0.033
709.625	0.033
709.75	0.033
709.875	0.0322
710.0	0.0314
710.125	0.0322
710.25	0.029
710.375	0.029
710.5	0.0298
710.625	0.029
710.75	0.0306
710.875	0.029
711.0	0.0283
711.125	0.029
711.25	0.0298
711.375	0.0283
711.5	0.0283
711.625	0.0283
711.75	0.0283
711.875	0.029
712.0	0.0275
712.125	0.0283
712.25	0.0267
712.375	0.0283
712.5	0.0283
712.625	0.0283
712.75	0.0267
712.875	0.0275
713.0	0.0267
713.125	0.0259
713.25	0.0267
713.375	0.0259
713.5	0.0259
713.625	0.0259
713.75	0.0251
713.875	0.0243
714.0	0.0235
714.125	0.0235
714.25	0.0235
714.375	0.0235
714.5	0.0235
714.625	0.0235
714.75	0.0243
714.875	0.0235
715.0	0.0235
715.125	0.0235
715.25	0.0235
715.375	0.0243
715.5	0.0235
715.625	0.0235
715.75	0.0235
715.875	0.0227
716.0	0.0204
716.125	0.0204
716.25	0.0212
716.375	0.0212
716.5	0.0188
716.625	0.0204
716.75	0.0196
716.875	0.0212
717.0	0.0188
717.125	0.0196
717.25	0.0212
717.375	0.0196
717.5	0.0188
717.625	0.0188
717.75	0.0196
717.875	0.0188
718.0	0.0188
718.125	0.0196
718.25	0.0188
718.375	0.0188
718.5	0.0188
718.625	0.0188
718.75	0.0188
718.875	0.0188
719.0	0.0188
719.125	0.018
719.25	0.018
719.375	0.0188
719.5	0.0165
719.625	0.018
719.75	0.0172
719.875	0.018
720.0	0.0165
720.125	0.0188
720.25	0.0165
720.375	0.0165
720.5	0.0157
720.625	0.0149
720.75	0.0157
720.875	0.018
721.0	0.0149
721.125	0.0165
721.25	0.0149
721.375	0.0141
721.5	0.0141
721.625	0.0149
721.75	0.0157
721.875	0.0141
722.0	0.0141
722.125	0.0141
722.25	0.0141
722.375	0.0141
722.5	0.0141
722.625	0.0141
722.75	0.0141
722.875	0.0141
723.0	0.0141
723.125	0.0141
723.25	0.0141
723.375	0.0141
723.5	0.0141
723.625	0.0133
723.75	0.0141
723.875	0.0141
724.0	0.0141
724.125	0.0133
724.25	0.0125
724.375	0.0141
724.5	0.0094
724.625	0.0117
724.75	0.0102
724.875	0.0102
725.0	0.0117
725.125	0.0125
725.25	0.011
725.375	0.0094
725.5	0.011
725.625	0.011
725.75	0.011
725.875	0.0102
726.0	0.0094
726.125	0.0094
726.25	0.0094
726.375	0.0102
726.5	0.0094
726.625	0.0094
726.75	0.0094
726.875	0.0094
727.0	0.0102
727.125	0.0102
727.25	0.0094
727.375	0.011
727.5	0.0102
727.625	0.0094
727.75	0.0094
727.875	0.0094
728.0	0.0094
728.125	0.0094
728.25	0.0086
728.375	0.0094
728.5	0.0094
728.625	0.0094
728.75	0.0094
728.875	0.0094
729.0	0.0094
729.125	0.0094
729.25	0.0094
729.375	0.0086
729.5	0.0094
729.625	0.0078
729.75	0.0062
729.875	0.0094
730.0	0.0086
730.125	0.0094
730.25	0.0078
730.375	0.0078
730.5	0.007
730.625	0.007
730.75	0.0086
730.875	0.0078
731.0	0.0047
731.125	0.0062
731.25	0.007
731.375	0.0062
731.5	0.0047
731.625	0.0047
731.75	0.0078
731.875	0.0062
732.0	0.0055
732.125	0.0055
732.25	0.0047
732.375	0.0047
732.5	0.0047
732.625	0.0047
732.75	0.0047
732.875	0.0047
733.0	0.0047
733.125	0.0047
733.25	0.0047
733.375	0.0047
733.5	0.0047
733.625	0.0047
733.75	0.0047
733.875	0.0047
734.0	0.0047
734.125	0.0047
734.25	0.0047
734.375	0.0047
734.5	0.0047
734.625	0.0047
734.75	0.0047
734.875	0.0047
735.0	0.0047
735.125	0.0047
735.25	0.0047
735.375	0.0047
735.5	0.0047
735.625	0.0047
735.75	0.0047
735.875	0.0047
736.0	0.0039
736.125	0.0047
736.25	0.0031
736.375	0.0031
736.5	0.0047
736.625	0.0039
736.75	0.0031
736.875	0.0023
737.0	0.0039
737.125	0.0015
737.25	0.0023
737.375	0.0031
737.5	7.0E-4
737.625	0.0
737.75	0.0023
737.875	7.0E-4
738.0	7.0E-4
738.125	0.0015
738.25	7.0E-4
738.375	0.0023
738.5	7.0E-4
738.625	0.0
738.75	7.0E-4
738.875	7.0E-4
739.0	0.0015
739.125	0.0
739.25	0.0031
739.375	0.0
739.5	0.0
739.625	7.0E-4
739.75	0.0
739.875	0.0
740.0	0.0
740.125	0.0015
740.25	7.0E-4
740.375	7.0E-4
740.5	0.0
740.625	7.0E-4
740.75	0.0015
740.875	0.0
741.0	0.0
741.125	0.0
741.25	0.0
741.375	7.0E-4
741.5	0.0015
741.625	0.0
741.75	0.0
741.875	7.0E-4
742.0	0.0
742.125	7.0E-4
742.25	0.0
742.375	0.0
742.5	0.0
742.625	7.0E-4
742.75	0.0
742.875	0.0
743.0	0.0
743.125	0.0
743.25	0.0
743.375	0.0
743.5	0.0
743.625	0.0
743.75	0.0
743.875	0.0
744.0	0.0
744.125	0.0
744.25	0.0
744.375	0.0
744.5	0.0
744.625	0.0
744.75	0.0
744.875	0.0
745.0	0.0
745.125	0.0
745.25	0.0
745.375	0.0
745.5	0.0
745.625	0.0
745.75	0.0
745.875	0.0
746.0	0.0
746.125	0.0
746.25	0.0
746.375	0.0
746.5	0.0
746.625	0.0
746.75	0.0
746.875	0.0
747.0	0.0
747.125	0.0
747.25	0.0
747.375	0.0
747.5	0.0
747.625	0.0
747.75	0.0
747.875	0.0
748.0	0.0
748.125	0.0
748.25	0.0
748.375	0.0
748.5	0.0
748.625	0.0
748.75	0.0
748.875	0.0
749.0	0.0
749.125	0.0
749.25	0.0
749.375	0.0
749.5	0.0
749.625	0.0
749.75	0.0
749.875	0.0
750.0	0.0
750.125	0.0
750.25	0.0
750.375	0.0
750.5	0.0
750.625	0.0
750.75	0.0
750.875	0.0
751.0	0.0
751.125	0.0
751.25	0.0
751.375	0.0
751.5	0.0
751.625	0.0
751.75	0.0
751.875	0.0
752.0	0.0
752.125	0.0
752.25	0.0
752.375	0.0
752.5	0.0
752.625	0.0
752.75	0.0
752.875	0.0
753.0	0.0
753.125	0.0
753.25	0.0
753.375	0.0
753.5	0.0
753.625	0.0
753.75	0.0
753.875	0.0
754.0	0.0
754.125	0.0
754.25	0.0
754.375	0.0
754.5	0.0
754.625	0.0
754.75	0.0
754.875	0.0
755.0	0.0
755.125	0.0
755.25	0.0
755.375	0.0
755.5	0.0
755.625	0.0
755.75	0.0
755.875	0.0
756.0	0.0
756.125	0.0
756.25	0.0
756.375	0.0
756.5	0.0
756.625	0.0
756.75	0.0
756.875	0.0
757.0	0.0
757.125	0.0
757.25	0.0
757.375	0.0
757.5	0.0
757.625	0.0
757.75	0.0
757.875	0.0
758.0	0.0
758.125	0.0
758.25	0.0
758.375	0.0
758.5	0.0
758.625	0.0
758.75	0.0
758.875	0.0
759.0	0.0
759.125	0.0
759.25	0.0
759.375	0.0
759.5	0.0
759.625	0.0
759.75	0.0
759.875	0.0
760.0	0.0
760.125	0.0
760.25	0.0
760.375	0.0
760.5	0.0
760.625	0.0
760.75	0.0
760.875	0.0
761.0	0.0
761.125	0.0
761.25	0.0
761.375	0.0
761.5	0.0
761.625	0.0
761.75	0.0
761.875	0.0
762.0	0.0
762.125	0.0
762.25	0.0
762.375	0.0
762.5	0.0
762.625	0.0
762.75	0.0
762.875	0.0
763.0	0.0
763.125	0.0
763.25	0.0
763.375	0.0
763.5	0.0
763.625	0.0
763.75	0.0
763.875	0.0
764.0	0.0
764.125	0.0
764.25	0.0
764.375	0.0
764.5	0.0
764.625	0.0
764.75	0.0
764.875	0.0
765.0	0.0
765.125	0.0
765.25	0.0
765.375	0.0
765.5	0.0
765.625	0.0
765.75	0.0
765.875	0.0
766.0	0.0
766.125	0.0
766.25	0.0
766.375	0.0
766.5	0.0
766.625	0.0
766.75	0.0
766.875	0.0
767.0	0.0
767.125	0.0
767.25	0.0
767.375	0.0
767.5	0.0
767.625	0.0
767.75	0.0
767.875	0.0
768.0	0.0
768.125	0.0
768.25	0.0
768.375	0.0
768.5	0.0
768.625	0.0
768.75	0.0
768.875	0.0
769.0	0.0
769.125	0.0
769.25	0.0
769.375	0.0
769.5	0.0
769.625	0.0
769.75	0.0
769.875	0.0
770.0	0.0
770.125	0.0
770.25	0.0
770.375	0.0
770.5	0.0
770.625	0.0
770.75	0.0
770.875	0.0
771.0	0.0
771.125	0.0
771.25	0.0
771.375	0.0
771.5	0.0
771.625	0.0
771.75	0.0
771.875	0.0
772.0	0.0
772.125	0.0
772.25	0.0
772.375	0.0
772.5	0.0
772.625	0.0
772.75	0.0
772.875	0.0
773.0	0.0
773.125	0.0
773.25	0.0
773.375	0.0
773.5	0.0
773.625	0.0
773.75	0.0
773.875	0.0
774.0	0.0
774.125	0.0
774.25	0.0
774.375	0.0
774.5	0.0
774.625	0.0
774.75	0.0
774.875	0.0
775.0	0.0
775.125	0.0
775.25	0.0
775.375	0.0
775.5	0.0
775.625	0.0
775.75	0.0
775.875	0.0
776.0	0.0
776.125	0.0
776.25	0.0
776.375	0.0
776.5	0.0
776.625	0.0
776.75	0.0
776.875	0.0
777.0	0.0
777.125	0.0
777.25	0.0
777.375	0.0
777.5	0.0
777.625	0.0
777.75	0.0
777.875	0.0
778.0	0.0
778.125	0.0
778.25	0.0
778.375	0.0
778.5	0.0
778.625	0.0
778.75	0.0
778.875	0.0
779.0	0.0
779.125	0.0
779.25	0.0
779.375	0.0
779.5	0.0
779.625	0.0
779.75	0.0
779.875	0.0
780.0	0.0
780.125	0.0
780.25	0.0
780.375	0.0
780.5	0.0
780.625	0.0
780.75	0.0
780.875	0.0
781.0	0.0
781.125	0.0
781.25	0.0
781.375	0.0
781.5	0.0
781.625	0.0
781.75	0.0
781.875	0.0
782.0	0.0
782.125	0.0
782.25	0.0
782.375	0.0
782.5	0.0
782.625	0.0
782.75	0.0
782.875	0.0
783.0	0.0
783.125	0.0
783.25	0.0
783.375	0.0
783.5	0.0
783.625	0.0
783.75	0.0
783.875	0.0
784.0	0.0
784.125	0.0
784.25	0.0
784.375	0.0
784.5	0.0
784.625	0.0
784.75	0.0
784.875	0.0
785.0	0.0
785.125	0.0
785.25	0.0
785.375	0.0
785.5	0.0
785.625	0.0
785.75	0.0
785.875	0.0
786.0	0.0
786.125	0.0
786.25	0.0
786.375	0.0
786.5	0.0
786.625	0.0
786.75	0.0
786.875	0.0
787.0	0.0
787.125	0.0
787.25	0.0
787.375	0.0
787.5	0.0
787.625	0.0
787.75	0.0
787.875	0.0
788.0	0.0
788.125	0.0
788.25	0.0
788.375	0.0
788.5	0.0
788.625	0.0
788.75	0.0
788.875	0.0
789.0	0.0
789.125	0.0
789.25	0.0
789.375	0.0
789.5	0.0
789.625	0.0
789.75	0.0
789.875	0.0
790.0	0.0
790.125	0.0
790.25	0.0
790.375	0.0
790.5	0.0
790.625	0.0
790.75	0.0
790.875	0.0
791.0	0.0
791.125	0.0
791.25	0.0
791.375	0.0
791.5	0.0
791.625	0.0
791.75	0.0
791.875	0.0
792.0	0.0
792.125	0.0
792.25	0.0
792.375	0.0
792.5	0.0
792.625	0.0
792.75	0.0
792.875	0.0
793.0	0.0
793.125	0.0
793.25	0.0
793.375	0.0
793.5	0.0
793.625	0.0
793.75	0.0
793.875	0.0
794.0	0.0
794.125	0.0
794.25	0.0
794.375	0.0
794.5	0.0
794.625	0.0
794.75	0.0
794.875	0.0
795.0	0.0
795.125	0.0
795.25	0.0
795.375	0.0
795.5	0.0
795.625	0.0
795.75	0.0
795.875	0.0
796.0	0.0
796.125	0.0
796.25	0.0
796.375	0.0
796.5	0.0
796.625	0.0
796.75	0.0
796.875	0.0
797.0	0.0
797.125	0.0
797.25	0.0
797.375	0.0
797.5	0.0
797.625	0.0
797.75	0.0
797.875	0.0
798.0	0.0
798.125	0.0
798.25	0.0
798.375	0.0
798.5	0.0
798.625	0.0
798.75	0.0
798.875	0.0
799.0	0.0
799.125	0.0
799.25	0.0
799.375	0.0
799.5	0.0
799.625	0.0
799.75	0.0
799.875	0.0
800.0	0.0
800.125	0.0
800.25	0.0
800.375	0.0
800.5	0.0
800.625	0.0
800.75	0.0
800.875	0.0
801.0	0.0
801.125	0.0
801.25	0.0
801.375	0.0
801.5	0.0
801.625	0.0
801.75	0.0
801.875	0.0
802.0	0.0
802.125	0.0
802.25	0.0
802.375	0.0
802.5	0.0
802.625	0.0
802.75	0.0
802.875	0.0
803.0	0.0
803.125	0.0
803.25	0.0
803.375	0.0
803.5	0.0
803.625	0.0
803.75	0.0
803.875	0.0
804.0	0.0
804.125	0.0
804.25	0.0
804.375	0.0
804.5	0.0
804.625	0.0
804.75	0.0
804.875	0.0
805.0	0.0
805.125	0.0
805.25	0.0
805.375	0.0
805.5	0.0
805.625	0.0
805.75	0.0
805.875	0.0
806.0	0.0
806.125	0.0
806.25	0.0
806.375	0.0
806.5	0.0
806.625	0.0
806.75	0.0
806.875	0.0
807.0	0.0
807.125	0.0
807.25	0.0
807.375	0.0
807.5	0.0
807.625	0.0
807.75	0.0
807.875	0.0
808.0	0.0
808.125	0.0
808.25	0.0
808.375	0.0
808.5	0.0
808.625	0.0
808.75	0.0
808.875	0.0
809.0	0.0
809.125	0.0
809.25	0.0
809.375	0.0
809.5	0.0
809.625	0.0
809.75	0.0
809.875	0.0
810.0	0.0
810.125	0.0
810.25	0.0
810.375	0.0
810.5	0.0
810.625	0.0
810.75	0.0
810.875	0.0
811.0	0.0
811.125	0.0
811.25	0.0
811.375	0.0
811.5	0.0
811.625	0.0
811.75	0.0
811.875	0.0
812.0	0.0
812.125	0.0
812.25	0.0
812.375	0.0
812.5	0.0
812.625	0.0
812.75	0.0
812.875	0.0
813.0	0.0
813.125	0.0
813.25	0.0
813.375	0.0
813.5	0.0
813.625	0.0
813.75	0.0
813.875	0.0
814.0	0.0
814.125	0.0
814.25	0.0
814.375	0.0
814.5	0.0
814.625	0.0
814.75	0.0
814.875	0.0
815.0	0.0
815.125	0.0
815.25	0.0
815.375	0.0
815.5	0.0
815.625	0.0
815.75	0.0
815.875	0.0
816.0	0.0
816.125	0.0
816.25	0.0
816.375	0.0
816.5	0.0
816.625	0.0
816.75	0.0
816.875	0.0
817.0	0.0
817.125	0.0
817.25	0.0
817.375	0.0
817.5	0.0
817.625	0.0
817.75	0.0
817.875	0.0
818.0	0.0
818.125	0.0
818.25	0.0
818.375	0.0
818.5	0.0
818.625	0.0
818.75	0.0
818.875	0.0
819.0	0.0
819.125	0.0
819.25	0.0
819.375	0.0
819.5	0.0
819.625	0.0
819.75	0.0
819.875	0.0
820.0	0.0
820.125	0.0
820.25	0.0
820.375	0.0
820.5	0.0
820.625	0.0
820.75	0.0
820.875	0.0
821.0	0.0
821.125	0.0
821.25	0.0
821.375	0.0
821.5	0.0
821.625	0.0
821.75	0.0
821.875	0.0
822.0	0.0
822.125	0.0
822.25	0.0
822.375	0.0
822.5	0.0
822.625	0.0
822.75	0.0
822.875	0.0
823.0	0.0
823.125	0.0
823.25	0.0
823.375	0.0
823.5	0.0
823.625	0.0
823.75	0.0
823.875	0.0
824.0	0.0
824.125	0.0
824.25	0.0
824.375	0.0
824.5	0.0
824.625	0.0
824.75	0.0
824.875	0.0
825.0	0.0
825.125	0.0
825.25	0.0
825.375	0.0
825.5	0.0
825.625	0.0
825.75	0.0
825.875	0.0
826.0	0.0
826.125	0.0
826.25	0.0
826.375	0.0
826.5	0.0
826.625	0.0
826.75	0.0
826.875	0.0
827.0	0.0
827.125	0.0
827.25	0.0
827.375	0.0
827.5	0.0
827.625	0.0
827.75	0.0
827.875	0.0
828.0	0.0
828.125	0.0
828.25	0.0
828.375	0.0
828.5	0.0
828.625	0.0
828.75	0.0
828.875	0.0
829.0	0.0
829.125	0.0
829.25	0.0
829.375	0.0
829.5	0.0
829.625	0.0
829.75	0.0
829.875	0.0
830.0	0.0
830.125	0.0
830.25	0.0
830.375	0.0
830.5	0.0
830.625	0.0
830.75	0.0
830.875	0.0
831.0	0.0
831.125	0.0
831.25	0.0
831.375	0.0
831.5	0.0
831.625	0.0
831.75	0.0
831.875	0.0
832.0	0.0
832.125	0.0
832.25	0.0
832.375	0.0
832.5	0.0
832.625	0.0
832.75	0.0
832.875	0.0
833.0	0.0
833.125	0.0
833.25	0.0
833.375	0.0
833.5	0.0
833.625	0.0
833.75	0.0
833.875	0.0
834.0	0.0
834.125	0.0
834.25	0.0
834.375	0.0
834.5	0.0
834.625	0.0
834.75	0.0
834.875	0.0
835.0	0.0
835.125	0.0
835.25	0.0
835.375	0.0
835.5	0.0
835.625	0.0
835.75	0.0
835.875	0.0
836.0	0.0
836.125	0.0
836.25	0.0
836.375	0.0
836.5	0.0
836.625	0.0
836.75	0.0
836.875	0.0
837.0	0.0
837.125	0.0
837.25	0.0
837.375	0.0
837.5	0.0
837.625	0.0
837.75	0.0
837.875	0.0
838.0	0.0
838.125	0.0
838.25	0.0
838.375	0.0
838.5	0.0
838.625	0.0
838.75	0.0
838.875	0.0
839.0	0.0
839.125	0.0
839.25	0.0
839.375	0.0
839.5	0.0
839.625	0.0
839.75	0.0
839.875	0.0
840.0	0.0
840.125	0.0
840.25	0.0
840.375	0.0
840.5	0.0
840.625	0.0
840.75	0.0
840.875	0.0
841.0	0.0
841.125	0.0
841.25	0.0
841.375	0.0
841.5	0.0
841.625	0.0
841.75	0.0
841.875	0.0
842.0	0.0
842.125	0.0
842.25	0.0
842.375	0.0
842.5	0.0
842.625	0.0
842.75	7.0E-4
842.875	0.0
843.0	0.0
843.125	0.0
843.25	0.0
843.375	0.0
843.5	0.0
843.625	7.0E-4
843.75	0.0
843.875	0.0
844.0	0.0023
844.125	0.0
844.25	0.0
844.375	0.0
844.5	0.0
844.625	0.0
844.75	0.0015
844.875	7.0E-4
845.0	0.0015
845.125	0.0
845.25	0.0
845.375	0.0
845.5	7.0E-4
845.625	7.0E-4
845.75	0.0
845.875	7.0E-4
846.0	0.0
846.125	7.0E-4
846.25	7.0E-4
846.375	0.0015
846.5	0.0015
846.625	0.0023
846.75	0.0039
846.875	0.0031
847.0	0.0023
847.125	0.0047
847.25	0.0023
847.375	0.0039
847.5	0.0047
847.625	0.0039
847.75	0.0047
847.875	0.0039
848.0	0.0031
848.125	0.0047
848.25	0.0039
848.375	0.0047
848.5	0.0047
848.625	0.0047
848.75	0.0047
848.875	0.0047
849.0	0.0047
849.125	0.0047
849.25	0.0047
849.375	0.0047
849.5	0.0047
849.625	0.0047
849.75	0.0047
849.875	0.0047
850.0	0.0047
850.125	0.0047
850.25	0.0055
850.375	0.0047
850.5	0.0055
850.625	0.0047
850.75	0.0047
850.875	0.0062
851.0	0.0047
851.125	0.0047
851.25	0.0062
851.375	0.007
851.5	0.0055
851.625	0.007
851.75	0.0086
851.875	0.0078
852.0	0.0086
852.125	0.0062
852.25	0.0062
852.375	0.0078
852.5	0.0094
852.625	0.0094
852.75	0.0086
852.875	0.0094
853.0	0.0094
853.125	0.0078
853.25	0.0086
853.375	0.0094
853.5	0.0086
853.625	0.0086
853.75	0.0094
853.875	0.0086
854.0	0.0094
854.125	0.0094
854.25	0.0094
854.375	0.0094
854.5	0.0094
854.625	0.0094
854.75	0.0094
854.875	0.0102
855.0	0.0094
855.125	0.0094
855.25	0.0094
855.375	0.0102
855.5	0.0094
855.625	0.0094
855.75	0.0094
855.875	0.0094
856.0	0.0094
856.125	0.0102
856.25	0.0102
856.375	0.0117
856.5	0.0117
856.625	0.0125
856.75	0.011
856.875	0.0125
857.0	0.0133
857.125	0.0141
857.25	0.0141
857.375	0.0125
857.5	0.0141
857.625	0.0133
857.75	0.0141
857.875	0.0141
858.0	0.0149
858.125	0.0141
858.25	0.0141
858.375	0.0141
858.5	0.0141
858.625	0.0141
858.75	0.0141
858.875	0.0141
859.0	0.0141
859.125	0.0149
859.25	0.0149
859.375	0.0141
859.5	0.0141
859.625	0.0165
859.75	0.0149
859.875	0.0165
860.0	0.0172
860.125	0.0149
860.25	0.0172
860.375	0.0157
860.5	0.0172
860.625	0.018
860.75	0.0172
860.875	0.018
861.0	0.018
861.125	0.018
861.25	0.018
861.375	0.0188
861.5	0.0188
861.625	0.0188
861.75	0.0188
861.875	0.0188
862.0	0.0188
862.125	0.0188
862.25	0.0188
862.375	0.0188
862.5	0.0188
862.625	0.0196
862.75	0.0188
862.875	0.0188
863.0	0.0196
863.125	0.022
863.25	0.0188
863.375	0.0196
863.5	0.0227
863.625	0.0227
863.75	0.0235
863.875	0.022
864.0	0.0235
864.125	0.0227
864.25	0.0235
864.375	0.0235
864.5	0.0235
864.625	0.0235
864.75	0.0235
864.875	0.0235
865.0	0.0235
865.125	0.0235
865.25	0.0235
865.375	0.0259
865.5	0.0267
865.625	0.0251
865.75	0.0267
865.875	0.0259
866.0	0.0275
866.125	0.0275
866.25	0.0267
866.375	0.0259
866.5	0.0283
866.625	0.0283
866.75	0.0283
866.875	0.0283
867.0	0.0283
867.125	0.0283
867.25	0.0283
867.375	0.0283
867.5	0.0298
867.625	0.0306
867.75	0.029
867.875	0.0283
868.0	0.0283
868.125	0.0314
868.25	0.0306
868.375	0.0306
868.5	0.0314
868.625	0.033
868.75	0.033
868.875	0.0306
869.0	0.033
869.125	0.033
869.25	0.033
869.375	0.033
869.5	0.033
869.625	0.033
869.75	0.0345
869.875	0.0338
870.0	0.0353
870.125	0.0369
870.25	0.0361
870.375	0.0377
870.5	0.0369
870.625	0.0377
870.75	0.0377
870.875	0.0377
871.0	0.0377
871.125	0.0385
871.25	0.0377
871.375	0.0377
871.5	0.0377
871.625	0.04
871.75	0.0377
871.875	0.0416
872.0	0.0408
872.125	0.0416
872.25	0.0424
872.375	0.0424
872.5	0.0424
872.625	0.0424
872.75	0.0424
872.875	0.0432
873.0	0.0424
873.125	0.0432
873.25	0.0432
873.375	0.0455
873.5	0.0463
873.625	0.0463
873.75	0.0455
873.875	0.0448
874.0	0.0471
874.125	0.0471
874.25	0.0471
874.375	0.0471
874.5	0.0471
874.625	0.0471
874.75	0.0479
874.875	0.0495
875.0	0.0495
875.125	0.0503
875.25	0.0503
875.375	0.0518
875.5	0.0518
875.625	0.0518
875.75	0.0526
875.875	0.0518
876.0	0.0518
876.125	0.0518
876.25	0.0518
876.375	0.055
876.5	0.0566
876.625	0.0566
876.75	0.0566
876.875	0.0566
877.0	0.0566
877.125	0.0566
877.25	0.0573
877.375	0.0573
877.5	0.0589
877.625	0.0613
877.75	0.0613
877.875	0.0613
878.0	0.0613
878.125	0.0613
878.25	0.0621
878.375	0.0628
878.5	0.0644
878.625	0.0644
878.75	0.0644
878.875	0.0652
879.0	0.066
879.125	0.066
879.25	0.066
879.375	0.0676
879.5	0.0683
879.625	0.0683
879.75	0.0707
879.875	0.0707
880.0	0.0707
880.125	0.0707
880.25	0.0707
880.375	0.0723
880.5	0.0746
880.625	0.0731
880.75	0.0738
880.875	0.0746
881.0	0.0754
881.125	0.0754
881.25	0.0754
881.375	0.0754
881.5	0.0786
881.625	0.0778
881.75	0.0794
881.875	0.0794
882.0	0.0801
882.125	0.0801
882.25	0.0809
882.375	0.0801
882.5	0.0841
882.625	0.0833
882.75	0.0849
882.875	0.0849
883.0	0.0849
883.125	0.0864
883.25	0.0849
883.375	0.0872
883.5	0.0888
883.625	0.0896
883.75	0.0896
883.875	0.0904
884.0	0.0911
884.125	0.0911
884.25	0.0896
884.375	0.0919
884.5	0.0935
884.625	0.0943
884.75	0.0943
884.875	0.0943
885.0	0.0943
885.125	0.0951
885.25	0.0974
885.375	0.099
885.5	0.099
885.625	0.099
885.75	0.099
885.875	0.099
886.0	0.099
886.125	0.099
886.25	0.1006
886.375	0.1022
886.5	0.1022
886.625	0.1037
886.75	0.1037
886.875	0.1037
887.0	0.1045
887.125	0.1061
887.25	0.1061
887.375	0.1053
887.5	0.1084
887.625	0.1084
887.75	0.1084
887.875	0.1092
888.0	0.1092
888.125	0.1092
888.25	0.1132
888.375	0.1132
888.5	0.1108
888.625	0.1116
888.75	0.1132
888.875	0.1132
889.0	0.1139
889.125	0.1132
889.25	0.1132
889.375	0.1147
889.5	0.1171
889.625	0.1179
889.75	0.1179
889.875	0.1179
890.0	0.1179
890.125	0.1179
890.25	0.1179
890.375	0.1179
890.5	0.1194
890.625	0.1194
890.75	0.1187
890.875	0.1218
891.0	0.121
891.125	0.1202
891.25	0.1202
891.375	0.1226
891.5	0.121
891.625	0.1226
891.75	0.1242
891.875	0.1226
892.0	0.1226
892.125	0.1226
892.25	0.1242
892.375	0.1226
892.5	0.1226
892.625	0.1226
892.75	0.1226
892.875	0.1234
893.0	0.1226
893.125	0.1242
893.25	0.1234
893.375	0.125
893.5	0.125
893.625	0.1257
893.75	0.125
893.875	0.1257
894.0	0.1242
894.125	0.1242
894.25	0.1242
894.375	0.125
894.5	0.125
894.625	0.1242
894.75	0.1265
894.875	0.1273
895.0	0.1242
895.125	0.125
895.25	0.125
895.375	0.1257
895.5	0.1226
895.625	0.1242
895.75	0.1257
895.875	0.1234
896.0	0.1226
896.125	0.1226
896.25	0.1226
896.375	0.1226
896.5	0.1234
896.625	0.1226
896.75	0.1226
896.875	0.1226
897.0	0.1234
897.125	0.1226
897.25	0.1226
897.375	0.1226
897.5	0.1226
897.625	0.1226
897.75	0.1226
897.875	0.121
898.0	0.1218
898.125	0.1218
898.25	0.1202
898.375	0.1202
898.5	0.1218
898.625	0.121
898.75	0.1202
898.875	0.1194
899.0	0.1179
899.125	0.1179
899.25	0.1179
899.375	0.1179
899.5	0.1179
899.625	0.1171
899.75	0.1179
899.875	0.1171
