300.0	0.0
300.125	0.0
300.25	0.0
300.375	0.0
300.5	0.0
300.625	0.0
300.75	0.0
300.875	0.0
301.0	0.0
301.125	0.0
301.25	0.0
301.375	0.0
301.5	0.0
301.625	0.0
301.75	0.0
301.875	0.0
302.0	0.0
302.125	0.0
302.25	0.0
302.375	0.0
302.5	0.0
302.625	0.0
302.75	0.0
302.875	0.0
303.0	0.0
303.125	0.0
303.25	0.0
303.375	0.0
303.5	0.0
303.625	0.0
303.75	0.0
303.875	0.0
304.0	0.0
304.125	0.0
304.25	0.0
304.375	0.0
304.5	0.0
304.625	0.0
304.75	0.0
304.875	0.0
305.0	0.0
305.125	0.0
305.25	0.0
305.375	0.0
305.5	0.0
305.625	0.0
305.75	0.0
305.875	0.0
306.0	0.0
306.125	0.0
306.25	0.0
306.375	0.0
306.5	0.0
306.625	0.0
306.75	0.0
306.875	0.0
307.0	0.0
307.125	0.0
307.25	0.0
307.375	0.0
307.5	0.0
307.625	0.0
307.75	0.0
307.875	0.0
308.0	0.0
308.125	0.0
308.25	0.0
308.375	0.0
308.5	0.0
308.625	0.0
308.75	0.0
308.875	0.0
309.0	0.0
309.125	0.0
309.25	0.0
309.375	0.0
309.5	0.0
309.625	0.0
309.75	0.0
309.875	0.0
310.0	0.0
310.125	0.0
310.25	0.0
310.375	0.0
310.5	0.0
310.625	0.0
310.75	0.0
310.875	0.0
311.0	0.0
311.125	0.0
311.25	0.0
311.375	0.0
311.5	0.0
311.625	0.0
311.75	0.0
311.875	0.0
312.0	0.0
312.125	0.0
312.25	0.0
312.375	0.0
312.5	0.0
312.625	0.0
312.75	0.0
312.875	0.0
313.0	0.0
313.125	0.0
313.25	0.0
313.375	0.0
313.5	0.0
313.625	0.0
313.75	0.0
313.875	0.0
314.0	0.0
314.125	0.0
314.25	0.0
314.375	0.0
314.5	0.0
314.625	0.0
314.75	0.0
314.875	0.0
315.0	0.0
315.125	0.0
315.25	0.0
315.375	0.0
315.5	0.0
315.625	0.0
315.75	0.0
315.875	0.0
316.0	0.0
316.125	0.0
316.25	0.0
316.375	0.0
316.5	0.0
316.625	0.0
316.75	0.0
316.875	0.0
317.0	0.0
317.125	0.0
317.25	0.0
317.375	0.0
317.5	0.0
317.625	0.0
317.75	0.0
317.875	0.0
318.0	0.0
318.125	0.0
318.25	0.0
318.375	0.0
318.5	0.0
318.625	0.0
318.75	0.0
318.875	0.0
319.0	0.0
319.125	0.0
319.25	0.0
319.375	0.0
319.5	0.0
319.625	0.0
319.75	0.0
319.875	0.0
320.0	0.0
320.125	0.0
320.25	0.0
320.375	0.0
320.5	0.0
320.625	0.0
320.75	0.0
320.875	0.0
321.0	0.0
321.125	0.0
321.25	0.0
321.375	0.0
321.5	0.0
321.625	0.0
321.75	0.0
321.875	0.0
322.0	0.0
322.125	0.0
322.25	0.0
322.375	0.0
322.5	0.0
322.625	0.0
322.75	0.0
322.875	0.0
323.0	0.0
323.125	0.0
323.25	0.0
323.375	0.0
323.5	0.0
323.625	0.0
323.75	0.0
323.875	0.0
324.0	0.0
324.125	0.0
324.25	0.0
324.375	0.0
324.5	0.0
324.625	0.0
324.75	0.0
324.875	0.0
325.0	0.0
325.125	0.0
325.25	0.0
325.375	0.0
325.5	0.0
325.625	0.0
325.75	0.0
325.875	0.0
326.0	0.0
326.125	0.0
326.25	0.0
326.375	0.0
326.5	0.0
326.625	0.0
326.75	0.0
326.875	0.0
327.0	0.0
327.125	0.0
327.25	0.0
327.375	0.0
327.5	0.0
327.625	0.0
327.75	0.0
327.875	0.0
328.0	0.0
328.125	0.0
328.25	0.0
328.375	0.0
328.5	0.0
328.625	0.0
328.75	0.0
328.875	0.0
329.0	0.0
329.125	0.0
329.25	0.0
329.375	0.0
329.5	0.0
329.625	0.0
329.75	0.0
329.875	0.0
330.0	0.0
330.125	0.0
330.25	0.0
330.375	0.0
330.5	0.0
330.625	0.0
330.75	0.0
330.875	0.0
331.0	0.0
331.125	0.0
331.25	0.0
331.375	0.0
331.5	0.0
331.625	0.0
331.75	0.0
331.875	0.0
332.0	0.0
332.125	0.0
332.25	0.0
332.375	0.0
332.5	0.0
332.625	0.0
332.75	0.0
332.875	0.0
333.0	0.0
333.125	0.0
333.25	0.0
333.375	0.0
333.5	0.0
333.625	0.0
333.75	0.0
333.875	0.0
334.0	0.0
334.125	0.0
334.25	0.0
334.375	0.0
334.5	0.0
334.625	0.0
334.75	0.0
334.875	0.0
335.0	0.0
335.125	0.0
335.25	0.0
335.375	0.0
335.5	0.0
335.625	0.0
335.75	0.0
335.875	0.0
336.0	0.0
336.125	0.0
336.25	0.0
336.375	0.0
336.5	0.0
336.625	0.0
336.75	0.0
336.875	0.0
337.0	0.0
337.125	0.0
337.25	0.0
337.375	0.0
337.5	0.0
337.625	0.0
337.75	0.0
337.875	0.0
338.0	0.0
338.125	0.0
338.25	0.0
338.375	0.0
338.5	0.0
338.625	0.0
338.75	0.0
338.875	0.0
339.0	0.0
339.125	0.0
339.25	0.0
339.375	0.0
339.5	0.0
339.625	0.0
339.75	0.0
339.875	0.0
340.0	0.0
340.125	0.0
340.25	0.0
340.375	0.0
340.5	0.0
340.625	0.0
340.75	0.0
340.875	0.0
341.0	0.0
341.125	0.0
341.25	0.0
341.375	0.0
341.5	0.0
341.625	0.0
341.75	0.0
341.875	0.0
342.0	0.0
342.125	0.0
342.25	0.0
342.375	0.0
342.5	0.0
342.625	0.0
342.75	0.0
342.875	0.0
343.0	0.0
343.125	0.0
343.25	0.0
343.375	0.0
343.5	0.0
343.625	0.0
343.75	0.0
343.875	0.0
344.0	0.0
344.125	0.0
344.25	0.0
344.375	0.0
344.5	0.0
344.625	0.0
344.75	0.0
344.875	0.0
345.0	0.0
345.125	0.0
345.25	0.0
345.375	0.0
345.5	0.0
345.625	0.0
345.75	0.0
345.875	0.0
346.0	0.0
346.125	0.0
346.25	0.0
346.375	0.0
346.5	0.0
346.625	0.0
346.75	0.0
346.875	0.0
347.0	0.0
347.125	0.0
347.25	0.0
347.375	0.0
347.5	0.0
347.625	0.0
347.75	0.0
347.875	0.0
348.0	0.0
348.125	0.0
348.25	0.0
348.375	0.0
348.5	0.0
348.625	0.0
348.75	0.0
348.875	0.0
349.0	0.0
349.125	0.0
349.25	0.0
349.375	0.0
349.5	0.0
349.625	0.0
349.75	0.0
349.875	0.0
350.0	0.0
350.125	0.0
350.25	0.0
350.375	0.0
350.5	0.0
350.625	0.0
350.75	0.0
350.875	0.0
351.0	0.0
351.125	0.0
351.25	0.0
351.375	0.0
351.5	0.0
351.625	0.0
351.75	0.0
351.875	0.0
352.0	0.0
352.125	0.0
352.25	0.0
352.375	0.0
352.5	0.0
352.625	0.0
352.75	0.0
352.875	0.0
353.0	0.0
353.125	0.0
353.25	0.0
353.375	0.0
353.5	0.0
353.625	0.0
353.75	0.0
353.875	0.0
354.0	0.0
354.125	0.0
354.25	0.0
354.375	0.0
354.5	0.0
354.625	0.0
354.75	0.0
354.875	0.0
355.0	0.0
355.125	0.0
355.25	0.0
355.375	0.0
355.5	0.0
355.625	0.0
355.75	0.0
355.875	0.0
356.0	0.0
356.125	0.0
356.25	0.0
356.375	0.0
356.5	0.0
356.625	0.0
356.75	0.0
356.875	0.0
357.0	0.0
357.125	0.0
357.25	0.0
357.375	0.0
357.5	0.0
357.625	0.0
357.75	0.0
357.875	0.0
358.0	0.0
358.125	0.0
358.25	0.0
358.375	0.0
358.5	0.0
358.625	0.0
358.75	0.0
358.875	0.0
359.0	0.0
359.125	0.0
359.25	0.0
359.375	0.0
359.5	0.0
359.625	0.0
359.75	0.0
359.875	0.0
360.0	0.0
360.125	0.0
360.25	0.0
360.375	0.0
360.5	0.0
360.625	0.0
360.75	0.0
360.875	0.0
361.0	0.0
361.125	0.0
361.25	0.0
361.375	0.0
361.5	0.0
361.625	0.0
361.75	0.0
361.875	0.0
362.0	0.0
362.125	0.0
362.25	0.0
362.375	0.0
362.5	0.0
362.625	0.0
362.75	0.0
362.875	0.0
363.0	0.0
363.125	0.0
363.25	0.0
363.375	0.0
363.5	0.0
363.625	0.0
363.75	0.0
363.875	0.0
364.0	0.0
364.125	0.0
364.25	0.0
364.375	0.0
364.5	0.0
364.625	0.0
364.75	0.0
364.875	0.0
365.0	0.0
365.125	0.0
365.25	0.0
365.375	0.0
365.5	0.0
365.625	0.0
365.75	0.0
365.875	0.0
366.0	0.0
366.125	0.0
366.25	0.0
366.375	0.0
366.5	0.0
366.625	0.0
366.75	0.0
366.875	0.0
367.0	0.0
367.125	0.0
367.25	0.0
367.375	0.0
367.5	0.0
367.625	0.0
367.75	0.0
367.875	0.0
368.0	0.0
368.125	0.0
368.25	0.0
368.375	0.0
368.5	0.0
368.625	0.0
368.75	0.0
368.875	0.0
369.0	0.0
369.125	0.0
369.25	0.0
369.375	0.0
369.5	0.0
369.625	0.0
369.75	0.0
369.875	0.0
370.0	0.0
370.125	0.0
370.25	0.0
370.375	0.0
370.5	0.0
370.625	0.0
370.75	0.0
370.875	0.0
371.0	0.0
371.125	0.0
371.25	0.0
371.375	0.0
371.5	0.0
371.625	0.0
371.75	0.0
371.875	0.0
372.0	0.0
372.125	0.0
372.25	0.0
372.375	0.0
372.5	0.0
372.625	0.0
372.75	0.0
372.875	0.0
373.0	0.0
373.125	0.0
373.25	0.0
373.375	0.0
373.5	0.0
373.625	0.0
373.75	0.0
373.875	0.0
374.0	0.0
374.125	0.0
374.25	0.0
374.375	0.0
374.5	0.0
374.625	0.0
374.75	0.0
374.875	0.0
375.0	0.0
375.125	0.0
375.25	0.0
375.375	0.0
375.5	0.0
375.625	0.0
375.75	0.0
375.875	0.0
376.0	0.0
376.125	0.0
376.25	0.0
376.375	0.0
376.5	0.0
376.625	0.0
376.75	0.0
376.875	0.0
377.0	0.0
377.125	0.0
377.25	0.0
377.375	0.0
377.5	0.0
377.625	0.0
377.75	0.0
377.875	0.0
378.0	0.0
378.125	0.0
378.25	0.0
378.375	0.0
378.5	0.0
378.625	0.0
378.75	0.0
378.875	0.0
379.0	0.0
379.125	0.0
379.25	0.0
379.375	0.0
379.5	0.0
379.625	0.0
379.75	0.0
379.875	0.0
380.0	0.0
380.125	0.0
380.25	0.0
380.375	0.0
380.5	0.0
380.625	0.0
380.75	0.0
380.875	0.0
381.0	0.0
381.125	0.0
381.25	0.0
381.375	0.0
381.5	0.0
381.625	0.0
381.75	0.0
381.875	0.0
382.0	0.0
382.125	0.0
382.25	0.0
382.375	0.0
382.5	0.0
382.625	0.0
382.75	0.0
382.875	0.0
383.0	0.0
383.125	0.0
383.25	0.0
383.375	0.0
383.5	0.0
383.625	0.0
383.75	0.0
383.875	0.0
384.0	0.0
384.125	0.0
384.25	0.0
384.375	0.0
384.5	0.0
384.625	0.0
384.75	0.0
384.875	0.0
385.0	0.0
385.125	0.0
385.25	0.0
385.375	0.0
385.5	0.0
385.625	0.0
385.75	0.0
385.875	0.0
386.0	0.0
386.125	0.0
386.25	0.0
386.375	0.0
386.5	0.0
386.625	0.0
386.75	0.0
386.875	0.0
387.0	0.0
387.125	0.0
387.25	0.0
387.375	0.0
387.5	0.0
387.625	0.0
387.75	0.0
387.875	0.0
388.0	0.0
388.125	0.0
388.25	0.0
388.375	0.0
388.5	0.0
388.625	0.0
388.75	0.0
388.875	0.0
389.0	0.0
389.125	0.0
389.25	0.0
389.375	0.0
389.5	0.0
389.625	0.0
389.75	0.0
389.875	0.0
390.0	0.0
390.125	0.0
390.25	0.0
390.375	0.0
390.5	0.0
390.625	0.0
390.75	0.0
390.875	0.0
391.0	0.0
391.125	0.0
391.25	0.0
391.375	0.0
391.5	0.0
391.625	0.0
391.75	0.0
391.875	0.0
392.0	0.0
392.125	0.0
392.25	0.0
392.375	0.0
392.5	0.0
392.625	0.0
392.75	0.0
392.875	0.0
393.0	0.0
393.125	0.0
393.25	0.0
393.375	0.0
393.5	0.0
393.625	0.0
393.75	0.0
393.875	0.0
394.0	0.0
394.125	0.0
394.25	0.0
394.375	0.0
394.5	0.0
394.625	0.0
394.75	0.0
394.875	0.0
395.0	0.0
395.125	0.0
395.25	0.0
395.375	0.0
395.5	0.0
395.625	0.0
395.75	0.0
395.875	0.0
396.0	0.0
396.125	0.0
396.25	0.0
396.375	0.0
396.5	0.0
396.625	0.0
396.75	0.0
396.875	0.0
397.0	0.0
397.125	0.0
397.25	0.0
397.375	0.0
397.5	0.0023
397.625	0.0
397.75	0.0
397.875	0.0
398.0	7.0E-4
398.125	7.0E-4
398.25	0.0
398.375	7.0E-4
398.5	0.0
398.625	0.0015
398.75	0.0
398.875	7.0E-4
399.0	7.0E-4
399.125	0.0
399.25	0.0
399.375	7.0E-4
399.5	0.0015
399.625	0.0
399.75	0.0
399.875	7.0E-4
400.0	0.0023
400.125	0.0015
400.25	0.0031
400.375	0.0023
400.5	0.0031
400.625	0.0031
400.75	0.0039
400.875	0.0039
401.0	0.0047
401.125	0.0039
401.25	0.0039
401.375	0.0039
401.5	0.0031
401.625	0.0047
401.75	0.0047
401.875	0.0047
402.0	0.0047
402.125	0.0047
402.25	0.0047
402.375	0.0047
402.5	0.0062
402.625	0.0047
402.75	0.0047
402.875	0.0047
403.0	0.0047
403.125	0.0047
403.25	0.0047
403.375	0.0055
403.5	0.0055
403.625	0.007
403.75	0.0086
403.875	0.0078
404.0	0.0078
404.125	0.0078
404.25	0.0086
404.375	0.0078
404.5	0.0086
404.625	0.0094
404.75	0.0086
404.875	0.0094
405.0	0.0094
405.125	0.0102
405.25	0.0094
405.375	0.0094
405.5	0.0094
405.625	0.0102
405.75	0.011
405.875	0.011
406.0	0.0125
406.125	0.0141
406.25	0.0141
406.375	0.0141
406.5	0.0141
406.625	0.0141
406.75	0.0149
406.875	0.0141
407.0	0.0141
407.125	0.0141
407.25	0.0165
407.375	0.0172
407.5	0.0157
407.625	0.0172
407.75	0.018
407.875	0.018
408.0	0.0188
408.125	0.0188
408.25	0.0188
408.375	0.0188
408.5	0.0188
408.625	0.0188
408.75	0.0212
408.875	0.0235
409.0	0.022
409.125	0.0235
409.25	0.0235
409.375	0.0235
409.5	0.0235
409.625	0.0267
409.75	0.0267
409.875	0.0259
410.0	0.0267
410.125	0.0283
410.25	0.0283
410.375	0.0283
410.5	0.0283
410.625	0.0283
410.75	0.0306
410.875	0.033
411.0	0.033
411.125	0.0338
411.25	0.0345
411.375	0.0353
411.5	0.0377
411.625	0.0377
411.75	0.0377
411.875	0.0377
412.0	0.0377
412.125	0.0385
412.25	0.04
412.375	0.0424
412.5	0.0424
412.625	0.0424
412.75	0.0463
412.875	0.0471
413.0	0.0471
413.125	0.0471
413.25	0.0471
413.375	0.0495
413.5	0.0518
413.625	0.0518
413.75	0.0518
413.875	0.055
414.0	0.055
414.125	0.0566
414.25	0.0566
414.375	0.0573
414.5	0.0581
414.625	0.0605
414.75	0.0613
414.875	0.0621
415.0	0.0644
415.125	0.0652
415.25	0.066
415.375	0.066
415.5	0.0699
415.625	0.0707
415.75	0.0715
415.875	0.0754
416.0	0.0754
416.125	0.0754
416.25	0.0778
416.375	0.0801
416.5	0.0801
416.625	0.0809
416.75	0.0849
416.875	0.0849
417.0	0.0888
417.125	0.0888
417.25	0.0904
417.375	0.0927
417.5	0.0943
417.625	0.0959
417.75	0.0982
417.875	0.0998
418.0	0.1022
418.125	0.1037
418.25	0.1061
418.375	0.1084
418.5	0.1084
418.625	0.1132
418.75	0.1132
418.875	0.1171
419.0	0.1179
419.125	0.1202
419.25	0.1226
419.375	0.1257
419.5	0.1273
419.625	0.1305
419.75	0.132
419.875	0.1352
420.0	0.1375
420.125	0.1391
420.25	0.1438
420.375	0.1462
420.5	0.1477
420.625	0.1509
420.75	0.154
420.875	0.1564
421.0	0.1603
421.125	0.1619
421.25	0.165
421.375	0.169
421.5	0.1698
421.625	0.1753
421.75	0.1792
421.875	0.1823
422.0	0.1839
422.125	0.1886
422.25	0.191
422.375	0.1949
422.5	0.1981
422.625	0.2036
422.75	0.2067
422.875	0.2106
423.0	0.2122
423.125	0.2169
423.25	0.2216
423.375	0.2248
423.5	0.2287
423.625	0.2319
423.75	0.2358
423.875	0.2405
424.0	0.2444
424.125	0.25
424.25	0.2523
424.375	0.2555
424.5	0.2617
424.625	0.2657
424.75	0.2704
424.875	0.2759
425.0	0.2814
425.125	0.2845
425.25	0.2893
425.375	0.2948
425.5	0.2979
425.625	0.3058
425.75	0.3097
425.875	0.3144
426.0	0.3191
426.125	0.3231
426.25	0.3309
426.375	0.3364
426.5	0.3419
426.625	0.3466
426.75	0.3529
426.875	0.3584
427.0	0.3632
427.125	0.3694
427.25	0.3757
427.375	0.3812
427.5	0.386
427.625	0.3946
427.75	0.4001
427.875	0.4056
428.0	0.4127
428.125	0.419
428.25	0.4268
428.375	0.4323
428.5	0.441
428.625	0.4465
428.75	0.4536
428.875	0.4599
429.0	0.4669
429.125	0.474
429.25	0.4827
429.375	0.4897
429.5	0.4968
429.625	0.507
429.75	0.5149
429.875	0.522
430.0	0.5306
430.125	0.5393
430.25	0.5479
430.375	0.5589
430.5	0.5652
430.625	0.5746
430.75	0.5833
430.875	0.5951
431.0	0.6014
431.125	0.6139
431.25	0.6226
431.375	0.6336
431.5	0.6454
431.625	0.6556
431.75	0.665
431.875	0.6768
432.0	0.6886
432.125	0.7004
432.25	0.713
432.375	0.7232
432.5	0.7366
432.625	0.7492
432.75	0.7625
432.875	0.7743
433.0	0.7908
433.125	0.8026
433.25	0.8191
433.375	0.8301
433.5	0.8482
433.625	0.8624
433.75	0.8765
433.875	0.8938
434.0	0.908
434.125	0.9245
434.25	0.941
434.375	0.9599
434.5	0.9748
434.625	0.9937
434.75	1.0125
434.875	1.0314
435.0	1.0495
435.125	1.066
435.25	1.0849
435.375	1.1069
435.5	1.1265
435.625	1.147
435.75	1.1674
435.875	1.1902
436.0	1.2138
436.125	1.2382
436.25	1.2602
436.375	1.2838
436.5	1.3081
436.625	1.3325
436.75	1.3553
436.875	1.3836
437.0	1.4119
437.125	1.4363
437.25	1.4646
437.375	1.4929
437.5	1.5204
437.625	1.5503
437.75	1.5809
437.875	1.6124
438.0	1.6415
438.125	1.6713
438.25	1.7028
438.375	1.7342
438.5	1.7633
438.625	1.7932
438.75	1.8238
438.875	1.8545
439.0	1.8836
439.125	1.9111
439.25	1.9418
439.375	1.9677
439.5	1.996
439.625	2.0251
439.75	2.0511
439.875	2.0817
440.0	2.1116
440.125	2.1383
440.25	2.1658
440.375	2.1941
440.5	2.2201
440.625	2.2468
440.75	2.2712
440.875	2.2995
441.0	2.3238
441.125	2.3459
441.25	2.3679
441.375	2.3938
441.5	2.4166
441.625	2.4402
441.75	2.4606
441.875	2.4811
442.0	2.5
442.125	2.5204
442.25	2.5385
442.375	2.5566
442.5	2.5738
442.625	2.5919
442.75	2.6061
442.875	2.6226
443.0	2.6352
443.125	2.6485
443.25	2.6611
443.375	2.6705
443.5	2.6808
443.625	2.6902
443.75	2.6996
443.875	2.7051
444.0	2.7075
444.125	2.7146
444.25	2.7169
444.375	2.7264
444.5	2.7256
444.625	2.7287
444.75	2.7311
444.875	2.7311
445.0	2.7311
445.125	2.7279
445.25	2.7272
445.375	2.7224
445.5	2.7185
445.625	2.7114
445.75	2.7067
445.875	2.6996
446.0	2.6886
446.125	2.6823
446.25	2.6729
446.375	2.6611
446.5	2.6485
446.625	2.6399
446.75	2.6289
446.875	2.6147
447.0	2.6006
447.125	2.5872
447.25	2.5731
447.375	2.5542
447.5	2.5416
447.625	2.5267
447.75	2.5117
447.875	2.4968
448.0	2.4787
448.125	2.4614
448.25	2.4457
448.375	2.4268
448.5	2.4111
448.625	2.3922
448.75	2.3734
448.875	2.3553
449.0	2.3356
449.125	2.3176
449.25	2.2995
449.375	2.2838
449.5	2.2617
449.625	2.2429
449.75	2.2224
449.875	2.2044
450.0	2.1839
450.125	2.1658
450.25	2.1501
450.375	2.1312
450.5	2.1132
450.625	2.0959
450.75	2.0762
450.875	2.0573
451.0	2.0424
451.125	2.0235
451.25	2.0055
451.375	1.9858
451.5	1.9724
451.625	1.9536
451.75	1.9339
451.875	1.9205
452.0	1.8993
452.125	1.886
452.25	1.8679
452.375	1.8537
452.5	1.8372
452.625	1.8223
452.75	1.805
452.875	1.7869
453.0	1.7767
453.125	1.7641
453.25	1.7492
453.375	1.7358
453.5	1.7216
453.625	1.7067
453.75	1.6933
453.875	1.6823
454.0	1.6698
454.125	1.6548
454.25	1.643
454.375	1.632
454.5	1.6202
454.625	1.6069
454.75	1.5959
454.875	1.5849
455.0	1.5731
455.125	1.5621
455.25	1.5503
455.375	1.5416
455.5	1.5283
455.625	1.5188
455.75	1.5102
455.875	1.5
456.0	1.4882
456.125	1.4787
456.25	1.4685
456.375	1.4599
456.5	1.4488
456.625	1.4402
456.75	1.4316
456.875	1.4213
457.0	1.4143
457.125	1.404
457.25	1.3977
457.375	1.386
457.5	1.3624
457.625	1.3522
457.75	1.3482
457.875	1.3404
458.0	1.3309
458.125	1.3223
458.25	1.3152
458.375	1.3042
458.5	1.2995
458.625	1.2955
458.75	1.294
458.875	1.29
459.0	1.2838
459.125	1.2759
459.25	1.2696
459.375	1.2617
459.5	1.2531
459.625	1.246
459.75	1.2382
459.875	1.2303
460.0	1.224
460.125	1.2138
460.25	1.2091
460.375	1.202
460.5	1.1933
460.625	1.1871
460.75	1.1776
460.875	1.1698
461.0	1.1643
461.125	1.1572
461.25	1.1485
461.375	1.1422
461.5	1.1336
461.625	1.1273
461.75	1.1194
461.875	1.11
462.0	1.1006
462.125	1.0959
462.25	1.0896
462.375	1.0817
462.5	1.0746
462.625	1.0676
462.75	1.0613
462.875	1.0542
463.0	1.0479
463.125	1.0408
463.25	1.0345
463.375	1.0259
463.5	1.0196
463.625	1.0125
463.75	1.0062
463.875	0.9992
464.0	0.9921
464.125	0.9866
464.25	0.9803
464.375	0.9732
464.5	0.9654
464.625	0.9599
464.75	0.9536
464.875	0.9473
465.0	0.941
465.125	0.9339
465.25	0.9292
465.375	0.9221
465.5	0.9166
465.625	0.9127
465.75	0.9072
465.875	0.9017
466.0	0.897
466.125	0.8915
466.25	0.886
466.375	0.8805
466.5	0.8757
466.625	0.8718
466.75	0.8647
466.875	0.86
467.0	0.8561
467.125	0.8514
467.25	0.8474
467.375	0.8427
467.5	0.8364
467.625	0.8341
467.75	0.8301
467.875	0.827
468.0	0.8231
468.125	0.8176
468.25	0.8152
468.375	0.8121
468.5	0.8073
468.625	0.805
468.75	0.8018
468.875	0.7971
469.0	0.7948
469.125	0.7924
469.25	0.7908
469.375	0.7869
469.5	0.783
469.625	0.7814
469.75	0.7783
469.875	0.7783
470.0	0.7735
470.125	0.7696
470.25	0.7688
470.375	0.7672
470.5	0.7649
470.625	0.7625
470.75	0.7602
470.875	0.7594
471.0	0.7555
471.125	0.7562
471.25	0.7547
471.375	0.7547
471.5	0.7507
471.625	0.7484
471.75	0.75
471.875	0.746
472.0	0.7452
472.125	0.7452
472.25	0.7452
472.375	0.7452
472.5	0.7452
472.625	0.7421
472.75	0.7405
472.875	0.7405
473.0	0.7405
473.125	0.7397
473.25	0.7405
473.375	0.7405
473.5	0.7397
473.625	0.7374
473.75	0.7366
473.875	0.7382
474.0	0.7366
474.125	0.7358
474.25	0.7358
474.375	0.7358
474.5	0.7358
474.625	0.7358
474.75	0.7358
474.875	0.7358
475.0	0.7358
475.125	0.7358
475.25	0.7358
475.375	0.7358
475.5	0.7366
475.625	0.7366
475.75	0.7366
475.875	0.7389
476.0	0.7405
476.125	0.7405
476.25	0.7389
476.375	0.7405
476.5	0.7405
476.625	0.7405
476.75	0.7405
476.875	0.7413
477.0	0.7429
477.125	0.7429
477.25	0.7452
477.375	0.7452
477.5	0.7452
477.625	0.7452
477.75	0.7476
477.875	0.7452
478.0	0.746
478.125	0.7476
478.25	0.75
478.375	0.75
478.5	0.75
478.625	0.75
478.75	0.7515
478.875	0.7547
479.0	0.7547
479.125	0.7547
479.25	0.7547
479.375	0.7547
479.5	0.7555
479.625	0.7547
479.75	0.757
479.875	0.7594
480.0	0.7594
480.125	0.7594
480.25	0.7602
480.375	0.7641
480.5	0.7641
480.625	0.7641
480.75	0.7649
480.875	0.7672
481.0	0.768
481.125	0.7688
481.25	0.7704
481.375	0.7712
481.5	0.7735
481.625	0.7735
481.75	0.7759
481.875	0.7783
482.0	0.7783
482.125	0.7783
482.25	0.7822
482.375	0.783
482.5	0.783
482.625	0.7838
482.75	0.7877
482.875	0.7877
483.0	0.7877
483.125	0.7908
483.25	0.7924
483.375	0.7924
483.5	0.7948
483.625	0.7979
483.75	0.7979
483.875	0.8011
484.0	0.8018
484.125	0.8042
484.25	0.8066
484.375	0.8073
484.5	0.8073
484.625	0.8113
484.75	0.8128
484.875	0.8113
485.0	0.816
485.125	0.816
485.25	0.8207
485.375	0.8207
485.5	0.8207
485.625	0.8231
485.75	0.8254
485.875	0.8254
486.0	0.8301
486.125	0.8301
486.25	0.8301
486.375	0.8349
486.5	0.8349
486.625	0.838
486.75	0.8396
486.875	0.8396
487.0	0.8404
487.125	0.8443
487.25	0.8443
487.375	0.8482
487.5	0.8498
487.625	0.8514
487.75	0.8537
487.875	0.8553
488.0	0.8584
488.125	0.8584
488.25	0.86
488.375	0.8632
488.5	0.8632
488.625	0.8679
488.75	0.8679
488.875	0.8702
489.0	0.8726
489.125	0.8726
489.25	0.8773
489.375	0.8773
489.5	0.8797
489.625	0.882
489.75	0.8836
489.875	0.8852
490.0	0.8867
490.125	0.8891
490.25	0.8915
490.375	0.8938
490.5	0.8938
490.625	0.8962
490.75	0.8962
490.875	0.9009
491.0	0.9009
491.125	0.904
491.25	0.9056
491.375	0.9064
491.5	0.9103
491.625	0.9103
491.75	0.9127
491.875	0.915
492.0	0.915
492.125	0.9182
492.25	0.9198
492.375	0.9205
492.5	0.9221
492.625	0.9261
492.75	0.9292
492.875	0.9292
493.0	0.9292
493.125	0.9331
493.25	0.9339
493.375	0.9355
493.5	0.9386
493.625	0.9386
493.75	0.9418
493.875	0.9433
494.0	0.9441
494.125	0.9473
494.25	0.9488
494.375	0.9488
494.5	0.9528
494.625	0.9544
494.75	0.9567
494.875	0.9575
495.0	0.9583
495.125	0.9614
495.25	0.9622
495.375	0.963
495.5	0.9669
495.625	0.9669
495.75	0.9677
495.875	0.9701
496.0	0.9716
496.125	0.9716
496.25	0.9716
496.375	0.9756
496.5	0.9764
496.625	0.9764
496.75	0.9795
496.875	0.9811
497.0	0.9842
497.125	0.9858
497.25	0.9858
497.375	0.9858
497.5	0.9874
497.625	0.9897
497.75	0.9905
497.875	0.9913
498.0	0.9905
498.125	0.9937
498.25	0.9952
498.375	0.9952
498.5	1.0
498.625	1.0
498.75	1.0
498.875	1.0039
499.0	1.0039
499.125	1.0047
499.25	1.0047
499.375	1.0078
499.5	1.0094
499.625	1.0094
499.75	1.0117
499.875	1.0141
500.0	1.0141
500.125	1.0188
500.25	1.018
500.375	1.0188
500.5	1.0188
500.625	1.0196
500.75	1.0235
500.875	1.0235
501.0	1.0235
501.125	1.0251
501.25	1.0283
501.375	1.0283
501.5	1.0314
501.625	1.0314
501.75	1.033
501.875	1.033
502.0	1.033
502.125	1.033
502.25	1.0361
502.375	1.0377
502.5	1.0377
502.625	1.0385
502.75	1.0377
502.875	1.0408
503.0	1.0424
503.125	1.0424
503.25	1.0432
503.375	1.0471
503.5	1.0471
503.625	1.0471
503.75	1.0471
503.875	1.0495
504.0	1.0511
504.125	1.0518
504.25	1.0518
504.375	1.0518
504.5	1.0526
504.625	1.0566
504.75	1.0566
504.875	1.0558
505.0	1.0566
505.125	1.0573
505.25	1.0573
505.375	1.0589
505.5	1.0597
505.625	1.0605
505.75	1.0613
505.875	1.0613
506.0	1.0621
506.125	1.0628
506.25	1.0652
506.375	1.0644
506.5	1.066
506.625	1.066
506.75	1.066
506.875	1.066
507.0	1.066
507.125	1.0699
507.25	1.0707
507.375	1.0707
507.5	1.0707
507.625	1.0707
507.75	1.0707
507.875	1.0707
508.0	1.0723
508.125	1.0723
508.25	1.0707
508.375	1.0746
508.5	1.0754
508.625	1.0754
508.75	1.0754
508.875	1.0754
509.0	1.0778
509.125	1.0754
509.25	1.077
509.375	1.0801
509.5	1.0801
509.625	1.0801
509.75	1.0801
509.875	1.0801
510.0	1.0801
510.125	1.0809
510.25	1.0801
510.375	1.0833
510.5	1.0825
510.625	1.0841
510.75	1.0849
510.875	1.0841
511.0	1.0849
511.125	1.0849
511.25	1.0856
511.375	1.0849
511.5	1.0864
511.625	1.0864
511.75	1.0856
511.875	1.0849
512.0	1.0872
512.125	1.0849
512.25	1.0872
512.375	1.0888
512.5	1.0896
512.625	1.0896
512.75	1.0896
512.875	1.0896
513.0	1.0888
513.125	1.0896
513.25	1.0896
513.375	1.0896
513.5	1.0896
513.625	1.0896
513.75	1.0896
513.875	1.0896
514.0	1.0896
514.125	1.0896
514.25	1.0896
514.375	1.0896
514.5	1.0904
514.625	1.0896
514.75	1.0896
514.875	1.0896
515.0	1.0896
515.125	1.0911
515.25	1.0911
515.375	1.0935
515.5	1.0927
515.625	1.0896
515.75	1.0919
515.875	1.0919
516.0	1.0919
516.125	1.0935
516.25	1.0919
516.375	1.0911
516.5	1.0919
516.625	1.0896
516.75	1.0896
516.875	1.0896
517.0	1.0911
517.125	1.0904
517.25	1.0943
517.375	1.0896
517.5	1.0896
517.625	1.0904
517.75	1.0904
517.875	1.0896
518.0	1.0904
518.125	1.0904
518.25	1.0896
518.375	1.0896
518.5	1.0896
518.625	1.0896
518.75	1.0896
518.875	1.0896
519.0	1.0896
519.125	1.0896
519.25	1.0896
519.375	1.0896
519.5	1.0896
519.625	1.0856
519.75	1.0896
519.875	1.0896
520.0	1.088
520.125	1.0896
520.25	1.0849
520.375	1.0849
520.5	1.0849
520.625	1.0872
520.75	1.0856
520.875	1.0849
521.0	1.0856
521.125	1.0849
521.25	1.0849
521.375	1.0849
521.5	1.0849
521.625	1.088
521.75	1.0888
521.875	1.088
522.0	1.0849
522.125	1.0849
522.25	1.0849
522.375	1.0849
522.5	1.0849
522.625	1.0849
522.75	1.0849
522.875	1.0849
523.0	1.0849
523.125	1.0833
523.25	1.0825
523.375	1.0849
523.5	1.0833
523.625	1.0825
523.75	1.0817
523.875	1.0809
524.0	1.0801
524.125	1.0801
524.25	1.0801
524.375	1.0778
524.5	1.0794
524.625	1.077
524.75	1.0762
524.875	1.0786
525.0	1.077
525.125	1.0754
525.25	1.0754
525.375	1.0762
525.5	1.0754
525.625	1.0754
525.75	1.0754
525.875	1.0754
526.0	1.0746
526.125	1.0746
526.25	1.0723
526.375	1.0723
526.5	1.0738
526.625	1.0738
526.75	1.0715
526.875	1.0707
527.0	1.0707
527.125	1.0707
527.25	1.0707
527.375	1.0691
527.5	1.0668
527.625	1.066
527.75	1.0683
527.875	1.066
528.0	1.0652
528.125	1.066
528.25	1.066
528.375	1.066
528.5	1.066
528.625	1.0652
528.75	1.0636
528.875	1.0613
529.0	1.0613
529.125	1.0613
529.25	1.0613
529.375	1.0613
529.5	1.0613
529.625	1.0605
529.75	1.0605
529.875	1.0573
530.0	1.0566
530.125	1.0566
530.25	1.0566
530.375	1.0566
530.5	1.0566
530.625	1.055
530.75	1.055
530.875	1.0518
531.0	1.0518
531.125	1.0518
531.25	1.0518
531.375	1.0518
531.5	1.0503
531.625	1.0518
531.75	1.0479
531.875	1.0479
532.0	1.0479
532.125	1.0471
532.25	1.0471
532.375	1.0463
532.5	1.0471
532.625	1.0424
532.75	1.0432
532.875	1.0424
533.0	1.0424
533.125	1.0424
533.25	1.0416
533.375	1.0424
533.5	1.04
533.625	1.0385
533.75	1.0377
533.875	1.0377
534.0	1.0377
534.125	1.0345
534.25	1.033
534.375	1.033
534.5	1.033
534.625	1.033
534.75	1.033
534.875	1.033
535.0	1.0314
535.125	1.0306
535.25	1.0283
535.375	1.0283
535.5	1.0283
535.625	1.0275
535.75	1.0283
535.875	1.0251
536.0	1.0235
536.125	1.0235
536.25	1.0235
536.375	1.0212
536.5	1.0204
536.625	1.0196
536.75	1.0188
536.875	1.0188
537.0	1.0172
537.125	1.0157
537.25	1.018
537.375	1.0149
537.5	1.0141
537.625	1.0141
537.75	1.0141
537.875	1.0141
538.0	1.0133
538.125	1.011
538.25	1.0094
538.375	1.0094
538.5	1.0094
538.625	1.0094
538.75	1.0086
538.875	1.0078
539.0	1.0062
539.125	1.0047
539.25	1.0047
539.375	1.0047
539.5	1.0015
539.625	1.0031
539.75	1.0
539.875	1.0
540.0	1.0
540.125	0.9968
540.25	0.9952
540.375	0.9952
540.5	0.996
540.625	0.9952
540.75	0.9952
540.875	0.9952
541.0	0.9929
541.125	0.9905
541.25	0.9905
541.375	0.9897
541.5	0.9897
541.625	0.9905
541.75	0.9882
541.875	0.9858
542.0	0.9858
542.125	0.9858
542.25	0.9842
542.375	0.9811
542.5	0.9834
542.625	0.9811
542.75	0.9811
542.875	0.9803
543.0	0.9787
543.125	0.9787
543.25	0.9764
543.375	0.9764
543.5	0.9764
543.625	0.9748
543.75	0.9748
543.875	0.9716
544.0	0.9685
544.125	0.9669
544.25	0.9669
544.375	0.9669
544.5	0.9669
544.625	0.9661
544.75	0.9646
544.875	0.9638
545.0	0.9622
545.125	0.9622
545.25	0.9622
545.375	0.9599
545.5	0.9606
545.625	0.9614
545.75	0.9599
545.875	0.9575
546.0	0.9575
546.125	0.9575
546.25	0.9528
546.375	0.9536
546.5	0.9528
546.625	0.9528
546.75	0.952
546.875	0.9481
547.0	0.9481
547.125	0.9481
547.25	0.9481
547.375	0.9481
547.5	0.9433
547.625	0.9433
547.75	0.9433
547.875	0.9433
548.0	0.9433
548.125	0.9426
548.25	0.941
548.375	0.9386
548.5	0.9386
548.625	0.9363
548.75	0.9347
548.875	0.9339
549.0	0.9339
549.125	0.9339
549.25	0.9308
549.375	0.9292
549.5	0.9292
549.625	0.9284
549.75	0.9276
549.875	0.9284
550.0	0.9245
550.125	0.9245
550.25	0.9245
550.375	0.9245
550.5	0.9213
550.625	0.9198
550.75	0.9198
550.875	0.9198
551.0	0.919
551.125	0.9174
551.25	0.915
551.375	0.915
551.5	0.915
551.625	0.9135
551.75	0.9127
551.875	0.9103
552.0	0.9103
552.125	0.9103
552.25	0.9103
552.375	0.908
552.5	0.9056
552.625	0.9056
552.75	0.9056
552.875	0.9048
553.0	0.9009
553.125	0.9009
553.25	0.9009
553.375	0.9009
553.5	0.9009
553.625	0.897
553.75	0.8962
553.875	0.8962
554.0	0.8962
554.125	0.8946
554.25	0.893
554.375	0.8915
554.5	0.8915
554.625	0.8915
554.75	0.8883
554.875	0.8875
555.0	0.8867
555.125	0.886
555.25	0.8844
555.375	0.8844
555.5	0.882
555.625	0.882
555.75	0.882
555.875	0.8805
556.0	0.8773
556.125	0.8773
556.25	0.8765
556.375	0.8742
556.5	0.8765
556.625	0.8726
556.75	0.8726
556.875	0.8726
557.0	0.8679
557.125	0.8679
557.25	0.8679
557.375	0.8655
557.5	0.8647
557.625	0.8632
557.75	0.8632
557.875	0.8616
558.0	0.8608
558.125	0.86
558.25	0.8592
558.375	0.8584
558.5	0.8584
558.625	0.8577
558.75	0.8553
558.875	0.8545
559.0	0.8537
559.125	0.8529
559.25	0.8514
559.375	0.8529
559.5	0.849
559.625	0.849
559.75	0.849
559.875	0.8466
560.0	0.8482
560.125	0.8443
560.25	0.8443
560.375	0.8443
560.5	0.8419
560.625	0.8419
560.75	0.8411
560.875	0.8396
561.0	0.8372
561.125	0.838
561.25	0.8349
561.375	0.8364
561.5	0.8349
561.625	0.8341
561.75	0.8309
561.875	0.8325
562.0	0.8301
562.125	0.8301
562.25	0.8301
562.375	0.8262
562.5	0.8254
562.625	0.8254
562.75	0.8246
562.875	0.8207
563.0	0.8207
563.125	0.8207
563.25	0.8207
563.375	0.8199
563.5	0.8199
563.625	0.8199
563.75	0.8176
563.875	0.816
564.0	0.8144
564.125	0.8144
564.25	0.8144
564.375	0.8128
564.5	0.8113
564.625	0.8097
564.75	0.8097
564.875	0.8089
565.0	0.8066
565.125	0.8066
565.25	0.8066
565.375	0.8026
565.5	0.8018
565.625	0.8034
565.75	0.8018
565.875	0.8018
566.0	0.8018
566.125	0.7995
566.25	0.7971
566.375	0.7971
566.5	0.7963
566.625	0.7948
566.75	0.7948
566.875	0.7932
567.0	0.7924
567.125	0.7924
567.25	0.7924
567.375	0.7908
567.5	0.7885
567.625	0.7877
567.75	0.7877
567.875	0.7853
568.0	0.783
568.125	0.783
568.25	0.783
568.375	0.783
568.5	0.783
568.625	0.7806
568.75	0.7783
568.875	0.7783
569.0	0.779
569.125	0.7783
569.25	0.7775
569.375	0.7751
569.5	0.7751
569.625	0.7735
569.75	0.7735
569.875	0.7735
570.0	0.7735
570.125	0.7704
570.25	0.7688
570.375	0.7688
570.5	0.7688
570.625	0.768
570.75	0.7657
570.875	0.7649
571.0	0.7641
571.125	0.7641
571.25	0.7641
571.375	0.7633
571.5	0.7602
571.625	0.7594
571.75	0.7594
571.875	0.757
572.0	0.7547
572.125	0.7547
572.25	0.7547
572.375	0.7547
572.5	0.7531
572.625	0.7523
572.75	0.7523
572.875	0.75
573.0	0.75
573.125	0.7484
573.25	0.7452
573.375	0.7452
573.5	0.7452
573.625	0.7452
573.75	0.7452
573.875	0.7429
574.0	0.7405
574.125	0.7405
574.25	0.7405
574.375	0.7405
574.5	0.7405
574.625	0.7405
574.75	0.7382
574.875	0.7358
575.0	0.7358
575.125	0.7358
575.25	0.7358
575.375	0.7358
575.5	0.7334
575.625	0.7319
575.75	0.7311
575.875	0.7327
576.0	0.7311
576.125	0.7311
576.25	0.7287
576.375	0.7279
576.5	0.7264
576.625	0.7264
576.75	0.7264
576.875	0.7264
577.0	0.7256
577.125	0.7256
577.25	0.724
577.375	0.724
577.5	0.7216
577.625	0.7216
577.75	0.7216
577.875	0.7193
578.0	0.7185
578.125	0.7169
578.25	0.7177
578.375	0.7169
578.5	0.7169
578.625	0.7169
578.75	0.7146
578.875	0.7122
579.0	0.7122
579.125	0.7122
579.25	0.7122
579.375	0.7122
579.5	0.7099
579.625	0.7075
579.75	0.7075
579.875	0.7075
580.0	0.7067
580.125	0.7067
580.25	0.7075
580.375	0.7044
580.5	0.7028
580.625	0.7028
580.75	0.7028
580.875	0.7028
581.0	0.6988
581.125	0.6988
581.25	0.6988
581.375	0.6981
581.5	0.6981
581.625	0.6981
581.75	0.6981
581.875	0.6981
582.0	0.6941
582.125	0.6965
582.25	0.6949
582.375	0.6933
582.5	0.6933
582.625	0.6933
582.75	0.6918
582.875	0.6918
583.0	0.6886
583.125	0.6886
583.25	0.6886
583.375	0.6886
583.5	0.6886
583.625	0.6855
583.75	0.6839
583.875	0.6839
584.0	0.6871
584.125	0.6847
584.25	0.6839
584.375	0.6839
584.5	0.6831
584.625	0.68
584.75	0.6808
584.875	0.6808
585.0	0.6808
585.125	0.6808
585.25	0.6792
585.375	0.6792
585.5	0.6792
585.625	0.6792
585.75	0.6776
585.875	0.6768
586.0	0.6776
586.125	0.6745
586.25	0.6745
586.375	0.6729
586.5	0.6705
586.625	0.6713
586.75	0.6698
586.875	0.6698
587.0	0.6698
587.125	0.6698
587.25	0.6698
587.375	0.6698
587.5	0.6674
587.625	0.6682
587.75	0.665
587.875	0.665
588.0	0.665
588.125	0.665
588.25	0.6643
588.375	0.6627
588.5	0.6627
588.625	0.6611
588.75	0.6619
588.875	0.6611
589.0	0.6603
589.125	0.6603
589.25	0.6595
589.375	0.6564
589.5	0.658
589.625	0.6556
589.75	0.6556
589.875	0.6556
590.0	0.6556
590.125	0.6556
590.25	0.6533
590.375	0.6525
590.5	0.6509
590.625	0.6509
590.75	0.6509
590.875	0.6509
591.0	0.6509
591.125	0.6509
591.25	0.6509
591.375	0.6509
591.5	0.6509
591.625	0.6501
591.75	0.6501
591.875	0.6485
592.0	0.6462
592.125	0.6462
592.25	0.6462
592.375	0.6462
592.5	0.6454
592.625	0.6415
592.75	0.6438
592.875	0.6422
593.0	0.6422
593.125	0.6415
593.25	0.6415
593.375	0.6415
593.5	0.6415
593.625	0.6415
593.75	0.6375
593.875	0.6367
594.0	0.6367
594.125	0.6367
594.25	0.6367
594.375	0.6367
594.5	0.6352
594.625	0.6336
594.75	0.6336
594.875	0.632
595.0	0.632
595.125	0.632
595.25	0.632
595.375	0.6281
595.5	0.6273
595.625	0.6273
595.75	0.6281
595.875	0.6297
596.0	0.6273
596.125	0.6273
596.25	0.6273
596.375	0.6265
596.5	0.6265
596.625	0.6257
596.75	0.6242
596.875	0.6226
597.0	0.6226
597.125	0.6234
597.25	0.6226
597.375	0.6226
597.5	0.621
597.625	0.6202
597.75	0.621
597.875	0.6202
598.0	0.6179
598.125	0.6179
598.25	0.6179
598.375	0.6171
598.5	0.6147
598.625	0.6155
598.75	0.6132
598.875	0.6132
599.0	0.6132
599.125	0.6132
599.25	0.6124
599.375	0.6132
599.5	0.6132
599.625	0.6108
599.75	0.6124
599.875	0.6116
600.0	0.6108
600.125	0.6084
600.25	0.6084
600.375	0.6084
600.5	0.6084
600.625	0.6084
600.75	0.6084
600.875	0.6053
601.0	0.6053
601.125	0.6053
601.25	0.6037
601.375	0.6045
601.5	0.6037
601.625	0.6037
601.75	0.6037
601.875	0.6037
602.0	0.6029
602.125	0.6006
602.25	0.6029
602.375	0.6006
602.5	0.599
602.625	0.599
602.75	0.599
602.875	0.599
603.0	0.5974
603.125	0.5959
603.25	0.5959
603.375	0.5951
603.5	0.5943
603.625	0.5943
603.75	0.5943
603.875	0.5943
604.0	0.5943
604.125	0.5935
604.25	0.5911
604.375	0.5904
604.5	0.5896
604.625	0.5896
604.75	0.5896
604.875	0.5896
605.0	0.5896
605.125	0.5872
605.25	0.5872
605.375	0.5864
605.5	0.588
605.625	0.5849
605.75	0.5849
605.875	0.5849
606.0	0.5849
606.125	0.5841
606.25	0.5825
606.375	0.5801
606.5	0.5809
606.625	0.5801
606.75	0.5801
606.875	0.5801
607.0	0.5801
607.125	0.5786
607.25	0.5786
607.375	0.577
607.5	0.5754
607.625	0.5754
607.75	0.5754
607.875	0.5746
608.0	0.5723
608.125	0.5731
608.25	0.5738
608.375	0.5707
608.5	0.5707
608.625	0.5707
608.75	0.5707
608.875	0.5707
609.0	0.5683
609.125	0.566
609.25	0.566
609.375	0.566
609.5	0.566
609.625	0.566
609.75	0.566
609.875	0.566
610.0	0.5636
610.125	0.5613
610.25	0.5613
610.375	0.5621
610.5	0.5613
610.625	0.5613
610.75	0.5597
610.875	0.5581
611.0	0.5566
611.125	0.5566
611.25	0.5573
611.375	0.5566
611.5	0.5566
611.625	0.555
611.75	0.555
611.875	0.5518
612.0	0.5518
612.125	0.5518
612.25	0.5518
612.375	0.5511
612.5	0.5495
612.625	0.5495
612.75	0.5471
612.875	0.5471
613.0	0.5471
613.125	0.5471
613.25	0.5471
613.375	0.5455
613.5	0.5432
613.625	0.5424
613.75	0.5424
613.875	0.5424
614.0	0.5385
614.125	0.5377
614.25	0.5377
614.375	0.5338
614.5	0.5353
614.625	0.5345
614.75	0.533
614.875	0.533
615.0	0.533
615.125	0.5322
615.25	0.5298
615.375	0.5298
615.5	0.5283
615.625	0.5283
615.75	0.5283
615.875	0.5275
616.0	0.5259
616.125	0.5259
616.25	0.5283
616.375	0.5283
616.5	0.5259
616.625	0.5243
616.75	0.5283
616.875	0.5251
617.0	0.5235
617.125	0.5235
617.25	0.5235
617.375	0.5235
617.5	0.5188
617.625	0.518
617.75	0.5188
617.875	0.5172
618.0	0.518
618.125	0.5141
618.25	0.5141
618.375	0.5149
618.5	0.5141
618.625	0.5141
618.75	0.5141
618.875	0.5141
619.0	0.5133
619.125	0.5102
619.25	0.5141
619.375	0.5141
619.5	0.5094
619.625	0.5094
619.75	0.5094
619.875	0.5062
620.0	0.5047
620.125	0.5047
620.25	0.5047
620.375	0.5047
620.5	0.5047
620.625	0.5
620.75	0.5
620.875	0.5
621.0	0.4992
621.125	0.4952
621.25	0.4952
621.375	0.4952
621.5	0.4944
621.625	0.4952
621.75	0.4929
621.875	0.4921
622.0	0.4905
622.125	0.4905
622.25	0.4905
622.375	0.4921
622.5	0.4905
622.625	0.4905
622.75	0.4905
622.875	0.4889
623.0	0.4866
623.125	0.4866
623.25	0.4858
623.375	0.4858
623.5	0.4858
623.625	0.4842
623.75	0.4811
623.875	0.4811
624.0	0.4819
624.125	0.4811
624.25	0.4787
624.375	0.4779
624.5	0.4787
624.625	0.4764
624.75	0.4772
624.875	0.4764
625.0	0.4748
625.125	0.4724
625.25	0.4724
625.375	0.4732
625.5	0.4716
625.625	0.4716
625.75	0.4693
625.875	0.4669
626.0	0.4669
626.125	0.4661
626.25	0.463
626.375	0.4622
626.5	0.4638
626.625	0.4638
626.75	0.4622
626.875	0.4622
627.0	0.4614
627.125	0.4622
627.25	0.4622
627.375	0.4591
627.5	0.4575
627.625	0.4575
627.75	0.4551
627.875	0.4551
628.0	0.4544
628.125	0.4528
628.25	0.4528
628.375	0.452
628.5	0.4512
628.625	0.4504
628.75	0.4481
628.875	0.4481
629.0	0.4481
629.125	0.4465
629.25	0.4449
629.375	0.4441
629.5	0.4433
629.625	0.4433
629.75	0.4433
629.875	0.4433
630.0	0.4426
630.125	0.4402
630.25	0.4386
630.375	0.4386
630.5	0.4378
630.625	0.4386
630.75	0.4363
630.875	0.4339
631.0	0.4339
631.125	0.4339
631.25	0.4339
631.375	0.4316
631.5	0.4292
631.625	0.4292
631.75	0.4292
631.875	0.4292
632.0	0.4276
632.125	0.4253
632.25	0.4245
632.375	0.4245
632.5	0.4245
632.625	0.4229
632.75	0.4213
632.875	0.4198
633.0	0.4198
633.125	0.419
633.25	0.4182
633.375	0.4166
633.5	0.415
633.625	0.415
633.75	0.4143
633.875	0.4143
634.0	0.4111
634.125	0.4111
634.25	0.4103
634.375	0.4103
634.5	0.408
634.625	0.4088
634.75	0.4064
634.875	0.4064
635.0	0.4056
635.125	0.4056
635.25	0.4033
635.375	0.4009
635.5	0.4009
635.625	0.4009
635.75	0.4009
635.875	0.3985
636.0	0.3962
636.125	0.397
636.25	0.3962
636.375	0.3962
636.5	0.393
636.625	0.3915
636.75	0.3915
636.875	0.3915
637.0	0.3915
637.125	0.3915
637.25	0.3883
637.375	0.3867
637.5	0.3867
637.625	0.3867
637.75	0.3867
637.875	0.382
638.0	0.3836
638.125	0.382
638.25	0.382
638.375	0.382
638.5	0.3773
638.625	0.3773
638.75	0.3773
638.875	0.375
639.0	0.3726
639.125	0.3726
639.25	0.3726
639.375	0.3694
639.5	0.3694
639.625	0.3679
639.75	0.3679
639.875	0.3663
640.0	0.3663
640.125	0.3663
640.25	0.3639
640.375	0.3632
640.5	0.3632
640.625	0.3632
640.75	0.3632
640.875	0.3616
641.0	0.3584
641.125	0.3592
641.25	0.3584
641.375	0.3584
641.5	0.3561
641.625	0.3537
641.75	0.3522
641.875	0.3529
642.0	0.3529
642.125	0.3537
642.25	0.3498
642.375	0.3482
642.5	0.349
642.625	0.349
642.75	0.349
642.875	0.3451
643.0	0.3451
643.125	0.3443
643.25	0.3443
643.375	0.3443
643.5	0.3396
643.625	0.3396
643.75	0.3396
643.875	0.338
644.0	0.3388
644.125	0.3388
644.25	0.3349
644.375	0.3325
644.5	0.3317
644.625	0.3301
644.75	0.3301
644.875	0.3301
645.0	0.3301
645.125	0.3254
645.25	0.3294
645.375	0.3286
645.5	0.3246
645.625	0.3231
645.75	0.3246
645.875	0.3207
646.0	0.3223
646.125	0.3207
646.25	0.3207
646.375	0.3183
646.5	0.3191
646.625	0.3207
646.75	0.316
646.875	0.316
647.0	0.3168
647.125	0.3144
647.25	0.3136
647.375	0.3113
647.5	0.3113
647.625	0.3113
647.75	0.3081
647.875	0.3089
648.0	0.3066
648.125	0.3073
648.25	0.3066
648.375	0.305
648.5	0.305
648.625	0.3018
648.75	0.3018
648.875	0.3018
649.0	0.3018
649.125	0.3018
649.25	0.2979
649.375	0.2971
649.5	0.2971
649.625	0.2963
649.75	0.2971
649.875	0.2971
650.0	0.2924
650.125	0.2924
650.25	0.2908
650.375	0.2916
650.5	0.2908
650.625	0.2877
650.75	0.2877
650.875	0.2877
651.0	0.2877
651.125	0.2853
651.25	0.2838
651.375	0.283
651.5	0.283
651.625	0.283
651.75	0.2814
651.875	0.279
652.0	0.279
652.125	0.2798
652.25	0.2783
652.375	0.2767
652.5	0.2751
652.625	0.2735
652.75	0.2735
652.875	0.2735
653.0	0.2735
653.125	0.2727
653.25	0.2688
653.375	0.2704
653.5	0.2688
653.625	0.2688
653.75	0.2672
653.875	0.2665
654.0	0.2641
654.125	0.2649
654.25	0.2641
654.375	0.2625
654.5	0.2617
654.625	0.2602
654.75	0.2594
654.875	0.2602
655.0	0.2594
655.125	0.257
655.25	0.2562
655.375	0.2555
655.5	0.2547
655.625	0.2531
655.75	0.2547
655.875	0.2547
656.0	0.2515
656.125	0.2515
656.25	0.25
656.375	0.25
656.5	0.2484
656.625	0.2484
656.75	0.2452
656.875	0.2452
657.0	0.2452
657.125	0.2452
657.25	0.2429
657.375	0.2413
657.5	0.2421
657.625	0.2405
657.75	0.2405
657.875	0.2405
658.0	0.2389
658.125	0.2358
658.25	0.2358
658.375	0.2358
658.5	0.2358
658.625	0.2334
658.75	0.2334
658.875	0.2342
659.0	0.2319
659.125	0.2311
659.25	0.2311
659.375	0.2311
659.5	0.2272
659.625	0.2272
659.75	0.2264
659.875	0.2264
660.0	0.2264
660.125	0.2264
660.25	0.2248
660.375	0.2232
660.5	0.2224
660.625	0.2216
660.75	0.2216
660.875	0.2209
661.0	0.2193
661.125	0.2177
661.25	0.2169
661.375	0.2169
661.5	0.2169
661.625	0.2154
661.75	0.2146
661.875	0.2138
662.0	0.2122
662.125	0.2122
662.25	0.2122
662.375	0.2122
662.5	0.2106
662.625	0.2099
662.75	0.2075
662.875	0.2075
663.0	0.2075
663.125	0.2059
663.25	0.2051
663.375	0.2044
663.5	0.2051
663.625	0.2028
663.75	0.2028
663.875	0.2028
664.0	0.202
664.125	0.1996
664.25	0.1988
664.375	0.1981
664.5	0.1981
664.625	0.1981
664.75	0.1981
664.875	0.1965
665.0	0.1949
665.125	0.1957
665.25	0.1941
665.375	0.1933
665.5	0.1933
665.625	0.1933
665.75	0.1926
665.875	0.1902
666.0	0.1902
666.125	0.1886
666.25	0.1886
666.375	0.1871
666.5	0.1871
666.625	0.1871
666.75	0.1863
666.875	0.1839
667.0	0.1839
667.125	0.1839
667.25	0.1831
667.375	0.1839
667.5	0.1808
667.625	0.1816
667.75	0.1792
667.875	0.1808
668.0	0.1792
668.125	0.1784
668.25	0.1776
668.375	0.1761
668.5	0.1784
668.625	0.1745
668.75	0.1761
668.875	0.1745
669.0	0.1745
669.125	0.1737
669.25	0.1721
669.375	0.1698
669.5	0.1698
669.625	0.1698
669.75	0.1698
669.875	0.169
670.0	0.1698
670.125	0.1682
670.25	0.1666
670.375	0.165
670.5	0.165
670.625	0.165
670.75	0.165
670.875	0.165
671.0	0.165
671.125	0.165
671.25	0.1627
671.375	0.1619
671.5	0.1603
671.625	0.1603
671.75	0.1595
671.875	0.1603
672.0	0.1588
672.125	0.1603
672.25	0.158
672.375	0.1564
672.5	0.1564
672.625	0.1556
672.75	0.1556
672.875	0.1556
673.0	0.1556
673.125	0.1556
673.25	0.1525
673.375	0.1517
673.5	0.1509
673.625	0.1509
673.75	0.1509
673.875	0.1509
674.0	0.1509
674.125	0.1509
674.25	0.1509
674.375	0.1509
674.5	0.1485
674.625	0.1485
674.75	0.1462
674.875	0.147
675.0	0.1462
675.125	0.1462
675.25	0.1462
675.375	0.1462
675.5	0.1462
675.625	0.1446
675.75	0.1438
675.875	0.143
676.0	0.1422
676.125	0.1415
676.25	0.1415
676.375	0.1415
676.5	0.1415
676.625	0.1407
676.75	0.1391
676.875	0.1399
677.0	0.1375
677.125	0.1391
677.25	0.1367
677.375	0.1367
677.5	0.136
677.625	0.1367
677.75	0.132
677.875	0.1336
678.0	0.1336
678.125	0.132
678.25	0.1328
678.375	0.1305
678.5	0.1305
678.625	0.1312
678.75	0.1305
678.875	0.1289
679.0	0.1289
679.125	0.1273
679.25	0.1273
679.375	0.1281
679.5	0.1273
679.625	0.1273
679.75	0.1273
679.875	0.1226
680.0	0.1226
680.125	0.1226
680.25	0.1226
680.375	0.1234
680.5	0.1226
680.625	0.1226
680.75	0.121
680.875	0.1218
681.0	0.1226
681.125	0.1202
681.25	0.1194
681.375	0.1187
681.5	0.1179
681.625	0.1179
681.75	0.1179
681.875	0.1179
682.0	0.1179
682.125	0.1171
682.25	0.1139
682.375	0.1132
682.5	0.1132
682.625	0.1132
682.75	0.1132
682.875	0.1132
683.0	0.1132
683.125	0.1132
683.25	0.1132
683.375	0.1092
683.5	0.11
683.625	0.1084
683.75	0.1084
683.875	0.1084
684.0	0.1084
684.125	0.1084
684.25	0.1084
684.375	0.1061
684.5	0.1053
684.625	0.1045
684.75	0.1037
684.875	0.1037
685.0	0.1037
685.125	0.1037
685.25	0.1022
685.375	0.1029
685.5	0.1029
685.625	0.1029
685.75	0.1037
685.875	0.099
686.0	0.1006
686.125	0.099
686.25	0.099
686.375	0.099
686.5	0.099
686.625	0.099
686.75	0.0974
686.875	0.0951
687.0	0.0959
687.125	0.0951
687.25	0.0943
687.375	0.0943
687.5	0.0943
687.625	0.0943
687.75	0.0927
687.875	0.0927
688.0	0.0927
688.125	0.0919
688.25	0.0904
688.375	0.0911
688.5	0.0896
688.625	0.0896
688.75	0.0896
688.875	0.0896
689.0	0.0888
689.125	0.0896
689.25	0.0896
689.375	0.0856
689.5	0.0864
689.625	0.0849
689.75	0.0849
689.875	0.0849
690.0	0.0849
690.125	0.0849
690.25	0.0841
690.375	0.0841
690.5	0.0849
690.625	0.0849
690.75	0.0825
690.875	0.0833
691.0	0.0801
691.125	0.0801
691.25	0.0801
691.375	0.0801
691.5	0.0801
691.625	0.0801
691.75	0.0801
691.875	0.077
692.0	0.0762
692.125	0.0762
692.25	0.0754
692.375	0.0762
692.5	0.0754
692.625	0.0754
692.75	0.0754
692.875	0.0754
693.0	0.0754
693.125	0.0754
693.25	0.0746
693.375	0.0746
693.5	0.0707
693.625	0.0746
693.75	0.0723
693.875	0.0731
694.0	0.0707
694.125	0.0707
694.25	0.0707
694.375	0.0707
694.5	0.0707
694.625	0.0707
694.75	0.0707
694.875	0.0707
695.0	0.0691
695.125	0.0668
695.25	0.0668
695.375	0.066
695.5	0.066
695.625	0.066
695.75	0.066
695.875	0.066
696.0	0.066
696.125	0.066
696.25	0.066
696.375	0.066
696.5	0.0652
696.625	0.0636
696.75	0.0652
696.875	0.0636
697.0	0.0613
697.125	0.0613
697.25	0.0613
697.375	0.0613
697.5	0.0613
697.625	0.0613
697.75	0.0613
697.875	0.0605
698.0	0.0605
698.125	0.0613
698.25	0.0605
698.375	0.0581
698.5	0.0597
698.625	0.0573
698.75	0.0566
698.875	0.0573
699.0	0.0573
699.125	0.0566
699.25	0.0566
699.375	0.0566
699.5	0.0566
699.625	0.0566
699.75	0.0566
699.875	0.0558
700.0	0.055
700.125	0.0566
700.25	0.0558
700.375	0.0542
700.5	0.0542
700.625	0.0526
700.75	0.0526
700.875	0.0518
701.0	0.0518
701.125	0.0518
701.25	0.0518
701.375	0.0518
701.5	0.0518
701.625	0.0518
701.75	0.0518
701.875	0.0518
702.0	0.0518
702.125	0.0503
702.25	0.0487
702.375	0.0503
702.5	0.0495
702.625	0.0479
702.75	0.0479
702.875	0.0471
703.0	0.0471
703.125	0.0471
703.25	0.0471
703.375	0.0471
703.5	0.0471
703.625	0.0463
703.75	0.0471
703.875	0.0455
704.0	0.0455
704.125	0.0448
704.25	0.044
704.375	0.0463
704.5	0.0455
704.625	0.0448
704.75	0.0432
704.875	0.044
705.0	0.0432
705.125	0.0424
705.25	0.0432
705.375	0.0424
705.5	0.0424
705.625	0.0424
705.75	0.0424
705.875	0.0424
706.0	0.0424
706.125	0.0424
706.25	0.0424
706.375	0.0408
706.5	0.0408
706.625	0.0377
706.75	0.0424
706.875	0.0393
707.0	0.0408
707.125	0.0377
707.25	0.0377
707.375	0.0393
707.5	0.0385
707.625	0.0385
707.75	0.0377
707.875	0.0377
708.0	0.0385
708.125	0.0385
708.25	0.0377
708.375	0.0369
708.5	0.0361
708.625	0.0377
708.75	0.0377
708.875	0.0377
709.0	0.0377
709.125	0.0353
709.25	0.0353
709.375	0.0353
709.5	0.0345
709.625	0.0353
709.75	0.0353
709.875	0.0338
710.0	0.033
710.125	0.0338
710.25	0.033
710.375	0.033
710.5	0.033
710.625	0.0338
710.75	0.033
710.875	0.033
711.0	0.033
711.125	0.033
711.25	0.033
711.375	0.033
711.5	0.033
711.625	0.033
711.75	0.0314
711.875	0.0322
712.0	0.0322
712.125	0.0283
712.25	0.0298
712.375	0.0283
712.5	0.029
712.625	0.029
712.75	0.0306
712.875	0.0283
713.0	0.0283
713.125	0.0283
713.25	0.0283
713.375	0.0283
713.5	0.0283
713.625	0.0283
713.75	0.0283
713.875	0.0283
714.0	0.0275
714.125	0.0275
714.25	0.0275
714.375	0.0283
714.5	0.0283
714.625	0.0251
714.75	0.0283
714.875	0.0275
715.0	0.0267
715.125	0.0283
715.25	0.0267
715.375	0.0267
715.5	0.0243
715.625	0.0243
715.75	0.0267
715.875	0.0251
716.0	0.0235
716.125	0.0235
716.25	0.0243
716.375	0.0235
716.5	0.0235
716.625	0.0235
716.75	0.0235
716.875	0.0235
717.0	0.0227
717.125	0.0235
717.25	0.0235
717.375	0.0235
717.5	0.0235
717.625	0.0235
717.75	0.0235
717.875	0.0227
718.0	0.0227
718.125	0.0227
718.25	0.0235
718.375	0.0204
718.5	0.0227
718.625	0.0227
718.75	0.0212
718.875	0.0204
719.0	0.0204
719.125	0.0188
719.25	0.0196
719.375	0.0196
719.5	0.0188
719.625	0.0204
719.75	0.0196
719.875	0.0188
720.0	0.0188
720.125	0.0188
720.25	0.0188
720.375	0.0188
720.5	0.0188
720.625	0.0188
720.75	0.0188
720.875	0.0188
721.0	0.0188
721.125	0.018
721.25	0.0188
721.375	0.0188
721.5	0.0188
721.625	0.0188
721.75	0.018
721.875	0.0172
722.0	0.018
722.125	0.0188
722.25	0.0172
722.375	0.018
722.5	0.0157
722.625	0.0157
722.75	0.0157
722.875	0.0165
723.0	0.0172
723.125	0.0172
723.25	0.0149
723.375	0.0141
723.5	0.0149
723.625	0.0165
723.75	0.0141
723.875	0.0149
724.0	0.0141
724.125	0.0141
724.25	0.0141
724.375	0.0141
724.5	0.0149
724.625	0.0141
724.75	0.0141
724.875	0.0141
725.0	0.0149
725.125	0.0141
725.25	0.0141
725.375	0.0141
725.5	0.0141
725.625	0.0141
725.75	0.0141
725.875	0.0141
726.0	0.0141
726.125	0.0141
726.25	0.0141
726.375	0.0141
726.5	0.0141
726.625	0.0133
726.75	0.0141
726.875	0.0133
727.0	0.0141
727.125	0.0141
727.25	0.0141
727.375	0.0125
727.5	0.0141
727.625	0.0141
727.75	0.0117
727.875	0.0125
728.0	0.0102
728.125	0.0133
728.25	0.0141
728.375	0.0094
728.5	0.0102
728.625	0.0094
728.75	0.011
728.875	0.0094
729.0	0.011
729.125	0.0094
729.25	0.0102
729.375	0.0094
729.5	0.0094
729.625	0.0094
729.75	0.011
729.875	0.0094
730.0	0.0094
730.125	0.011
730.25	0.0102
730.375	0.0094
730.5	0.0102
730.625	0.0094
730.75	0.0094
730.875	0.0102
731.0	0.0094
731.125	0.0094
731.25	0.0094
731.375	0.0094
731.5	0.0094
731.625	0.0094
731.75	0.0078
731.875	0.0094
732.0	0.0086
732.125	0.0094
732.25	0.0086
732.375	0.0094
732.5	0.0086
732.625	0.0094
732.75	0.0094
732.875	0.0094
733.0	0.0094
733.125	0.0094
733.25	0.0094
733.375	0.0086
733.5	0.0086
733.625	0.0086
733.75	0.0094
733.875	0.0078
734.0	0.0078
734.125	0.0094
734.25	0.0086
734.375	0.0094
734.5	0.0094
734.625	0.0062
734.75	0.0094
734.875	0.0086
735.0	0.0094
735.125	0.0086
735.25	0.0094
735.375	0.007
735.5	0.0062
735.625	0.007
735.75	0.0062
735.875	0.0062
736.0	0.0062
736.125	0.007
736.25	0.0047
736.375	0.0086
736.5	0.0055
736.625	0.0062
736.75	0.0055
736.875	0.0047
737.0	0.0047
737.125	0.0047
737.25	0.007
737.375	0.0047
737.5	0.0047
737.625	0.0047
737.75	0.0062
737.875	0.0055
738.0	0.0047
738.125	0.0047
738.25	0.0047
738.375	0.0047
738.5	0.0055
738.625	0.0047
738.75	0.0047
738.875	0.0047
739.0	0.0047
739.125	0.0047
739.25	0.0047
739.375	0.0047
739.5	0.0047
739.625	0.0047
739.75	0.0047
739.875	0.0047
740.0	0.0047
740.125	0.0047
740.25	0.0047
740.375	0.0039
740.5	0.0047
740.625	0.0047
740.75	0.0047
740.875	0.0047
741.0	0.0039
741.125	0.0047
741.25	0.0039
741.375	0.0039
741.5	0.0039
741.625	0.0031
741.75	0.0047
741.875	0.0047
742.0	0.0023
742.125	0.0023
742.25	0.0031
742.375	0.0039
742.5	0.0031
742.625	0.0047
742.75	0.0015
742.875	0.0023
743.0	0.0031
743.125	7.0E-4
743.25	0.0015
743.375	0.0031
743.5	7.0E-4
743.625	0.0023
743.75	0.0023
743.875	0.0
744.0	7.0E-4
744.125	7.0E-4
744.25	0.0015
744.375	0.0015
744.5	7.0E-4
744.625	0.0015
744.75	0.0015
744.875	0.0015
745.0	0.0
745.125	7.0E-4
745.25	0.0
745.375	7.0E-4
745.5	0.0015
745.625	0.0
745.75	0.0023
745.875	0.0015
746.0	0.0015
746.125	0.0
746.25	7.0E-4
746.375	7.0E-4
746.5	0.0
746.625	0.0
746.75	0.0023
746.875	0.0
747.0	0.0
747.125	0.0023
747.25	0.0
747.375	7.0E-4
747.5	7.0E-4
747.625	0.0
747.75	0.0
747.875	7.0E-4
748.0	7.0E-4
748.125	0.0
748.25	0.0
748.375	0.0
748.5	7.0E-4
748.625	7.0E-4
748.75	0.0
748.875	0.0
749.0	0.0
749.125	0.0
749.25	0.0
749.375	0.0
749.5	0.0
749.625	7.0E-4
749.75	7.0E-4
749.875	0.0
750.0	0.0
750.125	0.0
750.25	0.0
750.375	7.0E-4
750.5	0.0
750.625	0.0015
750.75	0.0
750.875	0.0
751.0	0.0
751.125	0.0
751.25	0.0
751.375	7.0E-4
751.5	0.0
751.625	0.0
751.75	0.0
751.875	0.0
752.0	7.0E-4
752.125	0.0
752.25	0.0
752.375	0.0
752.5	0.0
752.625	0.0
752.75	0.0
752.875	0.0015
753.0	0.0
753.125	0.0
753.25	0.0
753.375	0.0
753.5	0.0
753.625	0.0
753.75	0.0
753.875	0.0
754.0	0.0
754.125	0.0
754.25	0.0
754.375	0.0
754.5	0.0
754.625	0.0
754.75	0.0
754.875	0.0
755.0	0.0
755.125	0.0
755.25	0.0
755.375	0.0
755.5	0.0
755.625	0.0
755.75	0.0
755.875	0.0
756.0	0.0
756.125	0.0
756.25	0.0
756.375	0.0
756.5	0.0
756.625	0.0
756.75	0.0
756.875	0.0
757.0	0.0
757.125	0.0
757.25	0.0
757.375	0.0
757.5	0.0
757.625	0.0
757.75	0.0
757.875	0.0
758.0	0.0
758.125	0.0
758.25	0.0
758.375	0.0
758.5	0.0
758.625	0.0
758.75	0.0
758.875	0.0
759.0	0.0
759.125	0.0
759.25	0.0
759.375	0.0
759.5	0.0
759.625	0.0
759.75	0.0
759.875	0.0
760.0	0.0
760.125	0.0
760.25	0.0
760.375	0.0
760.5	0.0
760.625	0.0
760.75	0.0
760.875	0.0
761.0	0.0
761.125	0.0
761.25	0.0
761.375	0.0
761.5	0.0
761.625	0.0
761.75	0.0
761.875	0.0
762.0	0.0
762.125	0.0
762.25	0.0
762.375	0.0
762.5	0.0
762.625	0.0
762.75	0.0
762.875	0.0
763.0	0.0
763.125	0.0
763.25	0.0
763.375	0.0
763.5	0.0
763.625	0.0
763.75	0.0
763.875	0.0
764.0	0.0
764.125	0.0
764.25	0.0
764.375	0.0
764.5	0.0
764.625	0.0
764.75	0.0
764.875	0.0
765.0	0.0
765.125	0.0
765.25	0.0
765.375	0.0
765.5	0.0
765.625	0.0
765.75	0.0
765.875	0.0
766.0	0.0
766.125	0.0
766.25	0.0
766.375	0.0
766.5	0.0
766.625	0.0
766.75	0.0
766.875	0.0
767.0	0.0
767.125	0.0
767.25	0.0
767.375	0.0
767.5	0.0
767.625	0.0
767.75	0.0
767.875	0.0
768.0	0.0
768.125	0.0
768.25	0.0
768.375	0.0
768.5	0.0
768.625	0.0
768.75	0.0
768.875	0.0
769.0	0.0
769.125	0.0
769.25	0.0
769.375	0.0
769.5	0.0
769.625	0.0
769.75	0.0
769.875	0.0
770.0	0.0
770.125	0.0
770.25	0.0
770.375	0.0
770.5	0.0
770.625	0.0
770.75	0.0
770.875	0.0
771.0	0.0
771.125	0.0
771.25	0.0
771.375	0.0
771.5	0.0
771.625	0.0
771.75	0.0
771.875	0.0
772.0	0.0
772.125	0.0
772.25	0.0
772.375	0.0
772.5	0.0
772.625	0.0
772.75	0.0
772.875	0.0
773.0	0.0
773.125	0.0
773.25	0.0
773.375	0.0
773.5	0.0
773.625	0.0
773.75	0.0
773.875	0.0
774.0	0.0
774.125	0.0
774.25	0.0
774.375	0.0
774.5	0.0
774.625	0.0
774.75	0.0
774.875	0.0
775.0	0.0
775.125	0.0
775.25	0.0
775.375	0.0
775.5	0.0
775.625	0.0
775.75	0.0
775.875	0.0
776.0	0.0
776.125	0.0
776.25	0.0
776.375	0.0
776.5	0.0
776.625	0.0
776.75	0.0
776.875	0.0
777.0	0.0
777.125	0.0
777.25	0.0
777.375	0.0
777.5	0.0
777.625	0.0
777.75	0.0
777.875	0.0
778.0	0.0
778.125	0.0
778.25	0.0
778.375	0.0
778.5	0.0
778.625	0.0
778.75	0.0
778.875	0.0
779.0	0.0
779.125	0.0
779.25	0.0
779.375	0.0
779.5	0.0
779.625	0.0
779.75	0.0
779.875	0.0
780.0	0.0
780.125	0.0
780.25	0.0
780.375	0.0
780.5	0.0
780.625	0.0
780.75	0.0
780.875	0.0
781.0	0.0
781.125	0.0
781.25	0.0
781.375	0.0
781.5	0.0
781.625	0.0
781.75	0.0
781.875	0.0
782.0	0.0
782.125	0.0
782.25	0.0
782.375	0.0
782.5	0.0
782.625	0.0
782.75	0.0
782.875	0.0
783.0	0.0
783.125	0.0
783.25	0.0
783.375	0.0
783.5	0.0
783.625	0.0
783.75	0.0
783.875	0.0
784.0	0.0
784.125	0.0
784.25	0.0
784.375	0.0
784.5	0.0
784.625	0.0
784.75	0.0
784.875	0.0
785.0	0.0
785.125	0.0
785.25	0.0
785.375	0.0
785.5	0.0
785.625	0.0
785.75	0.0
785.875	0.0
786.0	0.0
786.125	0.0
786.25	0.0
786.375	0.0
786.5	0.0
786.625	0.0
786.75	0.0
786.875	0.0
787.0	0.0
787.125	0.0
787.25	0.0
787.375	0.0
787.5	0.0
787.625	0.0
787.75	0.0
787.875	0.0
788.0	0.0
788.125	0.0
788.25	0.0
788.375	0.0
788.5	0.0
788.625	0.0
788.75	0.0
788.875	0.0
789.0	0.0
789.125	0.0
789.25	0.0
789.375	0.0
789.5	0.0
789.625	0.0
789.75	0.0
789.875	0.0
790.0	0.0
790.125	0.0
790.25	0.0
790.375	0.0
790.5	0.0
790.625	0.0
790.75	0.0
790.875	0.0
791.0	0.0
791.125	0.0
791.25	0.0
791.375	0.0
791.5	0.0
791.625	0.0
791.75	0.0
791.875	0.0
792.0	0.0
792.125	0.0
792.25	0.0
792.375	0.0
792.5	0.0
792.625	0.0
792.75	0.0
792.875	0.0
793.0	0.0
793.125	0.0
793.25	0.0
793.375	0.0
793.5	0.0
793.625	0.0
793.75	0.0
793.875	0.0
794.0	0.0
794.125	0.0
794.25	0.0
794.375	0.0
794.5	0.0
794.625	0.0
794.75	0.0
794.875	0.0
795.0	0.0
795.125	0.0
795.25	0.0
795.375	0.0
795.5	0.0
795.625	0.0
795.75	0.0
795.875	0.0
796.0	0.0
796.125	0.0
796.25	0.0
796.375	0.0
796.5	0.0
796.625	0.0
796.75	0.0
796.875	0.0
797.0	0.0
797.125	0.0
797.25	0.0
797.375	0.0
797.5	0.0
797.625	0.0
797.75	0.0
797.875	0.0
798.0	0.0
798.125	0.0
798.25	0.0
798.375	0.0
798.5	0.0
798.625	0.0
798.75	0.0
798.875	0.0
799.0	0.0
799.125	0.0
799.25	0.0
799.375	0.0
799.5	0.0
799.625	0.0
799.75	0.0
799.875	0.0
800.0	0.0
800.125	0.0
800.25	0.0
800.375	0.0
800.5	0.0
800.625	0.0
800.75	0.0
800.875	0.0
801.0	0.0
801.125	0.0
801.25	0.0
801.375	0.0
801.5	0.0
801.625	0.0
801.75	0.0
801.875	0.0
802.0	0.0
802.125	0.0
802.25	0.0
802.375	0.0
802.5	0.0
802.625	0.0
802.75	0.0
802.875	0.0
803.0	0.0
803.125	0.0
803.25	0.0
803.375	0.0
803.5	0.0
803.625	0.0
803.75	0.0
803.875	0.0
804.0	0.0
804.125	0.0
804.25	0.0
804.375	0.0
804.5	0.0
804.625	0.0
804.75	0.0
804.875	0.0
805.0	0.0
805.125	0.0
805.25	0.0
805.375	0.0
805.5	0.0
805.625	0.0
805.75	0.0
805.875	0.0
806.0	0.0
806.125	0.0
806.25	0.0
806.375	0.0
806.5	0.0
806.625	0.0
806.75	0.0
806.875	0.0
807.0	0.0
807.125	0.0
807.25	0.0
807.375	0.0
807.5	0.0
807.625	0.0
807.75	0.0
807.875	0.0
808.0	0.0
808.125	0.0
808.25	0.0
808.375	0.0
808.5	0.0
808.625	0.0
808.75	0.0
808.875	0.0
809.0	0.0
809.125	0.0
809.25	0.0
809.375	0.0
809.5	0.0
809.625	0.0
809.75	0.0
809.875	0.0
810.0	0.0
810.125	0.0
810.25	0.0
810.375	0.0
810.5	0.0
810.625	0.0
810.75	0.0
810.875	0.0
811.0	0.0
811.125	0.0
811.25	0.0
811.375	0.0
811.5	0.0
811.625	0.0
811.75	0.0
811.875	0.0
812.0	0.0
812.125	0.0
812.25	0.0
812.375	0.0
812.5	0.0
812.625	0.0
812.75	0.0
812.875	0.0
813.0	0.0
813.125	0.0
813.25	0.0
813.375	0.0
813.5	0.0
813.625	0.0
813.75	0.0
813.875	0.0
814.0	0.0
814.125	0.0
814.25	0.0
814.375	0.0
814.5	0.0
814.625	0.0
814.75	0.0
814.875	0.0
815.0	0.0
815.125	0.0
815.25	0.0
815.375	0.0
815.5	0.0
815.625	0.0
815.75	0.0
815.875	0.0
816.0	0.0
816.125	0.0
816.25	0.0
816.375	0.0
816.5	0.0
816.625	0.0
816.75	0.0
816.875	0.0
817.0	0.0
817.125	0.0
817.25	0.0
817.375	0.0
817.5	0.0
817.625	0.0
817.75	0.0
817.875	0.0
818.0	0.0
818.125	0.0
818.25	0.0
818.375	0.0
818.5	0.0
818.625	0.0
818.75	0.0
818.875	0.0
819.0	0.0
819.125	0.0
819.25	0.0
819.375	0.0
819.5	0.0
819.625	0.0
819.75	0.0
819.875	0.0
820.0	0.0
820.125	0.0
820.25	0.0
820.375	0.0
820.5	0.0
820.625	0.0
820.75	0.0
820.875	0.0
821.0	0.0
821.125	0.0
821.25	0.0
821.375	0.0
821.5	0.0
821.625	0.0
821.75	0.0
821.875	0.0
822.0	0.0
822.125	0.0
822.25	0.0
822.375	0.0
822.5	0.0
822.625	0.0
822.75	0.0
822.875	0.0
823.0	0.0
823.125	0.0
823.25	0.0
823.375	0.0
823.5	0.0
823.625	0.0
823.75	0.0
823.875	0.0
824.0	0.0
824.125	0.0
824.25	0.0
824.375	0.0
824.5	0.0
824.625	0.0
824.75	0.0
824.875	0.0
825.0	0.0
825.125	0.0
825.25	0.0
825.375	0.0
825.5	0.0
825.625	0.0
825.75	0.0
825.875	0.0
826.0	0.0
826.125	0.0
826.25	0.0
826.375	0.0
826.5	0.0
826.625	0.0
826.75	0.0
826.875	0.0
827.0	0.0
827.125	0.0
827.25	0.0
827.375	0.0
827.5	0.0
827.625	0.0
827.75	0.0
827.875	0.0
828.0	0.0
828.125	0.0
828.25	0.0
828.375	0.0
828.5	0.0
828.625	0.0
828.75	0.0
828.875	0.0
829.0	0.0
829.125	0.0
829.25	0.0
829.375	0.0
829.5	0.0
829.625	0.0
829.75	0.0
829.875	0.0
830.0	0.0
830.125	0.0
830.25	0.0
830.375	0.0
830.5	0.0
830.625	0.0
830.75	0.0
830.875	0.0
831.0	0.0
831.125	0.0
831.25	0.0
831.375	0.0
831.5	0.0
831.625	0.0
831.75	0.0
831.875	0.0
832.0	0.0
832.125	0.0
832.25	0.0
832.375	0.0
832.5	0.0
832.625	0.0
832.75	0.0
832.875	0.0
833.0	0.0
833.125	0.0
833.25	0.0
833.375	0.0
833.5	0.0
833.625	0.0
833.75	0.0
833.875	0.0
834.0	0.0
834.125	0.0
834.25	0.0
834.375	0.0
834.5	0.0
834.625	0.0
834.75	0.0
834.875	0.0
835.0	0.0
835.125	0.0
835.25	0.0
835.375	0.0
835.5	0.0
835.625	0.0
835.75	0.0
835.875	0.0
836.0	0.0
836.125	0.0
836.25	0.0
836.375	0.0
836.5	0.0
836.625	0.0
836.75	0.0
836.875	0.0
837.0	7.0E-4
837.125	0.0
837.25	0.0
837.375	0.0
837.5	0.0015
837.625	0.0
837.75	0.0
837.875	0.0
838.0	0.0
838.125	0.0
838.25	0.0
838.375	0.0
838.5	0.0
838.625	0.0
838.75	0.0
838.875	7.0E-4
839.0	0.0
839.125	0.0
839.25	0.0
839.375	0.0
839.5	7.0E-4
839.625	0.0015
839.75	0.0
839.875	7.0E-4
840.0	0.0
840.125	0.0
840.25	0.0
840.375	0.0
840.5	0.0023
840.625	0.0015
840.75	0.0015
840.875	7.0E-4
841.0	0.0015
841.125	0.0015
841.25	0.0023
841.375	0.0
841.5	0.0015
841.625	7.0E-4
841.75	0.0039
841.875	7.0E-4
842.0	0.0023
842.125	0.0031
842.25	7.0E-4
842.375	0.0015
842.5	0.0031
842.625	0.0039
842.75	0.0047
842.875	0.0047
843.0	0.0031
843.125	0.0047
843.25	0.0047
843.375	0.0047
843.5	0.0023
843.625	0.0039
843.75	0.0047
843.875	0.0047
844.0	0.0039
844.125	0.0047
844.25	0.0047
844.375	0.0047
844.5	0.0047
844.625	0.0047
844.75	0.0047
844.875	0.0047
845.0	0.0047
845.125	0.0047
845.25	0.0047
845.375	0.0047
845.5	0.0047
845.625	0.0047
845.75	0.0047
845.875	0.0047
846.0	0.0047
846.125	0.0047
846.25	0.0047
846.375	0.0047
846.5	0.0047
846.625	0.0047
846.75	0.0047
846.875	0.0055
847.0	0.0055
847.125	0.0047
847.25	0.0047
847.375	0.0047
847.5	0.0047
847.625	0.0047
847.75	0.0047
847.875	0.0078
848.0	0.0078
848.125	0.0062
848.25	0.0047
848.375	0.0055
848.5	0.0062
848.625	0.0086
848.75	0.0062
848.875	0.0078
849.0	0.0094
849.125	0.0055
849.25	0.0078
849.375	0.0086
849.5	0.007
849.625	0.0094
849.75	0.0078
849.875	0.0078
850.0	0.0086
850.125	0.0055
850.25	0.0062
850.375	0.0086
850.5	0.0094
850.625	0.0086
850.75	0.0094
850.875	0.0094
851.0	0.0094
851.125	0.0094
851.25	0.0094
851.375	0.0094
851.5	0.0094
851.625	0.0094
851.75	0.0094
851.875	0.0086
852.0	0.0094
852.125	0.0094
852.25	0.0094
852.375	0.0125
852.5	0.0102
852.625	0.0094
852.75	0.0094
852.875	0.0094
853.0	0.0125
853.125	0.0102
853.25	0.0102
853.375	0.0125
853.5	0.0094
853.625	0.0094
853.75	0.0133
853.875	0.0125
854.0	0.0094
854.125	0.0141
854.25	0.0117
854.375	0.011
854.5	0.0117
854.625	0.0125
854.75	0.0141
854.875	0.0141
855.0	0.0141
855.125	0.0125
855.25	0.0141
855.375	0.0141
855.5	0.0141
855.625	0.0133
855.75	0.0141
855.875	0.0141
856.0	0.0141
856.125	0.0149
856.25	0.0141
856.375	0.0141
856.5	0.0149
856.625	0.0141
856.75	0.0149
856.875	0.0141
857.0	0.0141
857.125	0.0149
857.25	0.0141
857.375	0.0141
857.5	0.0149
857.625	0.0157
857.75	0.0149
857.875	0.0165
858.0	0.0172
858.125	0.0172
858.25	0.0157
858.375	0.0165
858.5	0.018
858.625	0.0165
858.75	0.0165
858.875	0.0157
859.0	0.0172
859.125	0.0188
859.25	0.0188
859.375	0.0188
859.5	0.0188
859.625	0.0188
859.75	0.0188
859.875	0.0188
860.0	0.0188
860.125	0.0188
860.25	0.0188
860.375	0.0188
860.5	0.0188
860.625	0.0188
860.75	0.0188
860.875	0.0204
861.0	0.0188
861.125	0.0204
861.25	0.0212
861.375	0.0196
861.5	0.0196
861.625	0.0212
861.75	0.0227
861.875	0.0235
862.0	0.0235
862.125	0.0235
862.25	0.0235
862.375	0.0235
862.5	0.0227
862.625	0.0235
862.75	0.0235
862.875	0.0235
863.0	0.0235
863.125	0.0243
863.25	0.0235
863.375	0.0235
863.5	0.0235
863.625	0.0243
863.75	0.0267
863.875	0.0259
864.0	0.0235
864.125	0.0275
864.25	0.0275
864.375	0.0259
864.5	0.0267
864.625	0.0267
864.75	0.0259
864.875	0.0267
865.0	0.0275
865.125	0.0283
865.25	0.0283
865.375	0.0275
865.5	0.0283
865.625	0.0283
865.75	0.0283
865.875	0.0283
866.0	0.0275
866.125	0.0283
866.25	0.0283
866.375	0.0283
866.5	0.0283
866.625	0.029
866.75	0.0306
866.875	0.029
867.0	0.033
867.125	0.033
867.25	0.0314
867.375	0.033
867.5	0.033
867.625	0.033
867.75	0.033
867.875	0.033
868.0	0.033
868.125	0.033
868.25	0.033
868.375	0.033
868.5	0.033
868.625	0.033
868.75	0.0345
868.875	0.033
869.0	0.0345
869.125	0.0369
869.25	0.0353
869.375	0.0353
869.5	0.0377
869.625	0.0377
869.75	0.0377
869.875	0.0377
870.0	0.0377
870.125	0.0377
870.25	0.0377
870.375	0.0377
870.5	0.0377
870.625	0.0377
870.75	0.0377
870.875	0.0385
871.0	0.04
871.125	0.04
871.25	0.0416
871.375	0.0416
871.5	0.0424
871.625	0.0416
871.75	0.0424
871.875	0.0424
872.0	0.0424
872.125	0.0424
872.25	0.0424
872.375	0.0424
872.5	0.044
872.625	0.0463
872.75	0.0463
872.875	0.0448
873.0	0.0448
873.125	0.0463
873.25	0.0471
873.375	0.0455
873.5	0.0471
873.625	0.0471
873.75	0.0471
873.875	0.0471
874.0	0.0471
874.125	0.0495
874.25	0.0503
874.375	0.0487
874.5	0.0511
874.625	0.0518
874.75	0.0518
874.875	0.0518
875.0	0.0518
875.125	0.0526
875.25	0.0534
875.375	0.0526
875.5	0.0518
875.625	0.0534
875.75	0.055
875.875	0.0558
876.0	0.055
876.125	0.0566
876.25	0.0566
876.375	0.0573
876.5	0.0566
876.625	0.0566
876.75	0.0566
876.875	0.0589
877.0	0.0581
877.125	0.0613
877.25	0.0605
877.375	0.0613
877.5	0.0613
877.625	0.0621
877.75	0.0628
877.875	0.0613
878.0	0.0621
878.125	0.066
878.25	0.066
878.375	0.066
878.5	0.066
878.625	0.0668
878.75	0.066
878.875	0.066
879.0	0.066
879.125	0.066
879.25	0.0683
879.375	0.0699
879.5	0.0691
879.625	0.0707
879.75	0.0707
879.875	0.0707
880.0	0.0723
880.125	0.0715
880.25	0.0731
880.375	0.0746
880.5	0.0746
880.625	0.0754
880.75	0.077
880.875	0.0754
881.0	0.0754
881.125	0.0778
881.25	0.0786
881.375	0.0801
881.5	0.0786
881.625	0.0801
881.75	0.0801
881.875	0.0801
882.0	0.0817
882.125	0.0809
882.25	0.0833
882.375	0.0849
882.5	0.0849
882.625	0.0849
882.75	0.0849
882.875	0.0849
883.0	0.0849
883.125	0.0896
883.25	0.0896
883.375	0.0872
883.5	0.0896
883.625	0.0896
883.75	0.0896
883.875	0.0904
884.0	0.0911
884.125	0.0919
884.25	0.0943
884.375	0.0943
884.5	0.0943
884.625	0.0943
884.75	0.0943
884.875	0.0959
885.0	0.0951
885.125	0.0982
885.25	0.099
885.375	0.099
885.5	0.099
885.625	0.099
885.75	0.1022
885.875	0.1006
886.0	0.1029
886.125	0.1037
886.25	0.1029
886.375	0.1037
886.5	0.1037
886.625	0.1037
886.75	0.1037
886.875	0.1061
887.0	0.1061
887.125	0.1084
887.25	0.1084
887.375	0.1084
887.5	0.1084
887.625	0.1084
887.75	0.1084
887.875	0.1124
888.0	0.1132
888.125	0.1124
888.25	0.1132
888.375	0.1116
888.5	0.1132
888.625	0.1132
888.75	0.1139
888.875	0.1139
889.0	0.1139
889.125	0.1163
889.25	0.1179
889.375	0.1179
889.5	0.1179
889.625	0.1179
889.75	0.1179
889.875	0.1179
890.0	0.1179
890.125	0.1179
890.25	0.1187
890.375	0.1187
890.5	0.1226
890.625	0.1202
890.75	0.121
890.875	0.1218
891.0	0.1226
891.125	0.1226
891.25	0.1226
891.375	0.1226
891.5	0.1242
891.625	0.1226
891.75	0.1226
891.875	0.1226
892.0	0.1234
892.125	0.1226
892.25	0.1226
892.375	0.1226
892.5	0.1265
892.625	0.1242
892.75	0.1265
892.875	0.1265
893.0	0.1257
893.125	0.1273
893.25	0.1273
893.375	0.1273
893.5	0.1273
893.625	0.1273
893.75	0.1273
893.875	0.1273
894.0	0.1273
894.125	0.1273
894.25	0.1273
894.375	0.1273
894.5	0.1273
894.625	0.1273
894.75	0.1273
894.875	0.1273
895.0	0.1273
895.125	0.1273
895.25	0.1273
895.375	0.1273
895.5	0.1273
895.625	0.1273
895.75	0.1273
895.875	0.1273
896.0	0.1265
896.125	0.1273
896.25	0.1273
896.375	0.1265
896.5	0.1257
896.625	0.1265
896.75	0.1257
896.875	0.1257
897.0	0.1257
897.125	0.1257
897.25	0.1226
897.375	0.1226
897.5	0.1242
897.625	0.1234
897.75	0.1242
897.875	0.1226
898.0	0.1234
898.125	0.1226
898.25	0.1226
898.375	0.1226
898.5	0.1218
898.625	0.1226
898.75	0.1226
898.875	0.1218
899.0	0.1202
899.125	0.1226
899.25	0.1194
899.375	0.1202
899.5	0.1194
899.625	0.1187
899.75	0.1187
899.875	0.1179
