300.0	0.0
300.125	0.0
300.25	0.0
300.375	0.0
300.5	0.0
300.625	0.0
300.75	0.0
300.875	0.0
301.0	0.0
301.125	0.0
301.25	0.0
301.375	0.0
301.5	0.0
301.625	0.0
301.75	0.0
301.875	0.0
302.0	0.0
302.125	0.0
302.25	0.0
302.375	0.0
302.5	0.0
302.625	0.0
302.75	0.0
302.875	0.0
303.0	0.0
303.125	0.0
303.25	0.0
303.375	0.0
303.5	0.0
303.625	0.0
303.75	0.0
303.875	0.0
304.0	0.0
304.125	0.0
304.25	0.0
304.375	0.0
304.5	0.0
304.625	0.0
304.75	0.0
304.875	0.0
305.0	0.0
305.125	0.0
305.25	0.0
305.375	0.0
305.5	0.0
305.625	0.0
305.75	0.0
305.875	0.0
306.0	0.0
306.125	0.0
306.25	0.0
306.375	0.0
306.5	0.0
306.625	0.0
306.75	0.0
306.875	0.0
307.0	0.0
307.125	0.0
307.25	0.0
307.375	0.0
307.5	0.0
307.625	0.0
307.75	0.0
307.875	0.0
308.0	0.0
308.125	0.0
308.25	0.0
308.375	0.0
308.5	0.0
308.625	0.0
308.75	0.0
308.875	0.0
309.0	0.0
309.125	0.0
309.25	0.0
309.375	0.0
309.5	0.0
309.625	0.0
309.75	0.0
309.875	0.0
310.0	0.0
310.125	0.0
310.25	0.0
310.375	0.0
310.5	0.0
310.625	0.0
310.75	0.0
310.875	0.0
311.0	0.0
311.125	0.0
311.25	0.0
311.375	0.0
311.5	0.0
311.625	0.0
311.75	0.0
311.875	0.0
312.0	0.0
312.125	0.0
312.25	0.0
312.375	0.0
312.5	0.0
312.625	0.0
312.75	0.0
312.875	0.0
313.0	0.0
313.125	0.0
313.25	0.0
313.375	0.0
313.5	0.0
313.625	0.0
313.75	0.0
313.875	0.0
314.0	0.0
314.125	0.0
314.25	0.0
314.375	0.0
314.5	0.0
314.625	0.0
314.75	0.0
314.875	0.0
315.0	0.0
315.125	0.0
315.25	0.0
315.375	0.0
315.5	0.0
315.625	0.0
315.75	0.0
315.875	0.0
316.0	0.0
316.125	0.0
316.25	0.0
316.375	0.0
316.5	0.0
316.625	0.0
316.75	0.0
316.875	0.0
317.0	0.0
317.125	0.0
317.25	0.0
317.375	0.0
317.5	0.0
317.625	0.0
317.75	0.0
317.875	0.0
318.0	0.0
318.125	0.0
318.25	0.0
318.375	0.0
318.5	0.0
318.625	0.0
318.75	0.0
318.875	0.0
319.0	0.0
319.125	0.0
319.25	0.0
319.375	0.0
319.5	0.0
319.625	0.0
319.75	0.0
319.875	0.0
320.0	0.0
320.125	0.0
320.25	0.0
320.375	0.0
320.5	0.0
320.625	0.0
320.75	0.0
320.875	0.0
321.0	0.0
321.125	0.0
321.25	0.0
321.375	0.0
321.5	0.0
321.625	0.0
321.75	0.0
321.875	0.0
322.0	0.0
322.125	0.0
322.25	0.0
322.375	0.0
322.5	0.0
322.625	0.0
322.75	0.0
322.875	0.0
323.0	0.0
323.125	0.0
323.25	0.0
323.375	0.0
323.5	0.0
323.625	0.0
323.75	0.0
323.875	0.0
324.0	0.0
324.125	0.0
324.25	0.0
324.375	0.0
324.5	0.0
324.625	0.0
324.75	0.0
324.875	0.0
325.0	0.0
325.125	0.0
325.25	0.0
325.375	0.0
325.5	0.0
325.625	0.0
325.75	0.0
325.875	0.0
326.0	0.0
326.125	0.0
326.25	0.0
326.375	0.0
326.5	0.0
326.625	0.0
326.75	0.0
326.875	0.0
327.0	0.0
327.125	0.0
327.25	0.0
327.375	0.0
327.5	0.0
327.625	0.0
327.75	0.0
327.875	0.0
328.0	0.0
328.125	0.0
328.25	0.0
328.375	0.0
328.5	0.0
328.625	0.0
328.75	0.0
328.875	0.0
329.0	0.0
329.125	0.0
329.25	0.0
329.375	0.0
329.5	0.0
329.625	0.0
329.75	0.0
329.875	0.0
330.0	0.0
330.125	0.0
330.25	0.0
330.375	0.0
330.5	7.0E-4
330.625	0.0
330.75	0.0047
330.875	0.0062
331.0	0.0094
331.125	0.0133
331.25	0.0165
331.375	0.0212
331.5	0.0227
331.625	0.0267
331.75	0.029
331.875	0.029
332.0	0.0283
332.125	0.029
332.25	0.0298
332.375	0.0298
332.5	0.0275
332.625	0.0283
332.75	0.0235
332.875	0.0227
333.0	0.018
333.125	0.0141
333.25	0.0094
333.375	0.0055
333.5	0.0023
333.625	0.0
333.75	0.0
333.875	0.0
334.0	0.0
334.125	0.0
334.25	0.0
334.375	0.0
334.5	0.0
334.625	0.0
334.75	0.0
334.875	0.0
335.0	0.0
335.125	0.0
335.25	0.0
335.375	0.0
335.5	0.0
335.625	0.0
335.75	0.0
335.875	0.0
336.0	0.0
336.125	0.0
336.25	0.0
336.375	0.0
336.5	0.0
336.625	0.0
336.75	0.0
336.875	0.0
337.0	0.0
337.125	0.0
337.25	0.0
337.375	0.0
337.5	0.0
337.625	0.0
337.75	0.0
337.875	0.0
338.0	0.0
338.125	0.0
338.25	0.0
338.375	0.0
338.5	0.0
338.625	0.0
338.75	0.0
338.875	0.0
339.0	0.0
339.125	0.0
339.25	0.0
339.375	0.0
339.5	0.0
339.625	0.0
339.75	0.0
339.875	0.0
340.0	0.0
340.125	0.0
340.25	0.0
340.375	0.0
340.5	0.0
340.625	0.0
340.75	0.0
340.875	0.0
341.0	0.0
341.125	0.0
341.25	0.0
341.375	0.0
341.5	0.0
341.625	0.0
341.75	0.0
341.875	0.0
342.0	0.0
342.125	0.0
342.25	0.0
342.375	0.0
342.5	0.0
342.625	0.0
342.75	0.0
342.875	0.0
343.0	0.0
343.125	0.0
343.25	0.0
343.375	0.0
343.5	0.0
343.625	0.0
343.75	0.0
343.875	0.0
344.0	0.0
344.125	0.0
344.25	0.0
344.375	0.0
344.5	0.0
344.625	0.0
344.75	0.0
344.875	0.0
345.0	0.0
345.125	0.0
345.25	0.0
345.375	0.0
345.5	0.0
345.625	0.0
345.75	0.0
345.875	0.0
346.0	0.0
346.125	0.0
346.25	0.0
346.375	0.0
346.5	0.0
346.625	0.0
346.75	0.0
346.875	0.0
347.0	0.0
347.125	0.0
347.25	0.0
347.375	7.0E-4
347.5	7.0E-4
347.625	0.0047
347.75	0.0047
347.875	0.007
348.0	0.0086
348.125	0.0086
348.25	0.0094
348.375	0.0094
348.5	0.0094
348.625	0.0094
348.75	0.0094
348.875	0.0094
349.0	0.0086
349.125	0.0078
349.25	0.0055
349.375	0.0055
349.5	0.0047
349.625	0.0047
349.75	0.0031
349.875	0.0
350.0	0.0
350.125	0.0
350.25	7.0E-4
350.375	0.0015
350.5	0.0031
350.625	0.0039
350.75	0.0047
350.875	0.0078
351.0	0.0094
351.125	0.0102
351.25	0.0141
351.375	0.0172
351.5	0.0204
351.625	0.0251
351.75	0.0298
351.875	0.0338
352.0	0.0377
352.125	0.04
352.25	0.0408
352.375	0.0424
352.5	0.0424
352.625	0.0424
352.75	0.0408
352.875	0.0377
353.0	0.0377
353.125	0.033
353.25	0.0306
353.375	0.0267
353.5	0.0212
353.625	0.0165
353.75	0.0133
353.875	0.0086
354.0	0.0047
354.125	0.0015
354.25	0.0
354.375	0.0
354.5	0.0
354.625	0.0
354.75	0.0
354.875	0.0
355.0	0.0
355.125	0.0
355.25	0.0
355.375	0.0
355.5	0.0
355.625	0.0
355.75	0.0
355.875	0.0
356.0	0.0
356.125	0.0
356.25	0.0
356.375	0.0
356.5	0.0
356.625	0.0
356.75	0.0
356.875	0.0
357.0	0.0
357.125	0.0
357.25	0.0
357.375	0.0
357.5	0.0
357.625	0.0
357.75	0.0
357.875	0.0
358.0	0.0
358.125	0.0
358.25	0.0
358.375	0.0
358.5	0.0
358.625	0.0
358.75	0.0
358.875	0.0
359.0	0.0
359.125	0.0
359.25	0.0
359.375	0.0
359.5	0.0
359.625	0.0
359.75	0.0
359.875	0.0
360.0	0.0
360.125	0.0
360.25	0.0
360.375	0.0
360.5	0.0
360.625	0.0
360.75	0.0
360.875	0.0
361.0	0.0
361.125	0.0
361.25	0.0
361.375	0.0
361.5	0.0
361.625	0.0
361.75	0.0
361.875	0.0
362.0	0.0
362.125	0.0
362.25	0.0
362.375	0.0
362.5	0.0
362.625	0.0
362.75	0.0
362.875	0.0
363.0	0.0
363.125	0.0
363.25	0.0
363.375	0.0
363.5	0.0
363.625	0.0
363.75	0.0
363.875	0.0
364.0	0.0
364.125	0.0
364.25	0.0
364.375	0.0
364.5	0.0
364.625	0.0
364.75	0.0015
364.875	0.0
365.0	0.0023
365.125	0.0023
365.25	0.0015
365.375	0.0047
365.5	0.0047
365.625	0.0047
365.75	0.0031
365.875	0.0047
366.0	0.0047
366.125	0.0039
366.25	0.0031
366.375	7.0E-4
366.5	0.0023
366.625	0.0015
366.75	0.0
366.875	0.0
367.0	0.0
367.125	0.0
367.25	0.0
367.375	0.0
367.5	0.0
367.625	0.0
367.75	0.0
367.875	0.0
368.0	0.0
368.125	0.0
368.25	0.0
368.375	0.0
368.5	0.0
368.625	0.0015
368.75	7.0E-4
368.875	0.0031
369.0	0.0047
369.125	0.0047
369.25	0.0078
369.375	0.0094
369.5	0.0094
369.625	0.0117
369.75	0.0133
369.875	0.0133
370.0	0.0141
370.125	0.0141
370.25	0.0141
370.375	0.0141
370.5	0.0125
370.625	0.011
370.75	0.0094
370.875	0.0094
371.0	0.0094
371.125	0.0062
371.25	0.0047
371.375	0.0047
371.5	0.0031
371.625	0.0
371.75	0.0
371.875	0.0
372.0	0.0
372.125	0.0
372.25	0.0
372.375	0.0
372.5	0.0
372.625	0.0
372.75	0.0
372.875	0.0
373.0	7.0E-4
373.125	7.0E-4
373.25	0.0023
373.375	0.0031
373.5	0.0047
373.625	0.0047
373.75	0.0055
373.875	0.007
374.0	0.0086
374.125	0.0094
374.25	0.0133
374.375	0.0141
374.5	0.0165
374.625	0.0188
374.75	0.018
374.875	0.0188
375.0	0.0204
375.125	0.0212
375.25	0.0196
375.375	0.0196
375.5	0.0188
375.625	0.018
375.75	0.0172
375.875	0.0141
376.0	0.0141
376.125	0.0125
376.25	0.0094
376.375	0.0062
376.5	0.0047
376.625	0.0047
376.75	0.0031
376.875	7.0E-4
377.0	7.0E-4
377.125	0.0
377.25	0.0
377.375	0.0
377.5	0.0
377.625	0.0
377.75	0.0
377.875	0.0
378.0	0.0
378.125	0.0
378.25	0.0
378.375	0.0
378.5	0.0
378.625	0.0
378.75	0.0
378.875	0.0
379.0	0.0
379.125	0.0
379.25	0.0
379.375	0.0
379.5	0.0
379.625	7.0E-4
379.75	7.0E-4
379.875	0.0015
380.0	0.0023
380.125	0.0015
380.25	0.0031
380.375	0.0023
380.5	0.0039
380.625	0.0015
380.75	0.0031
380.875	7.0E-4
381.0	0.0
381.125	0.0
381.25	0.0015
381.375	0.0015
381.5	7.0E-4
381.625	7.0E-4
381.75	0.0023
381.875	0.0
382.0	0.0
382.125	0.0
382.25	7.0E-4
382.375	0.0023
382.5	0.0023
382.625	0.0
382.75	7.0E-4
382.875	7.0E-4
383.0	7.0E-4
383.125	7.0E-4
383.25	0.0031
383.375	0.0039
383.5	0.0023
383.625	0.0
383.75	0.0031
383.875	0.0023
384.0	0.0015
384.125	0.0023
384.25	0.0039
384.375	0.0015
384.5	0.0015
384.625	7.0E-4
384.75	7.0E-4
384.875	0.0
385.0	0.0
385.125	0.0
385.25	0.0
385.375	0.0
385.5	0.0
385.625	0.0
385.75	0.0
385.875	0.0
386.0	0.0
386.125	0.0
386.25	0.0
386.375	0.0
386.5	0.0
386.625	0.0
386.75	0.0
386.875	0.0
387.0	0.0
387.125	0.0
387.25	0.0
387.375	0.0
387.5	0.0
387.625	0.0015
387.75	0.0023
387.875	0.0023
388.0	0.0015
388.125	0.0023
388.25	0.0047
388.375	0.0047
388.5	0.0039
388.625	0.0031
388.75	0.0047
388.875	0.0047
389.0	0.0047
389.125	0.0047
389.25	0.0047
389.375	0.0039
389.5	0.0031
389.625	0.0047
389.75	0.0039
389.875	0.0031
390.0	0.0015
390.125	0.0
390.25	0.0
390.375	0.0
390.5	0.0
390.625	0.0
390.75	0.0
390.875	0.0
391.0	0.0
391.125	0.0
391.25	0.0
391.375	0.0
391.5	0.0
391.625	0.0
391.75	0.0
391.875	0.0
392.0	0.0
392.125	0.0
392.25	0.0
392.375	0.0
392.5	0.0
392.625	0.0
392.75	0.0
392.875	0.0
393.0	7.0E-4
393.125	0.0
393.25	0.0023
393.375	0.0023
393.5	0.0047
393.625	0.0047
393.75	0.0047
393.875	0.0047
394.0	0.0055
394.125	0.0055
394.25	0.0078
394.375	0.007
394.5	0.0047
394.625	0.0055
394.75	0.0047
394.875	0.0047
395.0	0.0047
395.125	0.0039
395.25	0.0
395.375	0.0
395.5	0.0
395.625	0.0
395.75	0.0
395.875	0.0
396.0	0.0
396.125	0.0
396.25	0.0
396.375	0.0
396.5	0.0
396.625	0.0
396.75	0.0
396.875	0.0
397.0	0.0
397.125	0.0
397.25	0.0
397.375	0.0
397.5	0.0
397.625	0.0
397.75	0.0
397.875	0.0
398.0	0.0
398.125	0.0
398.25	0.0015
398.375	7.0E-4
398.5	0.0015
398.625	7.0E-4
398.75	0.0
398.875	0.0023
399.0	0.0015
399.125	7.0E-4
399.25	0.0031
399.375	0.0039
399.5	0.0047
399.625	0.0047
399.75	0.0047
399.875	0.0047
400.0	0.0055
400.125	0.0086
400.25	0.0086
400.375	0.0078
400.5	0.0062
400.625	0.0062
400.75	0.0047
400.875	0.0047
401.0	0.0047
401.125	0.0047
401.25	0.0047
401.375	0.0039
401.5	0.0031
401.625	7.0E-4
401.75	0.0
401.875	7.0E-4
402.0	0.0
402.125	0.0
402.25	0.0
402.375	0.0
402.5	0.0
402.625	0.0
402.75	0.0
402.875	0.0
403.0	0.0
403.125	0.0
403.25	0.0
403.375	0.0
403.5	0.0
403.625	0.0
403.75	0.0015
403.875	0.0
404.0	0.0
404.125	0.0
404.25	7.0E-4
404.375	0.0
404.5	7.0E-4
404.625	0.0023
404.75	7.0E-4
404.875	0.0031
405.0	0.0039
405.125	0.0031
405.25	0.0031
405.375	0.0039
405.5	0.0047
405.625	0.0039
405.75	0.0047
405.875	0.0047
406.0	0.0062
406.125	0.0078
406.25	0.0094
406.375	0.0094
406.5	0.0094
406.625	0.0094
406.75	0.011
406.875	0.0094
407.0	0.0094
407.125	0.0094
407.25	0.0094
407.375	0.0094
407.5	0.0094
407.625	0.007
407.75	0.0047
407.875	0.0047
408.0	0.0047
408.125	0.0047
408.25	0.0047
408.375	0.0015
408.5	7.0E-4
408.625	7.0E-4
408.75	0.0
408.875	0.0
409.0	0.0
409.125	0.0015
409.25	0.0
409.375	0.0
409.5	0.0
409.625	0.0
409.75	7.0E-4
409.875	0.0
410.0	0.0
410.125	0.0
410.25	0.0
410.375	0.0
410.5	0.0
410.625	0.0
410.75	0.0
410.875	0.0
411.0	0.0
411.125	0.0
411.25	0.0
411.375	0.0
411.5	0.0
411.625	0.0
411.75	0.0
411.875	0.0
412.0	0.0
412.125	0.0
412.25	0.0
412.375	7.0E-4
412.5	0.0
412.625	0.0
412.75	7.0E-4
412.875	0.0
413.0	0.0023
413.125	7.0E-4
413.25	0.0023
413.375	0.0
413.5	0.0015
413.625	0.0023
413.75	0.0047
413.875	0.0039
414.0	0.0047
414.125	0.0047
414.25	0.0047
414.375	0.0047
414.5	0.0047
414.625	0.0047
414.75	0.0047
414.875	0.0047
415.0	0.0039
415.125	0.0031
415.25	0.0039
415.375	0.0047
415.5	0.0023
415.625	0.0023
415.75	0.0015
415.875	0.0015
416.0	0.0023
416.125	0.0
416.25	0.0
416.375	7.0E-4
416.5	7.0E-4
416.625	0.0
416.75	7.0E-4
416.875	0.0
417.0	0.0
417.125	0.0
417.25	0.0
417.375	0.0015
417.5	0.0
417.625	7.0E-4
417.75	0.0
417.875	7.0E-4
418.0	7.0E-4
418.125	0.0
418.25	0.0
418.375	0.0
418.5	0.0
418.625	0.0
418.75	0.0
418.875	0.0
419.0	0.0
419.125	7.0E-4
419.25	0.0
419.375	0.0
419.5	0.0
419.625	0.0
419.75	0.0
419.875	0.0
420.0	0.0
420.125	0.0
420.25	0.0
420.375	7.0E-4
420.5	7.0E-4
420.625	0.0015
420.75	0.0047
420.875	0.0023
421.0	0.0039
421.125	0.0023
421.25	0.0023
421.375	0.0031
421.5	0.0023
421.625	0.0015
421.75	7.0E-4
421.875	0.0015
422.0	0.0
422.125	0.0
422.25	0.0015
422.375	0.0
422.5	7.0E-4
422.625	0.0
422.75	0.0
422.875	0.0
423.0	0.0
423.125	0.0
423.25	0.0
423.375	0.0
423.5	0.0
423.625	0.0
423.75	0.0
423.875	0.0
424.0	0.0
424.125	0.0
424.25	0.0
424.375	0.0
424.5	0.0
424.625	0.0
424.75	0.0
424.875	0.0
425.0	0.0
425.125	0.0
425.25	0.0
425.375	0.0
425.5	0.0
425.625	0.0
425.75	0.0
425.875	0.0
426.0	0.0
426.125	0.0
426.25	0.0
426.375	0.0
426.5	0.0
426.625	0.0
426.75	0.0
426.875	0.0
427.0	0.0
427.125	0.0
427.25	0.0
427.375	0.0
427.5	0.0
427.625	0.0
427.75	7.0E-4
427.875	7.0E-4
428.0	7.0E-4
428.125	0.0015
428.25	0.0
428.375	0.0023
428.5	0.0
428.625	0.0031
428.75	0.0023
428.875	0.0015
429.0	0.0023
429.125	0.0031
429.25	0.0047
429.375	0.0023
429.5	0.0039
429.625	0.0047
429.75	0.0039
429.875	0.0047
430.0	0.0031
430.125	0.0015
430.25	0.0015
430.375	0.0023
430.5	0.0015
430.625	0.0015
430.75	0.0023
430.875	0.0023
431.0	0.0031
431.125	7.0E-4
431.25	0.0015
431.375	0.0
431.5	0.0031
431.625	0.0023
431.75	0.0047
431.875	0.0047
432.0	0.0047
432.125	0.0047
432.25	0.0039
432.375	0.0047
432.5	0.0047
432.625	0.0047
432.75	0.0055
432.875	0.0047
433.0	0.0047
433.125	0.007
433.25	0.0047
433.375	0.0055
433.5	0.0047
433.625	0.0047
433.75	0.0055
433.875	0.0047
434.0	0.0047
434.125	0.0055
434.25	0.0047
434.375	0.0047
434.5	0.0047
434.625	0.0031
434.75	0.0023
434.875	0.0031
435.0	7.0E-4
435.125	7.0E-4
435.25	0.0
435.375	0.0015
435.5	0.0
435.625	0.0
435.75	0.0
435.875	0.0
436.0	0.0015
436.125	0.0
436.25	0.0
436.375	0.0
436.5	0.0
436.625	0.0
436.75	0.0
436.875	0.0
437.0	0.0
437.125	0.0
437.25	0.0
437.375	0.0
437.5	0.0
437.625	0.0
437.75	0.0
437.875	0.0
438.0	0.0
438.125	0.0
438.25	0.0
438.375	0.0
438.5	0.0
438.625	0.0
438.75	0.0
438.875	7.0E-4
439.0	0.0
439.125	0.0
439.25	0.0
439.375	0.0
439.5	0.0
439.625	0.0
439.75	0.0
439.875	0.0
440.0	0.0
440.125	7.0E-4
440.25	0.0
440.375	0.0
440.5	0.0
440.625	0.0
440.75	0.0
440.875	0.0
441.0	0.0
441.125	7.0E-4
441.25	0.0
441.375	0.0
441.5	0.0
441.625	0.0
441.75	0.0
441.875	0.0
442.0	0.0
442.125	0.0
442.25	0.0015
442.375	7.0E-4
442.5	0.0031
442.625	0.0015
442.75	0.0047
442.875	0.0031
443.0	0.0039
443.125	0.0047
443.25	0.0047
443.375	0.0047
443.5	0.0047
443.625	0.0047
443.75	0.0047
443.875	0.0047
444.0	0.0047
444.125	0.0062
444.25	0.0047
444.375	0.0062
444.5	0.0086
444.625	0.0086
444.75	0.0094
444.875	0.0094
445.0	0.0094
445.125	0.0094
445.25	0.0094
445.375	0.0086
445.5	0.0094
445.625	0.0078
445.75	0.0078
445.875	0.0078
446.0	0.0062
446.125	0.0055
446.25	0.0047
446.375	0.0047
446.5	0.0047
446.625	0.0047
446.75	0.0047
446.875	7.0E-4
447.0	0.0039
447.125	0.0031
447.25	0.0031
447.375	0.0015
447.5	0.0
447.625	0.0023
447.75	0.0
447.875	0.0
448.0	0.0023
448.125	0.0
448.25	0.0
448.375	7.0E-4
448.5	7.0E-4
448.625	0.0
448.75	7.0E-4
448.875	7.0E-4
449.0	0.0
449.125	0.0
449.25	0.0
449.375	0.0023
449.5	7.0E-4
449.625	0.0
449.75	0.0015
449.875	0.0015
450.0	0.0
450.125	0.0
450.25	0.0
450.375	0.0
450.5	0.0
450.625	0.0
450.75	7.0E-4
450.875	0.0031
451.0	7.0E-4
451.125	0.0015
451.25	0.0015
451.375	0.0015
451.5	0.0039
451.625	0.0
451.75	0.0039
451.875	0.0047
452.0	0.0047
452.125	0.0039
452.25	0.0047
452.375	0.0047
452.5	0.0047
452.625	0.0047
452.75	0.0031
452.875	0.0039
453.0	0.0039
453.125	0.0047
453.25	0.0047
453.375	0.0031
453.5	0.0039
453.625	0.0039
453.75	0.0047
453.875	0.0039
454.0	0.0047
454.125	0.0047
454.25	0.0039
454.375	0.0039
454.5	0.0031
454.625	0.0031
454.75	0.0031
454.875	0.0047
455.0	0.0047
455.125	0.0047
455.25	0.0047
455.375	0.0047
455.5	0.0047
455.625	0.0047
455.75	0.0039
455.875	0.0047
456.0	0.0039
456.125	0.0047
456.25	0.0031
456.375	0.0031
456.5	0.0023
456.625	0.0031
456.75	0.0039
456.875	0.0047
457.0	0.0031
457.125	0.0039
457.25	0.0047
457.375	0.0047
457.5	0.0031
457.625	0.0031
457.75	0.0023
457.875	0.0039
458.0	0.0039
458.125	0.0031
458.25	0.0031
458.375	0.0047
458.5	0.0031
458.625	0.0031
458.75	0.0031
458.875	0.0047
459.0	0.0039
459.125	0.0047
459.25	0.0047
459.375	0.0031
459.5	0.0039
459.625	0.0047
459.75	0.0047
459.875	0.0047
460.0	0.0047
460.125	0.0047
460.25	0.0047
460.375	0.0047
460.5	0.0047
460.625	0.0047
460.75	0.0047
460.875	0.0047
461.0	0.0047
461.125	0.0047
461.25	0.0047
461.375	0.0047
461.5	0.0047
461.625	0.0047
461.75	0.0047
461.875	0.0047
462.0	0.0047
462.125	0.0047
462.25	0.0047
462.375	0.0047
462.5	0.0047
462.625	0.0047
462.75	0.0055
462.875	0.007
463.0	0.0047
463.125	0.0047
463.25	0.0047
463.375	0.0047
463.5	0.0047
463.625	0.0047
463.75	0.0047
463.875	0.0047
464.0	0.0062
464.125	0.0047
464.25	0.0047
464.375	0.0047
464.5	0.0047
464.625	0.0047
464.75	0.0047
464.875	0.0047
465.0	0.0047
465.125	0.0047
465.25	0.0047
465.375	0.0031
465.5	0.0047
465.625	0.0047
465.75	0.0047
465.875	0.0047
466.0	0.0047
466.125	0.0047
466.25	0.0047
466.375	0.0047
466.5	0.0055
466.625	0.0047
466.75	0.0023
466.875	0.0047
467.0	0.0047
467.125	0.0047
467.25	0.0047
467.375	0.0047
467.5	0.0039
467.625	0.0039
467.75	0.0047
467.875	0.0047
468.0	0.0039
468.125	0.0047
468.25	0.0047
468.375	0.0039
468.5	0.0047
468.625	0.0031
468.75	0.0047
468.875	0.0047
469.0	0.0047
469.125	0.0047
469.25	0.0047
469.375	0.0047
469.5	0.0047
469.625	0.0047
469.75	0.0047
469.875	0.0047
470.0	0.0047
470.125	0.0047
470.25	0.0047
470.375	0.0047
470.5	0.0047
470.625	0.0039
470.75	0.0047
470.875	0.0047
471.0	0.0047
471.125	0.0047
471.25	0.0047
471.375	0.0047
471.5	0.0047
471.625	0.0047
471.75	0.0039
471.875	0.0047
472.0	0.0047
472.125	0.0047
472.25	0.0047
472.375	0.0039
472.5	0.0047
472.625	0.0047
472.75	0.0047
472.875	0.0047
473.0	0.0047
473.125	0.0062
473.25	0.0047
473.375	0.0047
473.5	0.0047
473.625	0.0055
473.75	0.0047
473.875	0.0062
474.0	0.0062
474.125	0.0062
474.25	0.0055
474.375	0.0062
474.5	0.0062
474.625	0.0062
474.75	0.0047
474.875	0.0078
475.0	0.0078
475.125	0.0078
475.25	0.0094
475.375	0.0094
475.5	0.0094
475.625	0.0094
475.75	0.0094
475.875	0.011
476.0	0.0094
476.125	0.0125
476.25	0.011
476.375	0.0117
476.5	0.0141
476.625	0.0125
476.75	0.0141
476.875	0.0141
477.0	0.0141
477.125	0.0141
477.25	0.0141
477.375	0.0141
477.5	0.0141
477.625	0.0141
477.75	0.0141
477.875	0.0125
478.0	0.0125
478.125	0.0117
478.25	0.0094
478.375	0.0094
478.5	0.0086
478.625	0.0094
478.75	0.007
478.875	0.007
479.0	0.0047
479.125	0.0055
479.25	0.0047
479.375	0.0047
479.5	0.0047
479.625	0.0047
479.75	0.0023
479.875	0.0047
480.0	0.0047
480.125	0.0047
480.25	0.0039
480.375	0.0031
480.5	0.0047
480.625	0.0047
480.75	0.0047
480.875	0.0047
481.0	0.0047
481.125	0.0047
481.25	0.0047
481.375	0.0047
481.5	0.0047
481.625	0.0047
481.75	0.0047
481.875	0.0047
482.0	0.0047
482.125	0.0055
482.25	0.0047
482.375	0.0055
482.5	0.0047
482.625	0.0047
482.75	0.0047
482.875	0.0047
483.0	0.0047
483.125	0.0047
483.25	0.0047
483.375	0.0047
483.5	0.0047
483.625	0.0047
483.75	0.0047
483.875	0.0047
484.0	0.0047
484.125	0.0047
484.25	0.0047
484.375	0.0047
484.5	0.0047
484.625	0.0047
484.75	0.0047
484.875	0.0047
485.0	0.0047
485.125	0.0047
485.25	0.0047
485.375	0.0047
485.5	0.0047
485.625	0.0047
485.75	0.0055
485.875	0.0055
486.0	0.0047
486.125	0.0047
486.25	0.0039
486.375	0.0047
486.5	0.0047
486.625	0.0047
486.75	0.0047
486.875	0.0047
487.0	0.0047
487.125	0.0047
487.25	0.0047
487.375	0.0047
487.5	0.0047
487.625	0.0039
487.75	0.0039
487.875	0.0047
488.0	0.0039
488.125	0.0047
488.25	0.0047
488.375	0.0047
488.5	0.0047
488.625	0.0039
488.75	0.0047
488.875	0.0015
489.0	0.0047
489.125	0.0047
489.25	0.0047
489.375	0.0039
489.5	0.0039
489.625	0.0047
489.75	0.0047
489.875	0.0047
490.0	0.0047
490.125	0.0039
490.25	0.0047
490.375	0.0031
490.5	0.0047
490.625	0.0047
490.75	0.0047
490.875	0.0047
491.0	0.0047
491.125	0.0039
491.25	0.0047
491.375	0.0055
491.5	0.0047
491.625	0.0047
491.75	0.0047
491.875	0.0047
492.0	0.0039
492.125	0.0047
492.25	0.0031
492.375	0.0031
492.5	0.0039
492.625	0.0047
492.75	0.0047
492.875	0.0047
493.0	0.0047
493.125	0.0047
493.25	0.0047
493.375	0.0047
493.5	0.0047
493.625	0.0047
493.75	0.0047
493.875	0.0047
494.0	0.0047
494.125	0.0047
494.25	0.0047
494.375	0.0047
494.5	0.0047
494.625	0.0047
494.75	0.0039
494.875	0.0023
495.0	0.0047
495.125	0.0047
495.25	0.0047
495.375	0.0047
495.5	0.0047
495.625	0.0047
495.75	0.0047
495.875	0.0047
496.0	0.0047
496.125	0.0047
496.25	0.0047
496.375	0.0047
496.5	0.0031
496.625	0.0047
496.75	0.0047
496.875	0.0031
497.0	0.0023
497.125	0.0047
497.25	0.0047
497.375	0.0047
497.5	0.0047
497.625	0.0047
497.75	0.0047
497.875	0.0047
498.0	0.0047
498.125	0.0047
498.25	0.0047
498.375	0.0047
498.5	0.0047
498.625	0.0047
498.75	0.0047
498.875	0.0047
499.0	0.0047
499.125	0.0047
499.25	0.0047
499.375	0.0047
499.5	0.0047
499.625	0.0047
499.75	0.0047
499.875	0.0047
500.0	0.0047
500.125	0.0047
500.25	0.0047
500.375	0.0047
500.5	0.0047
500.625	0.0047
500.75	0.0047
500.875	0.0047
501.0	0.0047
501.125	0.0047
501.25	0.0047
501.375	0.0047
501.5	0.0047
501.625	0.0047
501.75	0.0047
501.875	0.0047
502.0	0.0047
502.125	0.0047
502.25	0.0047
502.375	0.0047
502.5	0.0047
502.625	0.0047
502.75	0.0047
502.875	0.0047
503.0	0.0047
503.125	0.0047
503.25	0.0047
503.375	0.0047
503.5	0.0047
503.625	0.0047
503.75	0.0047
503.875	0.0039
504.0	0.0047
504.125	0.0047
504.25	0.0031
504.375	0.0047
504.5	0.0047
504.625	0.0047
504.75	0.0039
504.875	0.0047
505.0	0.0047
505.125	0.0047
505.25	0.0047
505.375	0.0047
505.5	0.0047
505.625	0.0047
505.75	0.0047
505.875	0.0047
506.0	0.0047
506.125	0.0047
506.25	0.0047
506.375	0.0047
506.5	0.0047
506.625	0.0047
506.75	0.0047
506.875	0.0047
507.0	0.0047
507.125	0.0047
507.25	0.0047
507.375	0.0047
507.5	0.0047
507.625	0.0047
507.75	0.0047
507.875	0.0047
508.0	0.0055
508.125	0.0047
508.25	0.0055
508.375	0.0047
508.5	0.0047
508.625	0.0062
508.75	0.0047
508.875	0.0047
509.0	0.0047
509.125	0.0047
509.25	0.0047
509.375	0.0078
509.5	0.0055
509.625	0.0062
509.75	0.0047
509.875	0.0047
510.0	0.0062
510.125	0.0062
510.25	0.0047
510.375	0.0078
510.5	0.0094
510.625	0.007
510.75	0.0078
510.875	0.0078
511.0	0.0094
511.125	0.0078
511.25	0.0078
511.375	0.0094
511.5	0.007
511.625	0.0086
511.75	0.0094
511.875	0.0094
512.0	0.0094
512.125	0.0094
512.25	0.0094
512.375	0.0094
512.5	0.0094
512.625	0.0102
512.75	0.0094
512.875	0.011
513.0	0.011
513.125	0.0125
513.25	0.0102
513.375	0.0094
513.5	0.0117
513.625	0.0117
513.75	0.011
513.875	0.0117
514.0	0.011
514.125	0.0102
514.25	0.0094
514.375	0.0094
514.5	0.0094
514.625	0.0086
514.75	0.0078
514.875	0.007
515.0	0.0047
515.125	0.0047
515.25	0.0047
515.375	0.0047
515.5	0.0047
515.625	0.0047
515.75	0.0047
515.875	0.0047
516.0	0.0039
516.125	0.0047
516.25	0.0047
516.375	0.0047
516.5	0.0047
516.625	0.0047
516.75	0.0047
516.875	0.0039
517.0	0.0047
517.125	0.0047
517.25	0.0047
517.375	0.0047
517.5	0.0031
517.625	0.0047
517.75	0.0047
517.875	0.0047
518.0	0.0047
518.125	0.0047
518.25	0.0047
518.375	0.0047
518.5	0.0047
518.625	0.0047
518.75	0.0047
518.875	0.0047
519.0	0.0047
519.125	0.0047
519.25	0.0047
519.375	0.0055
519.5	0.0047
519.625	0.0047
519.75	0.0047
519.875	0.0047
520.0	0.0047
520.125	0.0047
520.25	0.0047
520.375	0.0047
520.5	0.0055
520.625	0.0047
520.75	0.0047
520.875	0.0047
521.0	0.0047
521.125	0.0047
521.25	0.0047
521.375	0.0047
521.5	0.0047
521.625	0.0047
521.75	0.0055
521.875	0.0047
522.0	0.0047
522.125	0.0047
522.25	0.0047
522.375	0.0047
522.5	0.0039
522.625	0.0047
522.75	0.0047
522.875	0.0031
523.0	0.0047
523.125	0.0047
523.25	0.0047
523.375	0.0047
523.5	0.0047
523.625	0.0047
523.75	0.0047
523.875	0.0047
524.0	0.0047
524.125	0.0047
524.25	0.0047
524.375	0.0047
524.5	0.0047
524.625	0.0047
524.75	0.0047
524.875	0.0047
525.0	0.0047
525.125	0.0047
525.25	0.0047
525.375	0.0047
525.5	0.0047
525.625	0.0047
525.75	0.0047
525.875	0.0047
526.0	0.0047
526.125	0.0047
526.25	0.0047
526.375	0.0047
526.5	0.0047
526.625	0.0047
526.75	0.0047
526.875	0.0047
527.0	0.0047
527.125	0.0047
527.25	0.0047
527.375	0.0047
527.5	0.0047
527.625	0.0047
527.75	0.0047
527.875	0.0047
528.0	0.0047
528.125	0.0047
528.25	0.0047
528.375	0.0047
528.5	0.0047
528.625	0.0047
528.75	0.0047
528.875	0.0055
529.0	0.0047
529.125	0.0055
529.25	0.0047
529.375	0.0047
529.5	0.0047
529.625	0.0062
529.75	0.0055
529.875	0.0055
530.0	0.0047
530.125	0.0047
530.25	0.0047
530.375	0.0047
530.5	0.0047
530.625	0.0047
530.75	0.0047
530.875	0.0047
531.0	0.0047
531.125	0.0047
531.25	0.0047
531.375	0.0047
531.5	0.0047
531.625	0.0047
531.75	0.0047
531.875	0.0047
532.0	0.0047
532.125	0.0047
532.25	0.0047
532.375	0.0047
532.5	0.0055
532.625	0.0055
532.75	0.0047
532.875	0.0047
533.0	0.0047
533.125	0.0047
533.25	0.0047
533.375	0.0047
533.5	0.0047
533.625	0.0047
533.75	0.0055
533.875	0.0055
534.0	0.0047
534.125	0.0047
534.25	0.0047
534.375	0.0047
534.5	0.0047
534.625	0.0047
534.75	0.0047
534.875	0.0047
535.0	0.0047
535.125	0.0055
535.25	0.0047
535.375	0.0047
535.5	0.0047
535.625	0.0047
535.75	0.0055
535.875	0.0047
536.0	0.0047
536.125	0.0055
536.25	0.0047
536.375	0.0047
536.5	0.0047
536.625	0.0047
536.75	0.0047
536.875	0.0047
537.0	0.0047
537.125	0.0047
537.25	0.0047
537.375	0.0047
537.5	0.0047
537.625	0.0047
537.75	0.0047
537.875	0.0047
538.0	0.0047
538.125	0.0047
538.25	0.0047
538.375	0.0047
538.5	0.0047
538.625	0.0047
538.75	0.0047
538.875	0.0047
539.0	0.0047
539.125	0.0047
539.25	0.0047
539.375	0.0047
539.5	0.0047
539.625	0.0047
539.75	0.0047
539.875	0.0047
540.0	0.0047
540.125	0.0047
540.25	0.0047
540.375	0.0047
540.5	0.0039
540.625	0.0047
540.75	0.0047
540.875	0.0039
541.0	0.0047
541.125	0.0047
541.25	0.0047
541.375	0.0047
541.5	0.0047
541.625	0.0047
541.75	0.0047
541.875	0.0047
542.0	0.0047
542.125	0.0047
542.25	0.0047
542.375	0.0047
542.5	0.0047
542.625	0.0047
542.75	0.0047
542.875	0.0047
543.0	0.0047
543.125	0.0047
543.25	0.0047
543.375	0.0047
543.5	0.0047
543.625	0.0047
543.75	0.0047
543.875	0.0047
544.0	0.0047
544.125	0.0047
544.25	0.0039
544.375	0.0047
544.5	0.0047
544.625	0.0047
544.75	0.0047
544.875	0.0047
545.0	0.0047
545.125	0.0047
545.25	0.0047
545.375	0.0047
545.5	0.0047
545.625	0.0047
545.75	0.0047
545.875	0.0047
546.0	0.0047
546.125	0.0047
546.25	0.0047
546.375	0.0047
546.5	0.0047
546.625	0.0047
546.75	0.0047
546.875	0.0047
547.0	0.0047
547.125	0.0047
547.25	0.0047
547.375	0.0047
547.5	0.0047
547.625	0.0047
547.75	0.0047
547.875	0.0047
548.0	0.0047
548.125	0.0047
548.25	0.0047
548.375	0.0047
548.5	0.0047
548.625	0.0047
548.75	0.0047
548.875	0.0047
549.0	0.0047
549.125	0.0047
549.25	0.0047
549.375	0.0047
549.5	0.0047
549.625	0.0047
549.75	0.0047
549.875	0.0047
550.0	0.0047
550.125	0.0047
550.25	0.0055
550.375	0.0047
550.5	0.0047
550.625	0.0062
550.75	0.0055
550.875	0.0047
551.0	0.0047
551.125	0.0047
551.25	0.0047
551.375	0.0047
551.5	0.0047
551.625	0.0055
551.75	0.0047
551.875	0.0062
552.0	0.0055
552.125	0.0055
552.25	0.0055
552.375	0.0062
552.5	0.007
552.625	0.0062
552.75	0.0047
552.875	0.007
553.0	0.007
553.125	0.0086
553.25	0.0078
553.375	0.0086
553.5	0.0078
553.625	0.0094
553.75	0.0094
553.875	0.0086
554.0	0.0062
554.125	0.0078
554.25	0.0094
554.375	0.0094
554.5	0.0086
554.625	0.0086
554.75	0.0094
554.875	0.0094
555.0	0.007
555.125	0.0094
555.25	0.007
555.375	0.0047
555.5	0.007
555.625	0.007
555.75	0.0062
555.875	0.0047
556.0	0.0055
556.125	0.0047
556.25	0.0047
556.375	0.0047
556.5	0.0047
556.625	0.0047
556.75	0.0047
556.875	0.0047
557.0	0.0047
557.125	0.0047
557.25	0.0039
557.375	0.0039
557.5	0.0047
557.625	0.0047
557.75	0.0055
557.875	0.0047
558.0	0.0047
558.125	0.0047
558.25	0.0047
558.375	0.0047
558.5	0.0047
558.625	0.0047
558.75	0.0047
558.875	0.0047
559.0	0.0047
559.125	0.0047
559.25	0.0047
559.375	0.0047
559.5	0.0047
559.625	0.0047
559.75	0.0047
559.875	0.0047
560.0	0.0047
560.125	0.0047
560.25	0.0047
560.375	0.0047
560.5	0.0047
560.625	0.0055
560.75	0.0047
560.875	0.0047
561.0	0.0047
561.125	0.0047
561.25	0.0047
561.375	0.0047
561.5	0.0055
561.625	0.0047
561.75	0.0047
561.875	0.0047
562.0	0.0047
562.125	0.0047
562.25	0.0047
562.375	0.0047
562.5	0.0047
562.625	0.0047
562.75	0.0047
562.875	0.0047
563.0	0.0047
563.125	0.0047
563.25	0.0047
563.375	0.0047
563.5	0.0047
563.625	0.0047
563.75	0.0047
563.875	0.0055
564.0	0.0047
564.125	0.0047
564.25	0.0047
564.375	0.0047
564.5	0.0047
564.625	0.0047
564.75	0.0047
564.875	0.0047
565.0	0.0062
565.125	0.0047
565.25	0.0047
565.375	0.0047
565.5	0.0047
565.625	0.0047
565.75	0.0047
565.875	0.0047
566.0	0.0055
566.125	0.0047
566.25	0.0047
566.375	0.0047
566.5	0.0047
566.625	0.0047
566.75	0.0047
566.875	0.0047
567.0	0.0047
567.125	0.0047
567.25	0.0047
567.375	0.0047
567.5	0.0047
567.625	0.0047
567.75	0.0047
567.875	0.0047
568.0	0.0047
568.125	0.0047
568.25	0.0047
568.375	0.0062
568.5	0.0047
568.625	0.0047
568.75	0.0047
568.875	0.0055
569.0	0.0047
569.125	0.0047
569.25	0.0055
569.375	0.0047
569.5	0.0047
569.625	0.0047
569.75	0.0047
569.875	0.0047
570.0	0.0055
570.125	0.0047
570.25	0.0047
570.375	0.0047
570.5	0.0047
570.625	0.0047
570.75	0.0047
570.875	0.0047
571.0	0.0047
571.125	0.0047
571.25	0.0047
571.375	0.0047
571.5	0.0047
571.625	0.0055
571.75	0.0047
571.875	0.0047
572.0	0.0047
572.125	0.0047
572.25	0.0047
572.375	0.0047
572.5	0.0047
572.625	0.0047
572.75	0.0047
572.875	0.0047
573.0	0.0047
573.125	0.0047
573.25	0.0047
573.375	0.0047
573.5	0.0047
573.625	0.0047
573.75	0.0047
573.875	0.0055
574.0	0.0047
574.125	0.0047
574.25	0.0055
574.375	0.0047
574.5	0.0047
574.625	0.0047
574.75	0.0047
574.875	0.0047
575.0	0.0055
575.125	0.0047
575.25	0.0047
575.375	0.0047
575.5	0.0047
575.625	0.0047
575.75	0.0047
575.875	0.0047
576.0	0.0047
576.125	0.0047
576.25	0.0047
576.375	0.0047
576.5	0.0047
576.625	0.0047
576.75	0.0047
576.875	0.0047
577.0	0.0047
577.125	0.0047
577.25	0.0047
577.375	0.0047
577.5	0.0047
577.625	0.0047
577.75	0.0062
577.875	0.0047
578.0	0.0047
578.125	0.0047
578.25	0.0047
578.375	0.0047
578.5	0.0047
578.625	0.0047
578.75	0.0047
578.875	0.0047
579.0	0.0047
579.125	0.0047
579.25	0.0047
579.375	0.0047
579.5	0.0047
579.625	0.0047
579.75	0.0047
579.875	0.0047
580.0	0.0047
580.125	0.0047
580.25	0.0047
580.375	0.0047
580.5	0.0047
580.625	0.0047
580.75	0.0047
580.875	0.0047
581.0	0.0047
581.125	0.0047
581.25	0.0047
581.375	0.0047
581.5	0.0047
581.625	0.0047
581.75	0.0047
581.875	0.0047
582.0	0.0047
582.125	0.0047
582.25	0.0047
582.375	0.0047
582.5	0.0047
582.625	0.0047
582.75	0.0047
582.875	0.0047
583.0	0.0047
583.125	0.0047
583.25	0.0047
583.375	0.0047
583.5	0.0047
583.625	0.0047
583.75	0.0047
583.875	0.0047
584.0	0.0047
584.125	0.0047
584.25	0.0047
584.375	0.0047
584.5	0.0047
584.625	0.0047
584.75	0.0047
584.875	0.0047
585.0	0.0047
585.125	0.0047
585.25	0.0047
585.375	0.0047
585.5	0.0047
585.625	0.0047
585.75	0.0055
585.875	0.0047
586.0	0.0047
586.125	0.0047
586.25	0.0047
586.375	0.0047
586.5	0.0047
586.625	0.0047
586.75	0.0047
586.875	0.0047
587.0	0.0047
587.125	0.0047
587.25	0.0047
587.375	0.0047
587.5	0.0047
587.625	0.0047
587.75	0.0047
587.875	0.0047
588.0	0.0047
588.125	0.0047
588.25	0.0047
588.375	0.0055
588.5	0.0047
588.625	0.0047
588.75	0.0047
588.875	0.0047
589.0	0.0047
589.125	0.0047
589.25	0.0047
589.375	0.0047
589.5	0.0047
589.625	0.0047
589.75	0.0047
589.875	0.0047
590.0	0.0047
590.125	0.0055
590.25	0.0047
590.375	0.0047
590.5	0.0047
590.625	0.0047
590.75	0.0047
590.875	0.0047
591.0	0.0047
591.125	0.0047
591.25	0.0047
591.375	0.0047
591.5	0.0047
591.625	0.0047
591.75	0.0047
591.875	0.0047
592.0	0.0047
592.125	0.0047
592.25	0.0047
592.375	0.0047
592.5	0.0047
592.625	0.0047
592.75	0.0047
592.875	0.0047
593.0	0.0047
593.125	0.0047
593.25	0.0047
593.375	0.0047
593.5	0.0047
593.625	0.0047
593.75	0.0047
593.875	0.0047
594.0	0.0047
594.125	0.0047
594.25	0.0047
594.375	0.0055
594.5	0.0047
594.625	0.0047
594.75	0.0047
594.875	0.0062
595.0	0.0055
595.125	0.0062
595.25	0.0055
595.375	0.0055
595.5	0.0047
595.625	0.0047
595.75	0.0047
595.875	0.0047
596.0	0.0047
596.125	0.0047
596.25	0.0055
596.375	0.0055
596.5	0.0047
596.625	0.0047
596.75	0.0055
596.875	0.0047
597.0	0.0047
597.125	0.0055
597.25	0.0047
597.375	0.0062
597.5	0.0055
597.625	0.0047
597.75	0.0047
597.875	0.0047
598.0	0.0055
598.125	0.0055
598.25	0.0047
598.375	0.0055
598.5	0.0047
598.625	0.007
598.75	0.0047
598.875	0.0055
599.0	0.0062
599.125	0.0047
599.25	0.0047
599.375	0.0047
599.5	0.0062
599.625	0.0047
599.75	0.0055
599.875	0.007
600.0	0.007
600.125	0.0062
600.25	0.0062
600.375	0.0047
600.5	0.007
600.625	0.0055
600.75	0.0055
600.875	0.0062
601.0	0.007
601.125	0.007
601.25	0.007
601.375	0.0062
601.5	0.0055
601.625	0.0055
601.75	0.0062
601.875	0.0047
602.0	0.0078
602.125	0.0055
602.25	0.0047
602.375	0.0047
602.5	0.0047
602.625	0.0047
602.75	0.0047
602.875	0.0055
603.0	0.0047
603.125	0.0047
603.25	0.0047
603.375	0.0047
603.5	0.0047
603.625	0.0055
603.75	0.0047
603.875	0.0047
604.0	0.0047
604.125	0.0047
604.25	0.0047
604.375	0.0047
604.5	0.0047
604.625	0.0047
604.75	0.0039
604.875	0.0047
605.0	0.0062
605.125	0.0047
605.25	0.0047
605.375	0.0047
605.5	0.0047
605.625	0.0055
605.75	0.0047
605.875	0.0047
606.0	0.0047
606.125	0.0047
606.25	0.0047
606.375	0.0047
606.5	0.0047
606.625	0.0047
606.75	0.0047
606.875	0.0047
607.0	0.0047
607.125	0.0047
607.25	0.0047
607.375	0.0047
607.5	0.0047
607.625	0.0047
607.75	0.0047
607.875	0.0047
608.0	0.0047
608.125	0.0055
608.25	0.0047
608.375	0.0047
608.5	0.0047
608.625	0.0047
608.75	0.0047
608.875	0.0047
609.0	0.0047
609.125	0.0047
609.25	0.0047
609.375	0.0047
609.5	0.0047
609.625	0.0047
609.75	0.0047
609.875	0.0047
610.0	0.0047
610.125	0.0047
610.25	0.0047
610.375	0.0039
610.5	0.0047
610.625	0.0047
610.75	0.0047
610.875	0.0047
611.0	0.0047
611.125	0.0047
611.25	0.0047
611.375	0.0047
611.5	0.0047
611.625	0.0047
611.75	0.0047
611.875	0.0047
612.0	0.0039
612.125	0.0047
612.25	0.0047
612.375	0.0039
612.5	0.0047
612.625	0.0047
612.75	0.0047
612.875	0.0047
613.0	0.0047
613.125	0.0047
613.25	0.0047
613.375	0.0047
613.5	0.0047
613.625	0.0047
613.75	0.0047
613.875	0.0047
614.0	0.0047
614.125	0.0047
614.25	0.0047
614.375	0.0047
614.5	0.0047
614.625	0.0047
614.75	0.0047
614.875	0.0047
615.0	0.0047
615.125	0.0047
615.25	0.0047
615.375	0.0047
615.5	0.0047
615.625	0.0047
615.75	0.0047
615.875	0.0047
616.0	0.0047
616.125	0.0047
616.25	0.0047
616.375	0.0047
616.5	0.0047
616.625	0.0047
616.75	0.0047
616.875	0.0047
617.0	0.0047
617.125	0.0055
617.25	0.0047
617.375	0.0047
617.5	0.0055
617.625	0.0047
617.75	0.0047
617.875	0.0047
618.0	0.0055
618.125	0.0047
618.25	0.0047
618.375	0.0047
618.5	0.0047
618.625	0.0047
618.75	0.0062
618.875	0.0047
619.0	0.0047
619.125	0.0047
619.25	0.0055
619.375	0.0047
619.5	0.0047
619.625	0.0055
619.75	0.0062
619.875	0.0055
620.0	0.007
620.125	0.0062
620.25	0.0055
620.375	0.0062
620.5	0.0047
620.625	0.0055
620.75	0.0062
620.875	0.007
621.0	0.007
621.125	0.007
621.25	0.007
621.375	0.0055
621.5	0.0047
621.625	0.0055
621.75	0.0047
621.875	0.0078
622.0	0.0047
622.125	0.0047
622.25	0.0047
622.375	0.0047
622.5	0.0047
622.625	0.0047
622.75	0.0047
622.875	0.0047
623.0	0.0047
623.125	0.0055
623.25	0.0047
623.375	0.0047
623.5	0.0047
623.625	0.0055
623.75	0.0047
623.875	0.0062
624.0	0.0055
624.125	0.0055
624.25	0.0047
624.375	0.0055
624.5	0.0055
624.625	0.007
624.75	0.007
624.875	0.0086
625.0	0.0086
625.125	0.0094
625.25	0.0094
625.375	0.0094
625.5	0.0094
625.625	0.0086
625.75	0.0094
625.875	0.0094
626.0	0.0086
626.125	0.0094
626.25	0.007
626.375	0.0086
626.5	0.0062
626.625	0.0094
626.75	0.0047
626.875	0.007
627.0	0.0055
627.125	0.0047
627.25	0.0047
627.375	0.0047
627.5	0.0047
627.625	0.0047
627.75	0.0047
627.875	0.0047
628.0	0.0047
628.125	0.0047
628.25	0.0047
628.375	0.0047
628.5	0.0047
628.625	0.0047
628.75	0.0047
628.875	0.0047
629.0	0.0047
629.125	0.0047
629.25	0.0047
629.375	0.0047
629.5	0.0047
629.625	0.0047
629.75	0.0047
629.875	0.0047
630.0	0.0039
630.125	0.0047
630.25	0.0047
630.375	0.0047
630.5	0.0047
630.625	0.0047
630.75	0.0047
630.875	0.0047
631.0	0.0047
631.125	0.0047
631.25	0.0047
631.375	0.0047
631.5	0.0047
631.625	0.0047
631.75	0.0047
631.875	0.0047
632.0	0.0047
632.125	0.0047
632.25	0.0047
632.375	0.0047
632.5	0.0047
632.625	0.0047
632.75	0.0047
632.875	0.0047
633.0	0.0047
633.125	0.0047
633.25	0.0047
633.375	0.0047
633.5	0.0047
633.625	0.0047
633.75	0.0047
633.875	0.0047
634.0	0.0055
634.125	0.0047
634.25	0.0047
634.375	0.0047
634.5	0.0047
634.625	0.0047
634.75	0.0047
634.875	0.0039
635.0	0.0047
635.125	0.0047
635.25	0.0047
635.375	0.0047
635.5	0.0047
635.625	0.0047
635.75	0.0047
635.875	0.0047
636.0	0.0047
636.125	0.0047
636.25	0.0047
636.375	0.0047
636.5	0.0047
636.625	0.0047
636.75	0.0047
636.875	0.0047
637.0	0.0047
637.125	0.0047
637.25	0.0047
637.375	0.0047
637.5	0.0047
637.625	0.0047
637.75	0.0047
637.875	0.0047
638.0	0.0047
638.125	0.0047
638.25	0.0047
638.375	0.0047
638.5	0.0047
638.625	0.0047
638.75	0.0047
638.875	0.0047
639.0	0.0047
639.125	0.0047
639.25	0.0047
639.375	0.0047
639.5	0.0047
639.625	0.0047
639.75	0.0047
639.875	0.0047
640.0	0.0047
640.125	0.0047
640.25	0.0047
640.375	0.0047
640.5	0.0047
640.625	0.0047
640.75	0.0047
640.875	0.0047
641.0	0.0047
641.125	0.0047
641.25	0.0047
641.375	0.0047
641.5	0.0047
641.625	0.0047
641.75	0.0047
641.875	0.0047
642.0	0.0047
642.125	0.0047
642.25	0.0047
642.375	0.0047
642.5	0.0047
642.625	0.0047
642.75	0.0047
642.875	0.0047
643.0	0.0047
643.125	0.0047
643.25	0.0047
643.375	0.0047
643.5	0.0047
643.625	0.0047
643.75	0.0047
643.875	0.0047
644.0	0.0047
644.125	0.0047
644.25	0.0047
644.375	0.0047
644.5	0.0047
644.625	0.0047
644.75	0.0047
644.875	0.0047
645.0	0.0047
645.125	0.0047
645.25	0.0047
645.375	0.0055
645.5	0.0047
645.625	0.0047
645.75	0.0047
645.875	0.0047
646.0	0.0047
646.125	0.0047
646.25	0.0047
646.375	0.0047
646.5	0.0047
646.625	0.0047
646.75	0.0055
646.875	0.0055
647.0	0.0055
647.125	0.0047
647.25	0.0047
647.375	0.0047
647.5	0.0047
647.625	0.0047
647.75	0.0055
647.875	0.0055
648.0	0.0047
648.125	0.0047
648.25	0.0047
648.375	0.0047
648.5	0.0047
648.625	0.0047
648.75	0.0047
648.875	0.0047
649.0	0.0047
649.125	0.0047
649.25	0.0047
649.375	0.0047
649.5	0.0047
649.625	0.0047
649.75	0.0047
649.875	0.0055
650.0	0.0055
650.125	0.0047
650.25	0.0062
650.375	0.0055
650.5	0.0055
650.625	0.0055
650.75	0.0047
650.875	0.0055
651.0	0.0055
651.125	0.0047
651.25	0.0062
651.375	0.0055
651.5	0.0062
651.625	0.007
651.75	0.0047
651.875	0.0047
652.0	0.007
652.125	0.0078
652.25	0.0047
652.375	0.007
652.5	0.0086
652.625	0.0094
652.75	0.0086
652.875	0.0094
653.0	0.0086
653.125	0.0094
653.25	0.0086
653.375	0.0094
653.5	0.0086
653.625	0.0086
653.75	0.0094
653.875	0.0086
654.0	0.0086
654.125	0.0094
654.25	0.0086
654.375	0.007
654.5	0.0094
654.625	0.007
654.75	0.0062
654.875	0.0078
655.0	0.007
655.125	0.007
655.25	0.0055
655.375	0.0055
655.5	0.0062
655.625	0.0062
655.75	0.0062
655.875	0.0047
656.0	0.0047
656.125	0.0047
656.25	0.0047
656.375	0.0047
656.5	0.0047
656.625	0.0055
656.75	0.0047
656.875	0.0055
657.0	0.0047
657.125	0.0047
657.25	0.0062
657.375	0.0047
657.5	0.0047
657.625	0.0047
657.75	0.0047
657.875	0.0047
658.0	0.0047
658.125	0.0047
658.25	0.0047
658.375	0.0047
658.5	0.0047
658.625	0.0047
658.75	0.0047
658.875	0.0047
659.0	0.0047
659.125	0.0047
659.25	0.0047
659.375	0.0047
659.5	0.0047
659.625	0.0047
659.75	0.0047
659.875	0.0047
660.0	0.0047
660.125	0.0055
660.25	0.0047
660.375	0.0047
660.5	0.0047
660.625	0.0047
660.75	0.0047
660.875	0.0047
661.0	0.0047
661.125	0.0047
661.25	0.0055
661.375	0.0047
661.5	0.0047
661.625	0.0047
661.75	0.0047
661.875	0.0062
662.0	0.0047
662.125	0.0047
662.25	0.0047
662.375	0.0055
662.5	0.0047
662.625	0.0047
662.75	0.0047
662.875	0.0047
663.0	0.0047
663.125	0.0055
663.25	0.0047
663.375	0.0047
663.5	0.007
663.625	0.0055
663.75	0.0047
663.875	0.0062
664.0	0.0062
664.125	0.0078
664.25	0.0078
664.375	0.0078
664.5	0.0086
664.625	0.0094
664.75	0.0086
664.875	0.0094
665.0	0.0086
665.125	0.0086
665.25	0.0094
665.375	0.0094
665.5	0.0094
665.625	0.0094
665.75	0.0125
665.875	0.0094
666.0	0.011
666.125	0.0117
666.25	0.0141
666.375	0.0141
666.5	0.0141
666.625	0.0141
666.75	0.0141
666.875	0.0165
667.0	0.0172
667.125	0.0188
667.25	0.0188
667.375	0.0188
667.5	0.0235
667.625	0.0235
667.75	0.0235
667.875	0.0235
668.0	0.0235
668.125	0.0243
668.25	0.0235
668.375	0.0243
668.5	0.0235
668.625	0.022
668.75	0.0196
668.875	0.0188
669.0	0.0188
669.125	0.0165
669.25	0.0141
669.375	0.0117
669.5	0.011
669.625	0.0094
669.75	0.0086
669.875	0.0062
670.0	0.0047
670.125	0.0047
670.25	0.0047
670.375	0.0047
670.5	0.0047
670.625	0.0047
670.75	0.0047
670.875	0.0047
671.0	0.0047
671.125	0.0047
671.25	0.0047
671.375	0.0055
671.5	0.0047
671.625	0.0055
671.75	0.0047
671.875	0.0055
672.0	0.0047
672.125	0.0047
672.25	0.0047
672.375	0.0047
672.5	0.0047
672.625	0.0047
672.75	0.0047
672.875	0.0047
673.0	0.0047
673.125	0.0047
673.25	0.0047
673.375	0.0047
673.5	0.0047
673.625	0.0047
673.75	0.0062
673.875	0.0047
674.0	0.0047
674.125	0.0047
674.25	0.0055
674.375	0.0055
674.5	0.0047
674.625	0.0047
674.75	0.0055
674.875	0.0047
675.0	0.0047
675.125	0.0047
675.25	0.0055
675.375	0.0047
675.5	0.0047
675.625	0.0047
675.75	0.0047
675.875	0.0055
676.0	0.0047
676.125	0.0062
676.25	0.0055
676.375	0.0047
676.5	0.0047
676.625	0.0055
676.75	0.0047
676.875	0.0086
677.0	0.0055
677.125	0.0047
677.25	0.0047
677.375	0.0047
677.5	0.0078
677.625	0.0055
677.75	0.0047
677.875	0.0047
678.0	0.0047
678.125	0.0062
678.25	0.0047
678.375	0.0047
678.5	0.0055
678.625	0.0047
678.75	0.0062
678.875	0.0047
679.0	0.0047
679.125	0.0047
679.25	0.0047
679.375	0.0047
679.5	0.0047
679.625	0.0047
679.75	0.0047
679.875	0.0047
680.0	0.0047
680.125	0.0055
680.25	0.0047
680.375	0.0047
680.5	0.0047
680.625	0.0047
680.75	0.0047
680.875	0.0047
681.0	0.0055
681.125	0.0055
681.25	0.0047
681.375	0.0047
681.5	0.0047
681.625	0.0047
681.75	0.0047
681.875	0.0047
682.0	0.0047
682.125	0.0055
682.25	0.0047
682.375	0.0047
682.5	0.0047
682.625	0.0055
682.75	0.0062
682.875	0.0055
683.0	0.0047
683.125	0.0047
683.25	0.0047
683.375	0.0047
683.5	0.0055
683.625	0.0047
683.75	0.0055
683.875	0.0047
684.0	0.0047
684.125	0.0055
684.25	0.0055
684.375	0.0055
684.5	0.0047
684.625	0.0047
684.75	0.0062
684.875	0.0055
685.0	0.0062
685.125	0.0047
685.25	0.0047
685.375	0.0055
685.5	0.0047
685.625	0.0078
685.75	0.0062
685.875	0.0062
686.0	0.0055
686.125	0.0047
686.25	0.0055
686.375	0.0047
686.5	0.0047
686.625	0.0062
686.75	0.0055
686.875	0.0047
687.0	0.0062
687.125	0.0062
687.25	0.0047
687.375	0.0055
687.5	0.0062
687.625	0.0062
687.75	0.0055
687.875	0.0055
688.0	0.0047
688.125	0.0055
688.25	0.007
688.375	0.0062
688.5	0.0055
688.625	0.0062
688.75	0.0078
688.875	0.0047
689.0	0.0047
689.125	0.0047
689.25	0.0062
689.375	0.007
689.5	0.0047
689.625	0.0055
689.75	0.0047
689.875	0.0055
690.0	0.0062
690.125	0.0078
690.25	0.0078
690.375	0.0062
690.5	0.0078
690.625	0.0055
690.75	0.0094
690.875	0.0078
691.0	0.0062
691.125	0.0078
691.25	0.007
691.375	0.0078
691.5	0.0086
691.625	0.0086
691.75	0.0062
691.875	0.0078
692.0	0.0055
692.125	0.007
692.25	0.0055
692.375	0.0047
692.5	0.0062
692.625	0.0047
692.75	0.007
692.875	0.0055
693.0	0.0078
693.125	0.007
693.25	0.0062
693.375	0.0047
693.5	0.0062
693.625	0.0078
693.75	0.007
693.875	0.0078
694.0	0.0062
694.125	0.007
694.25	0.0047
694.375	0.0047
694.5	0.0047
694.625	0.007
694.75	0.007
694.875	0.0062
695.0	0.0055
695.125	0.007
695.25	0.007
695.375	0.0047
695.5	0.0047
695.625	0.007
695.75	0.0062
695.875	0.007
696.0	0.0062
696.125	0.0055
696.25	0.0055
696.375	0.0055
696.5	0.0078
696.625	0.0062
696.75	0.0055
696.875	0.0047
697.0	0.0062
697.125	0.0055
697.25	0.0047
697.375	0.0047
697.5	0.0047
697.625	0.0055
697.75	0.0062
697.875	0.0055
698.0	0.0047
698.125	0.0062
698.25	0.0055
698.375	0.0062
698.5	0.0055
698.625	0.0062
698.75	0.0062
698.875	0.0062
699.0	0.0062
699.125	0.0055
699.25	0.007
699.375	0.007
699.5	0.0062
699.625	0.0078
699.75	0.0078
699.875	0.0062
700.0	0.0094
700.125	0.0094
700.25	0.007
700.375	0.0086
700.5	0.0094
700.625	0.0086
700.75	0.0094
700.875	0.0102
701.0	0.0094
701.125	0.0094
701.25	0.0094
701.375	0.0094
701.5	0.0094
701.625	0.011
701.75	0.0094
701.875	0.0102
702.0	0.0094
702.125	0.0086
702.25	0.0078
702.375	0.007
702.5	0.0078
702.625	0.0047
702.75	0.0062
702.875	0.0055
703.0	0.0047
703.125	0.0062
703.25	0.0047
703.375	0.0055
703.5	0.0055
703.625	0.0047
703.75	0.0047
703.875	0.0062
704.0	0.0047
704.125	0.0047
704.25	0.0078
704.375	0.0047
704.5	0.0055
704.625	0.0055
704.75	0.0047
704.875	0.0047
705.0	0.007
705.125	0.007
705.25	0.0078
705.375	0.0062
705.5	0.0086
705.625	0.0047
705.75	0.007
705.875	0.0086
706.0	0.0086
706.125	0.0078
706.25	0.0078
706.375	0.0094
706.5	0.0094
706.625	0.0094
706.75	0.0094
706.875	0.0094
707.0	0.0094
707.125	0.0094
707.25	0.0094
707.375	0.0117
707.5	0.0117
707.625	0.0117
707.75	0.0117
707.875	0.0141
708.0	0.0133
708.125	0.0141
708.25	0.0141
708.375	0.0141
708.5	0.018
708.625	0.0188
708.75	0.0188
708.875	0.0188
709.0	0.0188
709.125	0.0188
709.25	0.022
709.375	0.0212
709.5	0.0212
709.625	0.0188
709.75	0.0188
709.875	0.0188
710.0	0.0188
710.125	0.018
710.25	0.0141
710.375	0.0141
710.5	0.0125
710.625	0.0094
710.75	0.0094
710.875	0.0086
711.0	0.0047
711.125	0.0062
711.25	0.007
711.375	0.0062
711.5	0.0055
711.625	0.0055
711.75	0.0047
711.875	0.0047
712.0	0.0047
712.125	0.0047
712.25	0.0055
712.375	0.0055
712.5	0.0047
712.625	0.0047
712.75	0.0047
712.875	0.0055
713.0	0.0047
713.125	0.0047
713.25	0.0047
713.375	0.0047
713.5	0.0047
713.625	0.0047
713.75	0.0047
713.875	0.0047
714.0	0.0047
714.125	0.0047
714.25	0.0047
714.375	0.0047
714.5	0.0047
714.625	0.0047
714.75	0.0047
714.875	0.0055
715.0	0.0047
715.125	0.0047
715.25	0.0047
715.375	0.0047
715.5	0.0047
715.625	0.007
715.75	0.0047
715.875	0.0047
716.0	0.0047
716.125	0.0047
716.25	0.0062
716.375	0.0047
716.5	0.0055
716.625	0.0047
716.75	0.0047
716.875	0.0055
717.0	0.0047
717.125	0.0062
717.25	0.0047
717.375	0.0047
717.5	0.0047
717.625	0.0047
717.75	0.0047
717.875	0.0047
718.0	0.0055
718.125	0.0047
718.25	0.0047
718.375	0.0047
718.5	0.0047
718.625	0.0047
718.75	0.0055
718.875	0.0047
719.0	0.0047
719.125	0.0055
719.25	0.0047
719.375	0.0047
719.5	0.0047
719.625	0.0047
719.75	0.0047
719.875	0.0047
720.0	0.0047
720.125	0.0047
720.25	0.0047
720.375	0.0047
720.5	0.0047
720.625	0.0047
720.75	0.0047
720.875	0.0062
721.0	0.0062
721.125	0.0047
721.25	0.0047
721.375	0.0055
721.5	0.0047
721.625	0.0055
721.75	0.0047
721.875	0.0047
722.0	0.0047
722.125	0.0047
722.25	0.0055
722.375	0.0055
722.5	0.0047
722.625	0.0047
722.75	0.0062
722.875	0.0047
723.0	0.007
723.125	0.0047
723.25	0.0047
723.375	0.0047
723.5	0.0047
723.625	0.0062
723.75	0.0047
723.875	0.0047
724.0	0.0047
724.125	0.0047
724.25	0.0055
724.375	0.0047
724.5	0.0047
724.625	0.0047
724.75	0.0047
724.875	0.0055
725.0	0.0047
725.125	0.007
725.25	0.0055
725.375	0.0047
725.5	0.0047
725.625	0.0055
725.75	0.0047
725.875	0.0047
726.0	0.0055
726.125	0.0047
726.25	0.0047
726.375	0.0055
726.5	0.0062
726.625	0.0047
726.75	0.0047
726.875	0.0047
727.0	0.0062
727.125	0.0047
727.25	0.0062
727.375	0.0047
727.5	0.007
727.625	0.0062
727.75	0.007
727.875	0.0062
728.0	0.0047
728.125	0.007
728.25	0.0047
728.375	0.0047
728.5	0.0078
728.625	0.007
728.75	0.0055
728.875	0.0047
729.0	0.007
729.125	0.0047
729.25	0.0062
729.375	0.0055
729.5	0.0055
729.625	0.0047
729.75	0.0055
729.875	0.0047
730.0	0.0047
730.125	0.0047
730.25	0.0055
730.375	0.0047
730.5	0.0055
730.625	0.0047
730.75	0.0055
730.875	0.0086
731.0	0.0055
731.125	0.0055
731.25	0.0062
731.375	0.0047
731.5	0.0047
731.625	0.0047
731.75	0.007
731.875	0.0055
732.0	0.0062
732.125	0.0062
732.25	0.0047
732.375	0.0055
732.5	0.0078
732.625	0.0055
732.75	0.0047
732.875	0.0062
733.0	0.0047
733.125	0.0047
733.25	0.007
733.375	0.0047
733.5	0.0062
733.625	0.007
733.75	0.0078
733.875	0.0047
734.0	0.0055
734.125	0.0078
734.25	0.0047
734.375	0.0062
734.5	0.0078
734.625	0.0062
734.75	0.0078
734.875	0.007
735.0	0.007
735.125	0.007
735.25	0.0055
735.375	0.0086
735.5	0.007
735.625	0.0062
735.75	0.0062
735.875	0.0094
736.0	0.0078
736.125	0.0086
736.25	0.0078
736.375	0.007
736.5	0.0094
736.625	0.0062
736.75	0.0078
736.875	0.007
737.0	0.0078
737.125	0.0062
737.25	0.0062
737.375	0.0055
737.5	0.0062
737.625	0.0047
737.75	0.0055
737.875	0.0047
738.0	0.0062
738.125	0.0062
738.25	0.0047
738.375	0.0047
738.5	0.0047
738.625	0.0055
738.75	0.0047
738.875	0.0055
739.0	0.0047
739.125	0.0047
739.25	0.0047
739.375	0.007
739.5	0.0047
739.625	0.0047
739.75	0.0055
739.875	0.0055
740.0	0.0062
740.125	0.0055
740.25	0.0055
740.375	0.0062
740.5	0.0062
740.625	0.0055
740.75	0.007
740.875	0.007
741.0	0.0062
741.125	0.0062
741.25	0.0047
741.375	0.0062
741.5	0.0062
741.625	0.0062
741.75	0.007
741.875	0.0062
742.0	0.007
742.125	0.007
742.25	0.0078
742.375	0.0078
742.5	0.0078
742.625	0.0094
742.75	0.0055
742.875	0.007
743.0	0.0086
743.125	0.0086
743.25	0.007
743.375	0.0078
743.5	0.0094
743.625	0.0086
743.75	0.0094
743.875	0.0094
744.0	0.0086
744.125	0.0086
744.25	0.0094
744.375	0.0094
744.5	0.0094
744.625	0.0102
744.75	0.0094
744.875	0.0094
745.0	0.0094
745.125	0.0094
745.25	0.0094
745.375	0.0094
745.5	0.0094
745.625	0.0094
745.75	0.0094
745.875	0.0078
746.0	0.0094
746.125	0.0094
746.25	0.0078
746.375	0.0078
746.5	0.0062
746.625	0.0055
746.75	0.0062
746.875	0.0047
747.0	0.0047
747.125	0.0047
747.25	0.0047
747.375	0.007
747.5	0.0055
747.625	0.007
747.75	0.0055
747.875	0.0062
748.0	0.0055
748.125	0.0055
748.25	0.0055
748.375	0.0062
748.5	0.0078
748.625	0.0062
748.75	0.0047
748.875	0.0047
749.0	0.0055
749.125	0.0062
749.25	0.0047
749.375	0.0055
749.5	0.0062
749.625	0.0047
749.75	0.0078
749.875	0.0055
750.0	0.0047
750.125	0.0094
750.25	0.007
750.375	0.0062
750.5	0.0062
750.625	0.0055
750.75	0.0047
750.875	0.0078
751.0	0.007
751.125	0.0078
751.25	0.0078
751.375	0.007
751.5	0.0078
751.625	0.0086
751.75	0.0062
751.875	0.007
752.0	0.0062
752.125	0.0094
752.25	0.007
752.375	0.0078
752.5	0.0086
752.625	0.0086
752.75	0.0078
752.875	0.007
753.0	0.0094
753.125	0.0094
753.25	0.0094
753.375	0.0094
753.5	0.0094
753.625	0.0094
753.75	0.0094
753.875	0.0094
754.0	0.0094
754.125	0.0094
754.25	0.0094
754.375	0.0094
754.5	0.0094
754.625	0.011
754.75	0.0125
754.875	0.011
755.0	0.011
755.125	0.0102
755.25	0.0094
755.375	0.0102
755.5	0.011
755.625	0.011
755.75	0.0094
755.875	0.0094
756.0	0.0102
756.125	0.0094
756.25	0.0078
756.375	0.0078
756.5	0.0078
756.625	0.0086
756.75	0.0094
756.875	0.007
757.0	0.0055
757.125	0.0062
757.25	0.0062
757.375	0.0047
757.5	0.0078
757.625	0.0062
757.75	0.0062
757.875	0.0062
758.0	0.0047
758.125	0.0047
758.25	0.0047
758.375	0.0062
758.5	0.0078
758.625	0.0055
758.75	0.0055
758.875	0.007
759.0	0.0062
759.125	0.007
759.25	0.0062
759.375	0.007
759.5	0.007
759.625	0.0062
759.75	0.007
759.875	0.0062
760.0	0.0062
760.125	0.0047
760.25	0.0055
760.375	0.0055
760.5	0.0055
760.625	0.007
760.75	0.007
760.875	0.0062
761.0	0.0062
761.125	0.0086
761.25	0.0062
761.375	0.0062
761.5	0.0086
761.625	0.0078
761.75	0.007
761.875	0.0055
762.0	0.0055
762.125	0.0086
762.25	0.0086
762.375	0.007
762.5	0.007
762.625	0.007
762.75	0.0086
762.875	0.007
763.0	0.0055
763.125	0.0062
763.25	0.0055
763.375	0.0062
763.5	0.007
763.625	0.007
763.75	0.0078
763.875	0.007
764.0	0.0094
764.125	0.007
764.25	0.0078
764.375	0.007
764.5	0.0062
764.625	0.0094
764.75	0.007
764.875	0.0078
765.0	0.0094
765.125	0.0094
765.25	0.0047
765.375	0.0078
765.5	0.0086
765.625	0.007
765.75	0.0062
765.875	0.0086
766.0	0.0078
766.125	0.0078
766.25	0.0078
766.375	0.0078
766.5	0.0078
766.625	0.007
766.75	0.0086
766.875	0.0062
767.0	0.007
767.125	0.0062
767.25	0.0086
767.375	0.0055
767.5	0.007
767.625	0.0062
767.75	0.0062
767.875	0.007
768.0	0.0062
768.125	0.0078
768.25	0.0086
768.375	0.0062
768.5	0.0078
768.625	0.0078
768.75	0.0086
768.875	0.0062
769.0	0.0078
769.125	0.0086
769.25	0.0078
769.375	0.0078
769.5	0.0062
769.625	0.0078
769.75	0.0062
769.875	0.0062
770.0	0.0086
770.125	0.0078
770.25	0.0078
770.375	0.0086
770.5	0.0078
770.625	0.0062
770.75	0.007
770.875	0.007
771.0	0.0094
771.125	0.0086
771.25	0.0086
771.375	0.0094
771.5	0.0078
771.625	0.0062
771.75	0.0094
771.875	0.007
772.0	0.0086
772.125	0.0078
772.25	0.0078
772.375	0.007
772.5	0.0094
772.625	0.0062
772.75	0.0055
772.875	0.0078
773.0	0.0078
773.125	0.0062
773.25	0.0062
773.375	0.007
773.5	0.0078
773.625	0.007
773.75	0.007
773.875	0.0062
774.0	0.0062
774.125	0.0055
774.25	0.0047
774.375	0.0078
774.5	0.0062
774.625	0.0062
774.75	0.007
774.875	0.0062
775.0	0.0055
775.125	0.0062
775.25	0.0055
775.375	0.0062
775.5	0.007
775.625	0.0055
775.75	0.0055
775.875	0.0055
776.0	0.0047
776.125	0.0078
776.25	0.0047
776.375	0.0047
776.5	0.0047
776.625	0.0055
776.75	0.0047
776.875	0.0047
777.0	0.0062
777.125	0.0055
777.25	0.0055
777.375	0.0055
777.5	0.0047
777.625	0.0055
777.75	0.0055
777.875	0.0047
778.0	0.0047
778.125	0.0047
778.25	0.0047
778.375	0.0047
778.5	0.0062
778.625	0.0047
778.75	0.0047
778.875	0.0047
779.0	0.0047
779.125	0.0055
779.25	0.0055
779.375	0.0047
779.5	0.0047
779.625	0.0047
779.75	0.0047
779.875	0.0047
780.0	0.0047
780.125	0.0055
780.25	0.0047
780.375	0.0047
780.5	0.0047
780.625	0.0047
780.75	0.0047
780.875	0.0062
781.0	0.0047
781.125	0.0055
781.25	0.0062
781.375	0.007
781.5	0.0062
781.625	0.0062
781.75	0.0062
781.875	0.0055
782.0	0.0078
782.125	0.0078
782.25	0.0055
782.375	0.007
782.5	0.0078
782.625	0.0062
782.75	0.007
782.875	0.0047
783.0	0.007
783.125	0.0078
783.25	0.0055
783.375	0.0062
783.5	0.0062
783.625	0.0086
783.75	0.0047
783.875	0.0055
784.0	0.0062
784.125	0.007
784.25	0.0047
784.375	0.0047
784.5	0.0062
784.625	0.0047
784.75	0.0047
784.875	0.0055
785.0	0.0062
785.125	0.0047
785.25	0.0047
785.375	0.0055
785.5	0.0062
785.625	0.0047
785.75	0.0055
785.875	0.007
786.0	0.0047
786.125	0.0047
786.25	0.0047
786.375	0.0062
786.5	0.0047
786.625	0.0047
786.75	0.0047
786.875	0.0055
787.0	0.0047
787.125	0.007
787.25	0.0047
787.375	0.0047
787.5	0.0055
787.625	0.0047
787.75	0.0047
787.875	0.0047
788.0	0.0047
788.125	0.0078
788.25	0.0047
788.375	0.0047
788.5	0.0047
788.625	0.0047
788.75	0.0055
788.875	0.0047
789.0	0.0055
789.125	0.0047
789.25	0.0047
789.375	0.0055
789.5	0.0047
789.625	0.0047
789.75	0.0047
789.875	0.0047
790.0	0.0047
790.125	0.0047
790.25	0.0047
790.375	0.0047
790.5	0.0055
790.625	0.0047
790.75	0.0047
790.875	0.0055
791.0	0.0055
791.125	0.0047
791.25	0.0055
791.375	0.0062
791.5	0.007
791.625	0.0055
791.75	0.0047
791.875	0.0062
792.0	0.0055
792.125	0.0062
792.25	0.007
792.375	0.007
792.5	0.0047
792.625	0.0047
792.75	0.0086
792.875	0.0047
793.0	0.0078
793.125	0.0055
793.25	0.0078
793.375	0.0062
793.5	0.0078
793.625	0.0047
793.75	0.0055
793.875	0.007
794.0	0.0078
794.125	0.0078
794.25	0.0062
794.375	0.0062
794.5	0.0055
794.625	0.0047
794.75	0.0062
794.875	0.0062
795.0	0.0047
795.125	0.0047
795.25	0.0062
795.375	0.0047
795.5	0.0047
795.625	0.0047
795.75	0.0047
795.875	0.0047
796.0	0.0047
796.125	0.0047
796.25	0.0047
796.375	0.0055
796.5	0.0047
796.625	0.0047
796.75	0.0047
796.875	0.0047
797.0	0.0047
797.125	0.0047
797.25	0.0047
797.375	0.0062
797.5	0.0055
797.625	0.0055
797.75	0.0047
797.875	0.007
798.0	0.0047
798.125	0.0047
798.25	0.0047
798.375	0.0047
798.5	0.0047
798.625	0.0047
798.75	0.0047
798.875	0.0055
799.0	0.0047
799.125	0.0055
799.25	0.0047
799.375	0.0047
799.5	0.0055
799.625	0.0047
799.75	0.0047
799.875	0.0055
800.0	0.0047
800.125	0.0047
800.25	0.0062
800.375	0.0055
800.5	0.0062
800.625	0.0047
800.75	0.0047
800.875	0.0055
801.0	0.007
801.125	0.0047
801.25	0.0055
801.375	0.0055
801.5	0.0055
801.625	0.007
801.75	0.0047
801.875	0.0047
802.0	0.0047
802.125	0.0047
802.25	0.0055
802.375	0.0055
802.5	0.0047
802.625	0.0055
802.75	0.0055
802.875	0.0062
803.0	0.0062
803.125	0.0055
803.25	0.0055
803.375	0.007
803.5	0.0062
803.625	0.0086
803.75	0.007
803.875	0.0062
804.0	0.0055
804.125	0.0055
804.25	0.0055
804.375	0.0047
804.5	0.0078
804.625	0.0062
804.75	0.0055
804.875	0.0086
805.0	0.0078
805.125	0.007
805.25	0.007
805.375	0.0062
805.5	0.007
805.625	0.0062
805.75	0.007
805.875	0.0078
806.0	0.0055
806.125	0.007
806.25	0.0078
806.375	0.0078
806.5	0.0078
806.625	0.0086
806.75	0.0062
806.875	0.0062
807.0	0.0047
807.125	0.0047
807.25	0.0055
807.375	0.007
807.5	0.007
807.625	0.0062
807.75	0.0047
807.875	0.0062
808.0	0.0047
808.125	0.0062
808.25	0.0062
808.375	0.0062
808.5	0.0047
808.625	0.0047
808.75	0.0078
808.875	0.0055
809.0	0.0047
809.125	0.0062
809.25	0.0055
809.375	0.0062
809.5	0.007
809.625	0.0062
809.75	0.0047
809.875	0.0047
810.0	0.0062
810.125	0.0047
810.25	0.0047
810.375	0.0047
810.5	0.0047
810.625	0.0078
810.75	0.0062
810.875	0.0062
811.0	0.007
811.125	0.0047
811.25	0.0047
811.375	0.007
811.5	0.0055
811.625	0.0047
811.75	0.007
811.875	0.0055
812.0	0.0047
812.125	0.007
812.25	0.0055
812.375	0.0047
812.5	0.0055
812.625	0.0062
812.75	0.0062
812.875	0.0062
813.0	0.0055
813.125	0.0062
813.25	0.0047
813.375	0.0055
813.5	0.0047
813.625	0.0062
813.75	0.0078
813.875	0.0055
814.0	0.007
814.125	0.0062
814.25	0.0062
814.375	0.0055
814.5	0.007
814.625	0.007
814.75	0.0062
814.875	0.0055
815.0	0.0078
815.125	0.0062
815.25	0.0055
815.375	0.007
815.5	0.0062
815.625	0.0047
815.75	0.0062
815.875	0.007
816.0	0.0047
816.125	0.0062
816.25	0.0055
816.375	0.0047
816.5	0.007
816.625	0.007
816.75	0.0078
816.875	0.0086
817.0	0.0078
817.125	0.007
817.25	0.0062
817.375	0.0078
817.5	0.007
817.625	0.007
817.75	0.0062
817.875	0.007
818.0	0.0078
818.125	0.007
818.25	0.0078
818.375	0.007
818.5	0.0078
818.625	0.0086
818.75	0.0086
818.875	0.0086
819.0	0.0078
819.125	0.007
819.25	0.0086
819.375	0.007
819.5	0.0062
819.625	0.0078
819.75	0.0086
819.875	0.007
820.0	0.0078
820.125	0.0047
820.25	0.0055
820.375	0.0055
820.5	0.0078
820.625	0.0047
820.75	0.0078
820.875	0.0055
821.0	0.0055
821.125	0.0062
821.25	0.0078
821.375	0.0055
821.5	0.0047
821.625	0.0055
821.75	0.0055
821.875	0.0062
822.0	0.007
822.125	0.0062
822.25	0.0055
822.375	0.0078
822.5	0.0062
822.625	0.0062
822.75	0.0047
822.875	0.007
823.0	0.0062
823.125	0.0055
823.25	0.0062
823.375	0.007
823.5	0.0062
823.625	0.0047
823.75	0.0062
823.875	0.0062
824.0	0.0055
824.125	0.007
824.25	0.0062
824.375	0.0047
824.5	0.0055
824.625	0.0047
824.75	0.0062
824.875	0.007
825.0	0.007
825.125	0.0047
825.25	0.0047
825.375	0.0047
825.5	0.0047
825.625	0.0047
825.75	0.0062
825.875	0.0055
826.0	0.0055
826.125	0.0047
826.25	0.0047
826.375	0.0055
826.5	0.0047
826.625	0.0047
826.75	0.0055
826.875	0.0047
827.0	0.0047
827.125	0.0047
827.25	0.0047
827.375	0.0055
827.5	0.007
827.625	0.0047
827.75	0.0062
827.875	0.007
828.0	0.0055
828.125	0.0055
828.25	0.0055
828.375	0.0062
828.5	0.007
828.625	0.0078
828.75	0.0062
828.875	0.0047
829.0	0.0062
829.125	0.0055
829.25	0.0062
829.375	0.007
829.5	0.0062
829.625	0.007
829.75	0.0055
829.875	0.0055
830.0	0.0055
830.125	0.0047
830.25	0.0047
830.375	0.0062
830.5	0.0047
830.625	0.0055
830.75	0.0055
830.875	0.0094
831.0	0.0078
831.125	0.0055
831.25	0.0078
831.375	0.0047
831.5	0.0055
831.625	0.0062
831.75	0.0062
831.875	0.0078
832.0	0.0047
832.125	0.0062
832.25	0.0047
832.375	0.0062
832.5	0.0055
832.625	0.0062
832.75	0.007
832.875	0.0047
833.0	0.0047
833.125	0.0062
833.25	0.0047
833.375	0.0055
833.5	0.007
833.625	0.0055
833.75	0.0062
833.875	0.0062
834.0	0.0047
834.125	0.0078
834.25	0.0047
834.375	0.0078
834.5	0.0062
834.625	0.0078
834.75	0.007
834.875	0.0055
835.0	0.0062
835.125	0.0062
835.25	0.0047
835.375	0.0062
835.5	0.007
835.625	0.0062
835.75	0.0078
835.875	0.0078
836.0	0.0055
836.125	0.0055
836.25	0.007
836.375	0.0055
836.5	0.0062
836.625	0.0047
836.75	0.0062
836.875	0.0078
837.0	0.0055
837.125	0.0047
837.25	0.0086
837.375	0.0062
837.5	0.0055
837.625	0.0062
837.75	0.0078
837.875	0.0047
838.0	0.0047
838.125	0.0047
838.25	0.0062
838.375	0.0055
838.5	0.0055
838.625	0.0062
838.75	0.0047
838.875	0.0047
839.0	0.007
839.125	0.0062
839.25	0.0062
839.375	0.0078
839.5	0.0055
839.625	0.0062
839.75	0.007
839.875	0.0047
840.0	0.0062
840.125	0.0062
840.25	0.007
840.375	0.0047
840.5	0.0062
840.625	0.0055
840.75	0.0062
840.875	0.0062
841.0	0.007
841.125	0.007
841.25	0.0047
841.375	0.0047
841.5	0.0055
841.625	0.0055
841.75	0.0047
841.875	0.0062
842.0	0.0062
842.125	0.007
842.25	0.007
842.375	0.0055
842.5	0.007
842.625	0.0047
842.75	0.0055
842.875	0.0062
843.0	0.0047
843.125	0.007
843.25	0.007
843.375	0.0047
843.5	0.007
843.625	0.0047
843.75	0.0047
843.875	0.0078
844.0	0.0047
844.125	0.0055
844.25	0.0055
844.375	0.0055
844.5	0.0055
844.625	0.0047
844.75	0.0055
844.875	0.0094
845.0	0.007
845.125	0.0047
845.25	0.0055
845.375	0.0055
845.5	0.0062
845.625	0.0055
845.75	0.007
845.875	0.007
846.0	0.0062
846.125	0.007
846.25	0.0047
846.375	0.0047
846.5	0.0055
846.625	0.0055
846.75	0.0062
846.875	0.0062
847.0	0.0062
847.125	0.0047
847.25	0.0055
847.375	0.007
847.5	0.0062
847.625	0.0062
847.75	0.0078
847.875	0.0047
848.0	0.0047
848.125	0.0078
848.25	0.0062
848.375	0.007
848.5	0.0055
848.625	0.0062
848.75	0.0062
848.875	0.0047
849.0	0.0062
849.125	0.0047
849.25	0.0055
849.375	0.0047
849.5	0.0047
849.625	0.0047
849.75	0.0062
849.875	0.007
850.0	0.0055
850.125	0.0055
850.25	0.0062
850.375	0.0055
850.5	0.007
850.625	0.0055
850.75	0.007
850.875	0.0094
851.0	0.0047
851.125	0.0055
851.25	0.0047
851.375	0.0055
851.5	0.007
851.625	0.0062
851.75	0.0055
851.875	0.0055
852.0	0.0047
852.125	0.0055
852.25	0.0047
852.375	0.0062
852.5	0.0055
852.625	0.0055
852.75	0.0062
852.875	0.0062
853.0	0.0047
853.125	0.0047
853.25	0.0047
853.375	0.0047
853.5	0.0062
853.625	0.0047
853.75	0.0047
853.875	0.0047
854.0	0.0055
854.125	0.0047
854.25	0.0062
854.375	0.0047
854.5	0.0047
854.625	0.0062
854.75	0.0055
854.875	0.0047
855.0	0.0055
855.125	0.0078
855.25	0.0047
855.375	0.0055
855.5	0.0078
855.625	0.0047
855.75	0.0055
855.875	0.0062
856.0	0.0047
856.125	0.0047
856.25	0.0055
856.375	0.0062
856.5	0.0047
856.625	0.0055
856.75	0.0055
856.875	0.007
857.0	0.007
857.125	0.0047
857.25	0.0062
857.375	0.0062
857.5	0.0062
857.625	0.0055
857.75	0.0062
857.875	0.0047
858.0	0.0047
858.125	0.0062
858.25	0.0062
858.375	0.0055
858.5	0.0055
858.625	0.0047
858.75	0.0055
858.875	0.0078
859.0	0.007
859.125	0.0055
859.25	0.007
859.375	0.0047
859.5	0.007
859.625	0.0047
859.75	0.0062
859.875	0.0055
860.0	0.0047
860.125	0.0047
860.25	0.007
860.375	0.0062
860.5	0.0062
860.625	0.0047
860.75	0.0055
860.875	0.0055
861.0	0.0047
861.125	0.0047
861.25	0.0062
861.375	0.0055
861.5	0.0047
861.625	0.0078
861.75	0.0055
861.875	0.007
862.0	0.007
862.125	0.0062
862.25	0.007
862.375	0.007
862.5	0.0062
862.625	0.0062
862.75	0.0055
862.875	0.007
863.0	0.0062
863.125	0.007
863.25	0.0047
863.375	0.0062
863.5	0.0055
863.625	0.0055
863.75	0.0055
863.875	0.007
864.0	0.0086
864.125	0.0055
864.25	0.0047
864.375	0.007
864.5	0.0086
864.625	0.007
864.75	0.007
864.875	0.0047
865.0	0.0047
865.125	0.0062
865.25	0.007
865.375	0.0062
865.5	0.0055
865.625	0.0055
865.75	0.0078
865.875	0.0055
866.0	0.007
866.125	0.007
866.25	0.0055
866.375	0.0078
866.5	0.0078
866.625	0.0055
866.75	0.0047
866.875	0.007
867.0	0.0094
867.125	0.007
867.25	0.0047
867.375	0.007
867.5	0.0078
867.625	0.0062
867.75	0.0055
867.875	0.0047
868.0	0.0062
868.125	0.0055
868.25	0.0047
868.375	0.007
868.5	0.0055
868.625	0.0062
868.75	0.0078
868.875	0.0062
869.0	0.0086
869.125	0.0055
869.25	0.007
869.375	0.0062
869.5	0.007
869.625	0.0062
869.75	0.0047
869.875	0.0047
870.0	0.0055
870.125	0.0047
870.25	0.007
870.375	0.0078
870.5	0.0078
870.625	0.0047
870.75	0.0078
870.875	0.0055
871.0	0.0055
871.125	0.0078
871.25	0.007
871.375	0.0055
871.5	0.007
871.625	0.0086
871.75	0.0062
871.875	0.0047
872.0	0.0047
872.125	0.0062
872.25	0.0062
872.375	0.0086
872.5	0.0047
872.625	0.007
872.75	0.0062
872.875	0.0055
873.0	0.0055
873.125	0.0062
873.25	0.0078
873.375	0.007
873.5	0.0086
873.625	0.0055
873.75	0.007
873.875	0.0094
874.0	0.007
874.125	0.0078
874.25	0.0062
874.375	0.0055
874.5	0.0055
874.625	0.0055
874.75	0.0086
874.875	0.0062
875.0	0.0055
875.125	0.007
875.25	0.0055
875.375	0.007
875.5	0.0062
875.625	0.0047
875.75	0.007
875.875	0.007
876.0	0.0062
876.125	0.0055
876.25	0.0078
876.375	0.0086
876.5	0.0047
876.625	0.0047
876.75	0.007
876.875	0.0047
877.0	0.0062
877.125	0.0078
877.25	0.0055
877.375	0.0086
877.5	0.007
877.625	0.007
877.75	0.0047
877.875	0.0047
878.0	0.0078
878.125	0.0062
878.25	0.007
878.375	0.007
878.5	0.0055
878.625	0.0055
878.75	0.0062
878.875	0.0078
879.0	0.0047
879.125	0.0047
879.25	0.007
879.375	0.007
879.5	0.007
879.625	0.0078
879.75	0.007
879.875	0.0062
880.0	0.007
880.125	0.0086
880.25	0.0047
880.375	0.007
880.5	0.0055
880.625	0.0062
880.75	0.0062
880.875	0.0055
881.0	0.0047
881.125	0.0062
881.25	0.0055
881.375	0.007
881.5	0.0062
881.625	0.0055
881.75	0.0055
881.875	0.0062
882.0	0.0062
882.125	0.0062
882.25	0.0062
882.375	0.007
882.5	0.0047
882.625	0.0078
882.75	0.007
882.875	0.007
883.0	0.0078
883.125	0.0047
883.25	0.0055
883.375	0.0086
883.5	0.0055
883.625	0.0047
883.75	0.0062
883.875	0.0055
884.0	0.0062
884.125	0.0047
884.25	0.0078
884.375	0.0062
884.5	0.007
884.625	0.007
884.75	0.0062
884.875	0.0055
885.0	0.007
885.125	0.007
885.25	0.007
885.375	0.007
885.5	0.0055
885.625	0.0055
885.75	0.0062
885.875	0.0055
886.0	0.0062
886.125	0.0062
886.25	0.007
886.375	0.007
886.5	0.007
886.625	0.007
886.75	0.0055
886.875	0.0078
887.0	0.007
887.125	0.007
887.25	0.007
887.375	0.0055
887.5	0.007
887.625	0.0047
887.75	0.007
887.875	0.007
888.0	0.0055
888.125	0.007
888.25	0.007
888.375	0.0086
888.5	0.0078
888.625	0.0062
888.75	0.0078
888.875	0.0062
889.0	0.0062
889.125	0.007
889.25	0.0047
889.375	0.0078
889.5	0.0078
889.625	0.0062
889.75	0.0047
889.875	0.0062
890.0	0.0062
890.125	0.0055
890.25	0.0062
890.375	0.0086
890.5	0.0047
890.625	0.0078
890.75	0.0055
890.875	0.0055
891.0	0.007
891.125	0.0086
891.25	0.0062
891.375	0.0062
891.5	0.007
891.625	0.0062
891.75	0.0078
891.875	0.007
892.0	0.0086
892.125	0.0078
892.25	0.0062
892.375	0.0047
892.5	0.007
892.625	0.007
892.75	0.007
892.875	0.007
893.0	0.0078
893.125	0.0062
893.25	0.0078
893.375	0.007
893.5	0.0062
893.625	0.0078
893.75	0.007
893.875	0.007
894.0	0.0062
894.125	0.0062
894.25	0.0055
894.375	0.007
894.5	0.0078
894.625	0.0055
894.75	0.007
894.875	0.0055
895.0	0.0078
895.125	0.0062
895.25	0.007
895.375	0.0062
895.5	0.0078
895.625	0.007
895.75	0.0078
895.875	0.0078
896.0	0.0062
896.125	0.0078
896.25	0.0055
896.375	0.007
896.5	0.007
896.625	0.0078
896.75	0.0078
896.875	0.0086
897.0	0.0055
897.125	0.0078
897.25	0.0055
897.375	0.007
897.5	0.0062
897.625	0.007
897.75	0.0086
897.875	0.007
898.0	0.0078
898.125	0.007
898.25	0.007
898.375	0.0062
898.5	0.0047
898.625	0.0062
898.75	0.0055
898.875	0.0078
899.0	0.0055
899.125	0.0086
899.25	0.0086
899.375	0.0062
899.5	0.0086
899.625	0.0047
899.75	0.0055
899.875	0.0062
