300.0	2.1792
300.125	2.1886
300.25	2.1839
300.375	2.1839
300.5	2.1886
300.625	2.1886
300.75	2.1839
300.875	2.1839
301.0	2.1839
301.125	2.1823
301.25	2.1871
301.375	2.1886
301.5	2.1949
301.625	2.1926
301.75	2.1902
301.875	2.1839
302.0	2.1886
302.125	2.1855
302.25	2.1886
302.375	2.1902
302.5	2.1886
302.625	2.1823
302.75	2.1808
302.875	2.1816
303.0	2.18
303.125	2.1855
303.25	2.1878
303.375	2.1878
303.5	2.1878
303.625	2.1839
303.75	2.1886
303.875	2.1902
304.0	2.1933
304.125	2.1941
304.25	2.1886
304.375	2.1871
304.5	2.1902
304.625	2.1965
304.75	2.1926
304.875	2.1878
305.0	2.1886
305.125	2.1878
305.25	2.1886
305.375	2.1886
305.5	2.1855
305.625	2.1871
305.75	2.1878
305.875	2.1886
306.0	2.1926
306.125	2.1933
306.25	2.1973
306.375	2.1941
306.5	2.1886
306.625	2.1886
306.75	2.1886
306.875	2.1957
307.0	2.2028
307.125	2.1981
307.25	2.1918
307.375	2.1886
307.5	2.1941
307.625	2.1949
307.75	2.1957
307.875	2.1965
308.0	2.1981
308.125	2.1996
308.25	2.1981
308.375	2.1981
308.5	2.2028
308.625	2.2012
308.75	2.1996
308.875	2.2004
309.0	2.1988
309.125	2.1981
309.25	2.1981
309.375	2.1981
309.5	2.2028
309.625	2.2075
309.75	2.2012
309.875	2.2051
310.0	2.2028
310.125	2.2075
310.25	2.2106
310.375	2.2075
310.5	2.2059
310.625	2.2028
310.75	2.1996
310.875	2.2083
311.0	2.2099
311.125	2.2075
311.25	2.2075
311.375	2.2122
311.5	2.2075
311.625	2.2083
311.75	2.2114
311.875	2.2091
312.0	2.2114
312.125	2.2169
312.25	2.2169
312.375	2.2146
312.5	2.213
312.625	2.2161
312.75	2.2185
312.875	2.2216
313.0	2.2216
313.125	2.2216
313.25	2.2185
313.375	2.2146
313.5	2.2185
313.625	2.2216
313.75	2.2264
313.875	2.2311
314.0	2.2224
314.125	2.2256
314.25	2.2374
314.375	2.2342
314.5	2.2334
314.625	2.2311
314.75	2.2327
314.875	2.2319
315.0	2.2327
315.125	2.2311
315.25	2.2358
315.375	2.25
315.5	2.2421
315.625	2.2452
315.75	2.2452
315.875	2.2405
316.0	2.2358
316.125	2.2327
316.25	2.2334
316.375	2.2374
316.5	2.2484
316.625	2.2484
316.75	2.25
316.875	2.246
317.0	2.2507
317.125	2.2523
317.25	2.2547
317.375	2.257
317.5	2.2594
317.625	2.261
317.75	2.257
317.875	2.2594
318.0	2.2594
318.125	2.2547
318.25	2.2594
318.375	2.261
318.5	2.2641
318.625	2.2688
318.75	2.2688
318.875	2.2688
319.0	2.2688
319.125	2.2712
319.25	2.2735
319.375	2.2775
319.5	2.2783
319.625	2.2877
319.75	2.2877
319.875	2.283
320.0	2.2877
320.125	2.2877
320.25	2.2845
320.375	2.2877
320.5	2.2869
320.625	2.2924
320.75	2.2971
320.875	2.2995
321.0	2.2971
321.125	2.2971
321.25	2.3018
321.375	2.3066
321.5	2.3121
321.625	2.316
321.75	2.3121
321.875	2.3136
322.0	2.316
322.125	2.3207
322.25	2.3254
322.375	2.3301
322.5	2.3341
322.625	2.3341
322.75	2.3443
322.875	2.3419
323.0	2.3396
323.125	2.3443
323.25	2.3522
323.375	2.3553
323.5	2.3584
323.625	2.3608
323.75	2.3726
323.875	2.3773
324.0	2.3797
324.125	2.3883
324.25	2.3915
324.375	2.3915
324.5	2.3915
324.625	2.3962
324.75	2.4025
324.875	2.4103
325.0	2.419
325.125	2.419
325.25	2.4245
325.375	2.4339
325.5	2.4323
325.625	2.4316
325.75	2.4418
325.875	2.4457
326.0	2.4496
326.125	2.4473
326.25	2.4473
326.375	2.4591
326.5	2.463
326.625	2.4685
326.75	2.4724
326.875	2.4716
327.0	2.4787
327.125	2.4874
327.25	2.4952
327.375	2.496
327.5	2.5031
327.625	2.5047
327.75	2.507
327.875	2.5047
328.0	2.5078
328.125	2.5141
328.25	2.5141
328.375	2.5259
328.5	2.533
328.625	2.5298
328.75	2.5361
328.875	2.5393
329.0	2.544
329.125	2.5471
329.25	2.5463
329.375	2.5566
329.5	2.555
329.625	2.5613
329.75	2.5644
329.875	2.5613
330.0	2.5676
330.125	2.566
330.25	2.5683
330.375	2.5707
330.5	2.5778
330.625	2.5817
330.75	2.5841
330.875	2.577
331.0	2.5801
331.125	2.5888
331.25	2.5801
331.375	2.5801
331.5	2.588
331.625	2.5927
331.75	2.5856
331.875	2.5849
332.0	2.5809
332.125	2.5762
332.25	2.5691
332.375	2.5707
332.5	2.5683
332.625	2.5754
332.75	2.5746
332.875	2.5762
333.0	2.577
333.125	2.5801
333.25	2.5754
333.375	2.5707
333.5	2.5644
333.625	2.5652
333.75	2.5668
333.875	2.5613
334.0	2.5613
334.125	2.5613
334.25	2.5597
334.375	2.5566
334.5	2.5518
334.625	2.5463
334.75	2.5448
334.875	2.5471
335.0	2.5416
335.125	2.5283
335.25	2.529
335.375	2.529
335.5	2.5283
335.625	2.5235
335.75	2.5314
335.875	2.5227
336.0	2.5227
336.125	2.5078
336.25	2.5094
336.375	2.5086
336.5	2.5086
336.625	2.507
336.75	2.5031
336.875	2.5007
337.0	2.4944
337.125	2.4976
337.25	2.4921
337.375	2.4952
337.5	2.4929
337.625	2.4905
337.75	2.4921
337.875	2.4897
338.0	2.4858
338.125	2.4842
338.25	2.4803
338.375	2.4811
338.5	2.4764
338.625	2.4724
338.75	2.4724
338.875	2.4716
339.0	2.474
339.125	2.474
339.25	2.4764
339.375	2.474
339.5	2.4716
339.625	2.4677
339.75	2.4716
339.875	2.4764
340.0	2.4764
340.125	2.4724
340.25	2.4724
340.375	2.4756
340.5	2.4748
340.625	2.4701
340.75	2.4599
340.875	2.4575
341.0	2.4575
341.125	2.4606
341.25	2.4654
341.375	2.4701
341.5	2.4685
341.625	2.4669
341.75	2.4685
341.875	2.4669
342.0	2.4669
342.125	2.4646
342.25	2.463
342.375	2.4677
342.5	2.4646
342.625	2.4669
342.75	2.4669
342.875	2.4669
343.0	2.4709
343.125	2.4669
343.25	2.4716
343.375	2.4716
343.5	2.4716
343.625	2.4716
343.75	2.4779
343.875	2.4772
344.0	2.4756
344.125	2.474
344.25	2.4724
344.375	2.4701
344.5	2.4669
344.625	2.4661
344.75	2.4669
344.875	2.4716
345.0	2.4724
345.125	2.4772
345.25	2.4795
345.375	2.4756
345.5	2.4716
345.625	2.4756
345.75	2.4787
345.875	2.4795
346.0	2.4787
346.125	2.4779
346.25	2.4764
346.375	2.4748
346.5	2.4748
346.625	2.4748
346.75	2.4764
346.875	2.4732
347.0	2.4748
347.125	2.4787
347.25	2.4803
347.375	2.4811
347.5	2.485
347.625	2.4811
347.75	2.4811
347.875	2.4866
348.0	2.4905
348.125	2.4905
348.25	2.4858
348.375	2.4952
348.5	2.4905
348.625	2.4897
348.75	2.4858
348.875	2.4929
349.0	2.4929
349.125	2.4976
349.25	2.5015
349.375	2.5007
349.5	2.5047
349.625	2.511
349.75	2.5117
349.875	2.5094
350.0	2.5094
350.125	2.5094
350.25	2.5141
350.375	2.5149
350.5	2.5165
350.625	2.5227
350.75	2.5283
350.875	2.5267
351.0	2.5338
351.125	2.5345
351.25	2.5385
351.375	2.54
351.5	2.5424
351.625	2.5487
351.75	2.5526
351.875	2.5487
352.0	2.5597
352.125	2.5621
352.25	2.5613
352.375	2.5644
352.5	2.5676
352.625	2.5731
352.75	2.5778
352.875	2.5849
353.0	2.5833
353.125	2.5849
353.25	2.5872
353.375	2.5904
353.5	2.5896
353.625	2.5943
353.75	2.5974
353.875	2.5982
354.0	2.6037
354.125	2.6116
354.25	2.6194
354.375	2.6179
354.5	2.6242
354.625	2.6312
354.75	2.632
354.875	2.6407
355.0	2.6446
355.125	2.6525
355.25	2.6603
355.375	2.6658
355.5	2.6698
355.625	2.6776
355.75	2.6753
355.875	2.6768
356.0	2.6902
356.125	2.6894
356.25	2.6965
356.375	2.6988
356.5	2.7083
356.625	2.724
356.75	2.7256
356.875	2.7272
357.0	2.7389
357.125	2.75
357.25	2.7547
357.375	2.7539
357.5	2.7641
357.625	2.7704
357.75	2.779
357.875	2.79
358.0	2.7963
358.125	2.805
358.25	2.7979
358.375	2.8113
358.5	2.8215
358.625	2.8325
358.75	2.8411
358.875	2.8443
359.0	2.8537
359.125	2.8694
359.25	2.8734
359.375	2.8726
359.5	2.8875
359.625	2.8915
359.75	2.9009
359.875	2.9088
360.0	2.9158
360.125	2.9229
360.25	2.9268
360.375	2.9394
360.5	2.9449
360.625	2.9583
360.75	2.9638
360.875	2.9756
361.0	2.9866
361.125	3.0031
361.25	3.0157
361.375	3.0259
361.5	3.0361
361.625	3.0377
361.75	3.0432
361.875	3.0566
362.0	3.0683
362.125	3.0825
362.25	3.0982
362.375	3.1045
362.5	3.1202
362.625	3.1415
362.75	3.1556
362.875	3.1611
363.0	3.1698
363.125	3.1792
363.25	3.1847
363.375	3.2044
363.5	3.2075
363.625	3.2154
363.75	3.2287
363.875	3.2413
364.0	3.2547
364.125	3.2649
364.25	3.3054
364.375	3.318
364.5	3.3322
364.625	3.34
364.75	3.3534
364.875	3.3605
365.0	3.3793
365.125	3.3911
365.25	3.4053
365.375	3.4249
365.5	3.4281
365.625	3.4493
365.75	3.4627
365.875	3.4737
366.0	3.4902
366.125	3.4988
366.25	3.5114
366.375	3.5318
366.5	3.546
366.625	3.5641
366.75	3.5727
366.875	3.5861
367.0	3.5916
367.125	3.6065
367.25	3.6207
367.375	3.634
367.5	3.6537
367.625	3.6561
367.75	3.6789
367.875	3.6922
368.0	3.7111
368.125	3.7362
368.25	3.7496
368.375	3.7606
368.5	3.7771
368.625	3.7952
368.75	3.8031
368.875	3.8196
369.0	3.8306
369.125	3.8471
369.25	3.8644
369.375	3.8778
369.5	3.8872
369.625	3.8982
369.75	3.9076
369.875	3.9226
370.0	3.9399
370.125	3.9454
370.25	3.9744
370.375	3.9886
370.5	4.0035
370.625	4.0083
370.75	4.0208
370.875	4.0303
371.0	4.0562
371.125	4.0735
371.25	4.0892
371.375	4.1105
371.5	4.1222
371.625	4.1364
371.75	4.1529
371.875	4.1568
372.0	4.1733
372.125	4.1804
372.25	4.1954
372.375	4.2119
372.5	4.2189
372.625	4.2425
372.75	4.2653
372.875	4.2771
373.0	4.2905
373.125	4.3039
373.25	4.3149
373.375	4.3243
373.5	4.3369
373.625	4.3667
373.75	4.3667
373.875	4.3825
374.0	4.3895
374.125	4.3927
374.25	4.4131
374.375	4.4328
374.5	4.4438
374.625	4.4556
374.75	4.4642
374.875	4.4737
375.0	4.4807
375.125	4.4925
375.25	4.5067
375.375	4.5216
375.5	4.5397
375.625	4.5562
375.75	4.5688
375.875	4.5735
376.0	4.5829
376.125	4.601
376.25	4.6128
376.375	4.6222
376.5	4.6285
376.625	4.6388
376.75	4.6568
376.875	4.6663
377.0	4.6765
377.125	4.6961
377.25	4.7048
377.375	4.7017
377.5	4.7111
377.625	4.7292
377.75	4.7378
377.875	4.7378
378.0	4.7394
378.125	4.7378
378.25	4.7378
378.375	4.7378
378.5	4.7378
378.625	4.7378
378.75	4.7378
378.875	4.7386
379.0	4.7378
379.125	4.7378
379.25	4.7378
379.375	4.7378
379.5	4.7378
379.625	4.7378
379.75	4.7378
379.875	4.7378
380.0	4.7378
380.125	4.7378
380.25	4.7394
380.375	4.7378
380.5	4.7378
380.625	4.7378
380.75	4.7378
380.875	4.7378
381.0	4.7378
381.125	4.7378
381.25	4.7378
381.375	4.7378
381.5	4.7386
381.625	4.7386
381.75	4.7378
381.875	4.7378
382.0	4.7378
382.125	4.7378
382.25	4.7378
382.375	4.7378
382.5	4.7378
382.625	4.7378
382.75	4.7378
382.875	4.7386
383.0	4.7378
383.125	4.7378
383.25	4.7378
383.375	4.7378
383.5	4.7378
383.625	4.7378
383.75	4.7378
383.875	4.7378
384.0	4.7378
384.125	4.7378
384.25	4.7378
384.375	4.7386
384.5	4.7378
384.625	4.7378
384.75	4.7378
384.875	4.7378
385.0	4.7378
385.125	4.7378
385.25	4.7378
385.375	4.7378
385.5	4.7378
385.625	4.737
385.75	4.7386
385.875	4.7378
386.0	4.7378
386.125	4.7378
386.25	4.7378
386.375	4.7378
386.5	4.7378
386.625	4.7378
386.75	4.7378
386.875	4.7378
387.0	4.7378
387.125	4.7378
387.25	4.7378
387.375	4.7378
387.5	4.737
387.625	4.7378
387.75	4.7378
387.875	4.7378
388.0	4.7378
388.125	4.7378
388.25	4.7378
388.375	4.7378
388.5	4.7378
388.625	4.7378
388.75	4.7378
388.875	4.7378
389.0	4.7362
389.125	4.7378
389.25	4.7378
389.375	4.7378
389.5	4.7378
389.625	4.7378
389.75	4.7378
389.875	4.7378
390.0	4.7378
390.125	4.7378
390.25	4.7378
390.375	4.7378
390.5	4.7378
390.625	4.7378
390.75	4.7378
390.875	4.7394
391.0	4.7378
391.125	4.7362
391.25	4.7378
391.375	4.7378
391.5	4.7378
391.625	4.7378
391.75	4.7378
391.875	4.7378
392.0	4.7378
392.125	4.7378
392.25	4.7386
392.375	4.7386
392.5	4.737
392.625	4.7378
392.75	4.7378
392.875	4.7378
393.0	4.7378
393.125	4.7378
393.25	4.7378
393.375	4.7378
393.5	4.7378
393.625	4.7378
393.75	4.7378
393.875	4.7378
394.0	4.7386
394.125	4.7378
394.25	4.7386
394.375	4.7378
394.5	4.7378
394.625	4.737
394.75	4.7378
394.875	4.7378
395.0	4.7378
395.125	4.7378
395.25	4.737
395.375	4.7378
395.5	4.7378
395.625	4.7378
395.75	4.7378
395.875	4.737
396.0	4.7378
396.125	4.7378
396.25	4.7378
396.375	4.737
396.5	4.7378
396.625	4.7378
396.75	4.7378
396.875	4.7378
397.0	4.7378
397.125	4.7378
397.25	4.7362
397.375	4.7378
397.5	4.7378
397.625	4.7362
397.75	4.7378
397.875	4.7355
398.0	4.7378
398.125	4.7386
398.25	4.7378
398.375	4.7378
398.5	4.7386
398.625	4.7362
398.75	4.7378
398.875	4.7378
399.0	4.7378
399.125	4.7386
399.25	4.7378
399.375	4.7378
399.5	4.7362
399.625	4.7378
399.75	4.737
399.875	4.7378
400.0	4.7378
400.125	4.7378
400.25	4.737
400.375	4.7378
400.5	4.7378
400.625	4.7378
400.75	4.7378
400.875	4.7378
401.0	4.7378
401.125	4.7378
401.25	4.7378
401.375	4.7378
401.5	4.737
401.625	4.7362
401.75	4.7378
401.875	4.7378
402.0	4.7394
402.125	4.7378
402.25	4.7378
402.375	4.737
402.5	4.737
402.625	4.7378
402.75	4.7378
402.875	4.7378
403.0	4.7378
403.125	4.7378
403.25	4.7378
403.375	4.737
403.5	4.7378
403.625	4.7378
403.75	4.7378
403.875	4.737
404.0	4.7378
404.125	4.7362
404.25	4.7362
404.375	4.7378
404.5	4.7378
404.625	4.7355
404.75	4.7378
404.875	4.7378
405.0	4.7378
405.125	4.7362
405.25	4.737
405.375	4.7378
405.5	4.7378
405.625	4.7378
405.75	4.7386
405.875	4.7378
406.0	4.7378
406.125	4.7378
406.25	4.7378
406.375	4.7362
406.5	4.7378
406.625	4.7378
406.75	4.7378
406.875	4.7362
407.0	4.7378
407.125	4.737
407.25	4.7378
407.375	4.7378
407.5	4.7362
407.625	4.7378
407.75	4.7378
407.875	4.7386
408.0	4.7378
408.125	4.737
408.25	4.7378
408.375	4.7378
408.5	4.737
408.625	4.7378
408.75	4.7378
408.875	4.7378
409.0	4.7378
409.125	4.7378
409.25	4.7378
409.375	4.7378
409.5	4.7378
409.625	4.737
409.75	4.7378
409.875	4.7378
410.0	4.7378
410.125	4.7378
410.25	4.7378
410.375	4.7378
410.5	4.7378
410.625	4.7378
410.75	4.7378
410.875	4.7386
411.0	4.737
411.125	4.7378
411.25	4.7378
411.375	4.7386
411.5	4.7378
411.625	4.7378
411.75	4.7378
411.875	4.7378
412.0	4.7378
412.125	4.7378
412.25	4.7378
412.375	4.7378
412.5	4.7378
412.625	4.7378
412.75	4.7378
412.875	4.7378
413.0	4.7378
413.125	4.7378
413.25	4.7378
413.375	4.7378
413.5	4.7378
413.625	4.7378
413.75	4.7378
413.875	4.7378
414.0	4.7378
414.125	4.7378
414.25	4.7378
414.375	4.7378
414.5	4.7378
414.625	4.7378
414.75	4.7378
414.875	4.7378
415.0	4.737
415.125	4.737
415.25	4.7378
415.375	4.7378
415.5	4.7378
415.625	4.7378
415.75	4.7378
415.875	4.7362
416.0	4.7386
416.125	4.737
416.25	4.7378
416.375	4.737
416.5	4.7378
416.625	4.7362
416.75	4.7378
416.875	4.737
417.0	4.7378
417.125	4.7378
417.25	4.7378
417.375	4.7362
417.5	4.7378
417.625	4.7378
417.75	4.7378
417.875	4.7386
418.0	4.7378
418.125	4.737
418.25	4.7378
418.375	4.7378
418.5	4.7378
418.625	4.737
418.75	4.7378
418.875	4.737
419.0	4.7378
419.125	4.7378
419.25	4.7378
419.375	4.7378
419.5	4.7378
419.625	4.7378
419.75	4.7378
419.875	4.7378
420.0	4.7378
420.125	4.7378
420.25	4.7378
420.375	4.7378
420.5	4.7378
420.625	4.7378
420.75	4.7378
420.875	4.7378
421.0	4.7378
421.125	4.7378
421.25	4.737
421.375	4.7378
421.5	4.7378
421.625	4.7378
421.75	4.7378
421.875	4.737
422.0	4.7378
422.125	4.7378
422.25	4.7378
422.375	4.7378
422.5	4.7378
422.625	4.7378
422.75	4.7378
422.875	4.7378
423.0	4.7378
423.125	4.7378
423.25	4.7378
423.375	4.7378
423.5	4.7378
423.625	4.7378
423.75	4.7378
423.875	4.7378
424.0	4.7378
424.125	4.7378
424.25	4.7362
424.375	4.7378
424.5	4.7378
424.625	4.7378
424.75	4.7378
424.875	4.7378
425.0	4.737
425.125	4.7378
425.25	4.7378
425.375	4.7378
425.5	4.7378
425.625	4.7378
425.75	4.7378
425.875	4.7355
426.0	4.7362
426.125	4.7378
426.25	4.7378
426.375	4.7378
426.5	4.7378
426.625	4.7378
426.75	4.7378
426.875	4.7378
427.0	4.7378
427.125	4.7378
427.25	4.7355
427.375	4.737
427.5	4.7378
427.625	4.7378
427.75	4.737
427.875	4.7378
428.0	4.737
428.125	4.7378
428.25	4.7378
428.375	4.7378
428.5	4.7378
428.625	4.7378
428.75	4.7378
428.875	4.7378
429.0	4.7378
429.125	4.7378
429.25	4.7378
429.375	4.7378
429.5	4.737
429.625	4.7378
429.75	4.7378
429.875	4.7378
430.0	4.737
430.125	4.7378
430.25	4.7378
430.375	4.7378
430.5	4.737
430.625	4.7378
430.75	4.7378
430.875	4.7378
431.0	4.7378
431.125	4.7378
431.25	4.7378
431.375	4.7378
431.5	4.7378
431.625	4.7378
431.75	4.7378
431.875	4.737
432.0	4.7378
432.125	4.7362
432.25	4.7378
432.375	4.737
432.5	4.7378
432.625	4.7378
432.75	4.7378
432.875	4.7378
433.0	4.7378
433.125	4.7362
433.25	4.737
433.375	4.7355
433.5	4.7378
433.625	4.7347
433.75	4.7378
433.875	4.7378
434.0	4.7378
434.125	4.7362
434.25	4.737
434.375	4.737
434.5	4.7355
434.625	4.737
434.75	4.737
434.875	4.7378
435.0	4.737
435.125	4.7378
435.25	4.737
435.375	4.737
435.5	4.737
435.625	4.7378
435.75	4.7378
435.875	4.7378
436.0	4.7378
436.125	4.7378
436.25	4.7378
436.375	4.7378
436.5	4.737
436.625	4.737
436.75	4.7378
436.875	4.737
437.0	4.7378
437.125	4.7378
437.25	4.7378
437.375	4.737
437.5	4.737
437.625	4.7386
437.75	4.737
437.875	4.7378
438.0	4.7378
438.125	4.7378
438.25	4.737
438.375	4.7378
438.5	4.7378
438.625	4.7355
438.75	4.7378
438.875	4.7378
439.0	4.7362
439.125	4.7378
439.25	4.7378
439.375	4.7355
439.5	4.7378
439.625	4.7362
439.75	4.7362
439.875	4.7362
440.0	4.7339
440.125	4.7378
440.25	4.7378
440.375	4.7378
440.5	4.7339
440.625	4.7378
440.75	4.737
440.875	4.7339
441.0	4.7378
441.125	4.7378
441.25	4.7378
441.375	4.7347
441.5	4.7362
441.625	4.7362
441.75	4.737
441.875	4.7362
442.0	4.7339
442.125	4.7362
442.25	4.7362
442.375	4.7362
442.5	4.7339
442.625	4.737
442.75	4.737
442.875	4.737
443.0	4.7362
443.125	4.7378
443.25	4.737
443.375	4.7355
443.5	4.7339
443.625	4.7378
443.75	4.7362
443.875	4.7355
444.0	4.737
444.125	4.7347
444.25	4.7355
444.375	4.7362
444.5	4.7378
444.625	4.737
444.75	4.7347
444.875	4.7362
445.0	4.7362
445.125	4.737
445.25	4.7347
445.375	4.7347
445.5	4.737
445.625	4.7362
445.75	4.7339
445.875	4.7378
446.0	4.7362
446.125	4.7347
446.25	4.7347
446.375	4.7355
446.5	4.7347
446.625	4.7362
446.75	4.7362
446.875	4.7362
447.0	4.7362
447.125	4.7378
447.25	4.7339
447.375	4.7362
447.5	4.737
447.625	4.7339
447.75	4.7378
447.875	4.7347
448.0	4.737
448.125	4.7355
448.25	4.7378
448.375	4.7347
448.5	4.7362
448.625	4.7362
448.75	4.7355
448.875	4.7355
449.0	4.7362
449.125	4.7362
449.25	4.7362
449.375	4.737
449.5	4.7347
449.625	4.7347
449.75	4.7355
449.875	4.7355
450.0	4.7355
450.125	4.7347
450.25	4.7339
450.375	4.7347
450.5	4.7347
450.625	4.7331
450.75	4.7347
450.875	4.7355
451.0	4.7355
451.125	4.7347
451.25	4.7339
451.375	4.7347
451.5	4.7362
451.625	4.7355
451.75	4.7339
451.875	4.7362
452.0	4.7355
452.125	4.7339
452.25	4.7339
452.375	4.7331
452.5	4.7355
452.625	4.7347
452.75	4.7355
452.875	4.7331
453.0	4.7355
453.125	4.7355
453.25	4.7331
453.375	4.7339
453.5	4.7355
453.625	4.7347
453.75	4.7347
453.875	4.7339
454.0	4.7331
454.125	4.737
454.25	4.7331
454.375	4.7331
454.5	4.7331
454.625	4.7362
454.75	4.7347
454.875	4.7339
455.0	4.7331
455.125	4.7331
455.25	4.7355
455.375	4.7362
455.5	4.7347
455.625	4.7362
455.75	4.7331
455.875	4.7331
456.0	4.7331
456.125	4.7347
456.25	4.7347
456.375	4.7347
456.5	4.7347
456.625	4.7339
456.75	4.7331
456.875	4.7347
457.0	4.7331
457.125	4.7331
457.25	4.7347
457.375	4.7355
457.5	4.7339
457.625	4.7331
457.75	4.7362
457.875	4.7355
458.0	4.7362
458.125	4.737
458.25	4.7362
458.375	4.7362
458.5	4.7362
458.625	4.7331
458.75	4.7355
458.875	4.7355
459.0	4.7347
459.125	4.7355
459.25	4.7347
459.375	4.7331
459.5	4.7347
459.625	4.7339
459.75	4.7347
459.875	4.7339
460.0	4.7331
460.125	4.7339
460.25	4.7339
460.375	4.7347
460.5	4.7331
460.625	4.7347
460.75	4.7355
460.875	4.7355
461.0	4.7331
461.125	4.7339
461.25	4.7339
461.375	4.7362
461.5	4.7362
461.625	4.7331
461.75	4.7362
461.875	4.7362
462.0	4.7362
462.125	4.7355
462.25	4.7347
462.375	4.7355
462.5	4.737
462.625	4.737
462.75	4.7355
462.875	4.7362
463.0	4.7362
463.125	4.7362
463.25	4.7339
463.375	4.7362
463.5	4.7347
463.625	4.7362
463.75	4.7355
463.875	4.7347
464.0	4.7355
464.125	4.7355
464.25	4.7355
464.375	4.7355
464.5	4.7362
464.625	4.7362
464.75	4.7347
464.875	4.7362
465.0	4.7347
465.125	4.7362
465.25	4.7347
465.375	4.7339
465.5	4.7378
465.625	4.7355
465.75	4.7355
465.875	4.7355
466.0	4.7347
466.125	4.7362
466.25	4.7347
466.375	4.737
466.5	4.7362
466.625	4.7362
466.75	4.7362
466.875	4.737
467.0	4.7339
467.125	4.7362
467.25	4.7362
467.375	4.737
467.5	4.7378
467.625	4.7347
467.75	4.7355
467.875	4.7355
468.0	4.7362
468.125	4.7355
468.25	4.7362
468.375	4.7362
468.5	4.7362
468.625	4.7355
468.75	4.7362
468.875	4.7362
469.0	4.7355
469.125	4.737
469.25	4.7362
469.375	4.737
469.5	4.7362
469.625	4.7355
469.75	4.7331
469.875	4.737
470.0	4.737
470.125	4.7378
470.25	4.7347
470.375	4.7378
470.5	4.737
470.625	4.7355
470.75	4.7362
470.875	4.7362
471.0	4.7339
471.125	4.7362
471.25	4.737
471.375	4.7378
471.5	4.7362
471.625	4.7378
471.75	4.7355
471.875	4.7362
472.0	4.7378
472.125	4.7362
472.25	4.7362
472.375	4.7362
472.5	4.737
472.625	4.7378
472.75	4.7339
472.875	4.737
473.0	4.7378
473.125	4.737
473.25	4.7362
473.375	4.7355
473.5	4.737
473.625	4.7355
473.75	4.7355
473.875	4.7378
474.0	4.7378
474.125	4.7378
474.25	4.737
474.375	4.7362
474.5	4.737
474.625	4.7362
474.75	4.7362
474.875	4.7355
475.0	4.7378
475.125	4.7378
475.25	4.7378
475.375	4.737
475.5	4.7378
475.625	4.7362
475.75	4.7362
475.875	4.7362
476.0	4.7347
476.125	4.7362
476.25	4.7362
476.375	4.7339
476.5	4.7378
476.625	4.7362
476.75	4.7355
476.875	4.7347
477.0	4.7048
477.125	4.6616
477.25	4.623
477.375	4.5845
477.5	4.5452
477.625	4.5122
477.75	4.4776
477.875	4.4422
478.0	4.4068
478.125	4.3691
478.25	4.3337
478.375	4.3031
478.5	4.2661
478.625	4.2323
478.75	4.1985
478.875	4.1694
479.0	4.134
479.125	4.1065
479.25	4.0743
479.375	4.0452
479.5	4.0114
479.625	3.9847
479.75	3.9556
479.875	3.9226
480.0	3.8966
480.125	3.8722
480.25	3.8439
480.375	3.8211
480.5	3.7928
480.625	3.7693
480.75	3.7441
480.875	3.7213
481.0	3.6985
481.125	3.6749
481.25	3.6537
481.375	3.6309
481.5	3.6128
481.625	3.5916
481.75	3.5727
481.875	3.5507
482.0	3.5318
482.125	3.5161
482.25	3.5004
482.375	3.4831
482.5	3.4658
482.625	3.4532
482.75	3.4336
482.875	3.421
483.0	3.4037
483.125	3.3864
483.25	3.3762
483.375	3.3605
483.5	3.3471
483.625	3.3329
483.75	3.3211
483.875	3.3031
484.0	3.2696
484.125	3.2515
484.25	3.2429
484.375	3.2279
484.5	3.2185
484.625	3.2051
484.75	3.1973
484.875	3.1863
485.0	3.1705
485.125	3.1635
485.25	3.1533
485.375	3.1454
485.5	3.132
485.625	3.121
485.75	3.1139
485.875	3.1053
486.0	3.0959
486.125	3.0864
486.25	3.0738
486.375	3.066
486.5	3.0613
486.625	3.0526
486.75	3.0432
486.875	3.0369
487.0	3.0283
487.125	3.0188
487.25	3.0125
487.375	3.007
487.5	2.9968
487.625	2.9889
487.75	2.9827
487.875	2.9716
488.0	2.9669
488.125	2.9622
488.25	2.952
488.375	2.9481
488.5	2.9394
488.625	2.9323
488.75	2.9276
488.875	2.9221
489.0	2.915
489.125	2.9103
489.25	2.9033
489.375	2.897
489.5	2.8899
489.625	2.8828
489.75	2.8773
489.875	2.8718
490.0	2.8694
490.125	2.8624
490.25	2.8561
490.375	2.8506
490.5	2.8459
490.625	2.8411
490.75	2.8356
490.875	2.8309
491.0	2.8262
491.125	2.8207
491.25	2.8176
491.375	2.8113
491.5	2.8058
491.625	2.8011
491.75	2.7971
491.875	2.794
492.0	2.7893
492.125	2.7853
492.25	2.7845
492.375	2.7775
492.5	2.7735
492.625	2.7735
492.75	2.7696
492.875	2.7657
493.0	2.7649
493.125	2.7625
493.25	2.7586
493.375	2.7539
493.5	2.7531
493.625	2.7523
493.75	2.7484
493.875	2.7492
494.0	2.746
494.125	2.7452
494.25	2.746
494.375	2.7421
494.5	2.7437
494.625	2.7437
494.75	2.7405
494.875	2.7405
495.0	2.7405
495.125	2.7413
495.25	2.7405
495.375	2.7413
495.5	2.7413
495.625	2.7413
495.75	2.7437
495.875	2.7452
496.0	2.7437
496.125	2.7484
496.25	2.7492
496.375	2.75
496.5	2.7539
496.625	2.7555
496.75	2.7562
496.875	2.761
497.0	2.7625
497.125	2.7641
497.25	2.7688
497.375	2.7696
497.5	2.7743
497.625	2.7783
497.75	2.7798
497.875	2.7838
498.0	2.7877
498.125	2.7908
498.25	2.7932
498.375	2.7971
498.5	2.805
498.625	2.8058
498.75	2.8113
498.875	2.8176
499.0	2.8183
499.125	2.827
499.25	2.8309
499.375	2.8333
499.5	2.8388
499.625	2.8459
499.75	2.8498
499.875	2.8561
500.0	2.8608
500.125	2.8679
500.25	2.8734
500.375	2.8812
500.5	2.8867
500.625	2.8891
500.75	2.897
500.875	2.9009
501.0	2.9088
501.125	2.9135
501.25	2.9229
501.375	2.93
501.5	2.9355
501.625	2.9433
501.75	2.9481
501.875	2.9567
502.0	2.963
502.125	2.9677
502.25	2.9756
502.375	2.9834
502.5	2.9905
502.625	2.9976
502.75	3.0055
502.875	3.0125
503.0	3.0172
503.125	3.0259
503.25	3.0361
503.375	3.0393
503.5	3.0471
503.625	3.0534
503.75	3.0628
503.875	3.0699
504.0	3.0746
504.125	3.0833
504.25	3.0911
504.375	3.099
504.5	3.1092
504.625	3.1163
504.75	3.125
504.875	3.1336
505.0	3.1383
505.125	3.1485
505.25	3.1588
505.375	3.1635
505.5	3.1713
505.625	3.1784
505.75	3.1839
505.875	3.1941
506.0	3.202
506.125	3.2122
506.25	3.2201
506.375	3.2287
506.5	3.2334
506.625	3.2437
506.75	3.2531
506.875	3.2602
507.0	3.268
507.125	3.2759
507.25	3.3109
507.375	3.3164
507.5	3.3219
507.625	3.3345
507.75	3.3424
507.875	3.3487
508.0	3.3605
508.125	3.3644
508.25	3.3722
508.375	3.3809
508.5	3.388
508.625	3.3982
508.75	3.4045
508.875	3.4116
509.0	3.4202
509.125	3.4296
509.25	3.4359
509.375	3.4461
509.5	3.4524
509.625	3.4611
509.75	3.465
509.875	3.4737
510.0	3.4807
510.125	3.4894
510.25	3.4965
510.375	3.5051
510.5	3.5098
510.625	3.5177
510.75	3.5263
510.875	3.5342
511.0	3.5358
511.125	3.5476
511.25	3.5554
511.375	3.5633
511.5	3.5704
511.625	3.5782
511.75	3.5829
511.875	3.5916
512.0	3.5994
512.125	3.605
512.25	3.6128
512.375	3.6199
512.5	3.6246
512.625	3.6364
512.75	3.6419
512.875	3.6482
513.0	3.6568
513.125	3.6623
513.25	3.6694
513.375	3.6773
513.5	3.6836
513.625	3.6891
513.75	3.6969
513.875	3.7032
514.0	3.7103
514.125	3.7174
514.25	3.7237
514.375	3.7307
514.5	3.7339
514.625	3.7433
514.75	3.7504
514.875	3.7567
515.0	3.7638
515.125	3.77
515.25	3.7756
515.375	3.7826
515.5	3.7913
515.625	3.7928
515.75	3.8015
515.875	3.8086
516.0	3.8117
516.125	3.8196
516.25	3.8219
516.375	3.829
516.5	3.8345
516.625	3.8144
516.75	3.8463
516.875	3.8518
517.0	3.8589
517.125	3.866
517.25	3.8675
517.375	3.873
517.5	3.8817
517.625	3.888
517.75	3.8935
517.875	3.8966
518.0	3.9037
518.125	3.9076
518.25	3.9147
518.375	3.9186
518.5	3.9265
518.625	3.9304
518.75	3.9351
518.875	3.9399
519.0	3.943
519.125	3.9477
519.25	3.9548
519.375	3.9579
519.5	3.9627
519.625	3.9666
519.75	3.9721
519.875	3.9768
520.0	3.9807
520.125	3.9847
520.25	3.9894
520.375	3.9949
520.5	3.9972
520.625	4.0012
520.75	4.0075
520.875	4.0138
521.0	4.0169
521.125	4.02
521.25	4.0256
521.375	4.0279
521.5	4.0311
521.625	4.0373
521.75	4.0405
521.875	4.046
522.0	4.0523
522.125	4.0539
522.25	4.0562
522.375	4.0641
522.5	4.0625
522.625	4.0633
522.75	4.0672
522.875	4.0727
523.0	4.0727
523.125	4.0751
523.25	4.0822
523.375	4.0861
523.5	4.0869
523.625	4.0916
523.75	4.0947
523.875	4.0963
524.0	4.101
524.125	4.1081
524.25	4.105
524.375	4.112
524.5	4.1105
524.625	4.1152
524.75	4.1144
524.875	4.1199
525.0	4.1215
525.125	4.123
525.25	4.123
525.375	4.1278
525.5	4.1285
525.625	4.1317
525.75	4.1325
525.875	4.1356
526.0	4.1388
526.125	4.1411
526.25	4.1435
526.375	4.1395
526.5	4.1458
526.625	4.1466
526.75	4.1482
526.875	4.1521
527.0	4.1482
527.125	4.1584
527.25	4.1576
527.375	4.1553
527.5	4.16
527.625	4.1616
527.75	4.1639
527.875	4.1623
528.0	4.1671
528.125	4.1671
528.25	4.1678
528.375	4.1686
528.5	4.1686
528.625	4.1718
528.75	4.1726
528.875	4.1741
529.0	4.1718
529.125	4.1718
529.25	4.1733
529.375	4.1765
529.5	4.1789
529.625	4.1781
529.75	4.1804
529.875	4.1765
530.0	4.1789
530.125	4.182
530.25	4.1812
530.375	4.182
530.5	4.1844
530.625	4.1844
530.75	4.1851
530.875	4.1812
531.0	4.1828
531.125	4.1859
531.25	4.1867
531.375	4.1851
531.5	4.1859
531.625	4.1899
531.75	4.1859
531.875	4.1851
532.0	4.1836
532.125	4.1859
532.25	4.1859
532.375	4.1851
532.5	4.1859
532.625	4.1859
532.75	4.1851
532.875	4.1875
533.0	4.1859
533.125	4.1851
533.25	4.1844
533.375	4.1875
533.5	4.1899
533.625	4.1875
533.75	4.1867
533.875	4.1883
534.0	4.1891
534.125	4.1867
534.25	4.1859
534.375	4.1867
534.5	4.1859
534.625	4.1891
534.75	4.1867
534.875	4.1899
535.0	4.1891
535.125	4.1914
535.25	4.1906
535.375	4.193
535.5	4.1946
535.625	4.1954
535.75	4.1985
535.875	4.2001
536.0	4.2032
536.125	4.2064
536.25	4.2103
536.375	4.2095
536.5	4.2166
536.625	4.2182
536.75	4.2174
536.875	4.2189
537.0	4.2166
537.125	4.2134
537.25	4.2127
537.375	4.2095
537.5	4.2048
537.625	4.2024
537.75	4.1985
537.875	4.1914
538.0	4.1812
538.125	4.1757
538.25	4.1733
538.375	4.1671
538.5	4.1576
538.625	4.1584
538.75	4.1545
538.875	4.1537
539.0	4.1474
539.125	4.1435
539.25	4.1403
539.375	4.1364
539.5	4.1317
539.625	4.1317
539.75	4.1293
539.875	4.1246
540.0	4.1262
540.125	4.1199
540.25	4.123
540.375	4.1199
540.5	4.1199
540.625	4.1199
540.75	4.1199
540.875	4.1167
541.0	4.112
541.125	4.1105
541.25	4.1065
541.375	4.1034
541.5	4.1065
541.625	4.105
541.75	4.1002
541.875	4.0971
542.0	4.0994
542.125	4.0947
542.25	4.0916
542.375	4.09
542.5	4.0869
542.625	4.0861
542.75	4.0869
542.875	4.0822
543.0	4.079
543.125	4.0767
543.25	4.0759
543.375	4.0448
543.5	4.0688
543.625	4.0633
543.75	4.0625
543.875	4.0586
544.0	4.0578
544.125	4.0531
544.25	4.0483
544.375	4.0468
544.5	4.0397
544.625	4.0366
544.75	4.0366
544.875	4.0342
545.0	4.0303
545.125	4.0295
545.25	4.0271
545.375	4.0216
545.5	4.0185
545.625	4.0177
545.75	4.0193
545.875	4.0161
546.0	4.0138
546.125	4.0106
546.25	4.0106
546.375	4.0075
546.5	4.0051
546.625	3.9988
546.75	3.9965
546.875	3.9925
547.0	3.9917
547.125	3.9831
547.25	3.9847
547.375	3.9784
547.5	3.9737
547.625	3.9697
547.75	3.9666
547.875	3.9634
548.0	3.9587
548.125	3.9556
548.25	3.9501
548.375	3.9509
548.5	3.9469
548.625	3.9414
548.75	3.9359
548.875	3.9359
549.0	3.9273
549.125	3.9265
549.25	3.9218
549.375	3.9186
549.5	3.9155
549.625	3.9139
549.75	3.9076
549.875	3.9061
550.0	3.9021
550.125	3.8974
550.25	3.8919
550.375	3.8927
550.5	3.8864
550.625	3.8817
550.75	3.877
550.875	3.8746
551.0	3.8715
551.125	3.8652
551.25	3.8605
551.375	3.8565
551.5	3.8542
551.625	3.8479
551.75	3.8447
551.875	3.8408
552.0	3.8384
552.125	3.8337
552.25	3.8337
552.375	3.8243
552.5	3.8227
552.625	3.8196
552.75	3.8149
552.875	3.8133
553.0	3.8062
553.125	3.8039
553.25	3.7968
553.375	3.796
553.5	3.7921
553.625	3.7881
553.75	3.7834
553.875	3.7795
554.0	3.7787
554.125	3.7732
554.25	3.77
554.375	3.763
554.5	3.763
554.625	3.7583
554.75	3.7567
554.875	3.7504
555.0	3.748
555.125	3.7425
555.25	3.7378
555.375	3.7331
555.5	3.7307
555.625	3.7284
555.75	3.7244
555.875	3.7229
556.0	3.7197
556.125	3.7142
556.25	3.7095
556.375	3.7072
556.5	3.7009
556.625	3.6977
556.75	3.6946
556.875	3.6906
557.0	3.6844
557.125	3.6812
557.25	3.6781
557.375	3.6749
557.5	3.6718
557.625	3.6655
557.75	3.6616
557.875	3.6584
558.0	3.6529
558.125	3.6498
558.25	3.6482
558.375	3.6435
558.5	3.6403
558.625	3.6333
558.75	3.6348
558.875	3.627
559.0	3.6254
559.125	3.6191
559.25	3.6167
559.375	3.6097
559.5	3.6065
559.625	3.6018
559.75	3.5994
559.875	3.5955
560.0	3.59
560.125	3.5877
560.25	3.5822
560.375	3.5782
560.5	3.5751
560.625	3.5704
560.75	3.5672
560.875	3.5656
561.0	3.5586
561.125	3.5554
561.25	3.5491
561.375	3.5476
561.5	3.5436
561.625	3.5389
561.75	3.5318
561.875	3.5311
562.0	3.5224
562.125	3.5193
562.25	3.5161
562.375	3.5106
562.5	3.509
562.625	3.502
562.75	3.4972
562.875	3.4949
563.0	3.4925
563.125	3.4862
563.25	3.4823
563.375	3.4776
563.5	3.4744
563.625	3.4729
563.75	3.4674
563.875	3.4634
564.0	3.4587
564.125	3.4524
564.25	3.4493
564.375	3.4422
564.5	3.4399
564.625	3.4359
564.75	3.4312
564.875	3.4249
565.0	3.421
565.125	3.4139
565.25	3.4131
565.375	3.4092
565.5	3.4045
565.625	3.4006
565.75	3.3935
565.875	3.3903
566.0	3.388
566.125	3.3833
566.25	3.3746
566.375	3.3762
566.5	3.3667
566.625	3.3644
566.75	3.3597
566.875	3.3542
567.0	3.3479
567.125	3.3471
567.25	3.3416
567.375	3.3377
567.5	3.3353
567.625	3.329
567.75	3.3282
567.875	3.3211
568.0	3.3172
568.125	3.3133
568.25	3.3046
568.375	3.3031
568.5	3.272
568.625	3.2688
568.75	3.2641
568.875	3.2562
569.0	3.2523
569.125	3.2507
569.25	3.2452
569.375	3.2413
569.5	3.2389
569.625	3.2295
569.75	3.2287
569.875	3.2224
570.0	3.2161
570.125	3.2138
570.25	3.2075
570.375	3.2028
570.5	3.2004
570.625	3.1965
570.75	3.1918
570.875	3.1871
571.0	3.1831
571.125	3.18
571.25	3.1721
571.375	3.1713
571.5	3.165
571.625	3.1603
571.75	3.154
571.875	3.1533
572.0	3.1493
572.125	3.1438
572.25	3.1375
572.375	3.136
572.5	3.1273
572.625	3.1226
572.75	3.1202
572.875	3.1171
573.0	3.1124
573.125	3.1084
573.25	3.1022
573.375	3.0959
573.5	3.0911
573.625	3.0911
573.75	3.0856
573.875	3.0817
574.0	3.0778
574.125	3.0691
574.25	3.0676
574.375	3.066
574.5	3.055
574.625	3.0526
574.75	3.0503
574.875	3.0479
575.0	3.0432
575.125	3.0377
575.25	3.033
575.375	3.0275
575.5	3.0212
575.625	3.0204
575.75	3.0165
575.875	3.0102
576.0	3.0086
576.125	3.0031
576.25	3.0
576.375	2.9929
576.5	2.9905
576.625	2.985
576.75	2.9803
576.875	2.9772
577.0	2.9724
577.125	2.9701
577.25	2.9606
577.375	2.9622
577.5	2.9536
577.625	2.9512
577.75	2.9449
577.875	2.9394
578.0	2.9339
578.125	2.9268
578.25	2.9245
578.375	2.9174
578.5	2.9135
578.625	2.9056
578.75	2.9033
578.875	2.8962
579.0	2.893
579.125	2.8867
579.25	2.8828
579.375	2.8797
579.5	2.871
579.625	2.8687
579.75	2.8663
579.875	2.8632
580.0	2.8584
580.125	2.8553
580.25	2.8466
580.375	2.8451
580.5	2.8372
580.625	2.8356
580.75	2.8286
580.875	2.8223
581.0	2.8199
581.125	2.8152
581.25	2.8105
581.375	2.8034
581.5	2.7979
581.625	2.794
581.75	2.7869
581.875	2.7814
582.0	2.7798
582.125	2.7767
582.25	2.7704
582.375	2.7672
582.5	2.7594
582.625	2.7555
582.75	2.7507
582.875	2.746
583.0	2.7429
583.125	2.7405
583.25	2.7358
583.375	2.7311
583.5	2.724
583.625	2.7177
583.75	2.7169
583.875	2.7138
584.0	2.7059
584.125	2.7004
584.25	2.6965
584.375	2.6918
584.5	2.6878
584.625	2.6839
584.75	2.6784
584.875	2.6745
585.0	2.6713
585.125	2.669
585.25	2.6611
585.375	2.6564
585.5	2.6548
585.625	2.6462
585.75	2.6407
585.875	2.6375
586.0	2.6328
586.125	2.6257
586.25	2.6218
586.375	2.6163
586.5	2.6108
586.625	2.6077
586.75	2.6006
586.875	2.5951
587.0	2.5888
587.125	2.5849
587.25	2.5794
587.375	2.5762
587.5	2.5738
587.625	2.566
587.75	2.5636
587.875	2.5558
588.0	2.5526
588.125	2.5455
588.25	2.5408
588.375	2.5345
588.5	2.5338
588.625	2.5259
588.75	2.522
588.875	2.5157
589.0	2.5094
589.125	2.5055
589.25	2.5
589.375	2.4976
589.5	2.4937
589.625	2.4874
589.75	2.4819
589.875	2.4764
590.0	2.474
590.125	2.4677
590.25	2.4606
590.375	2.4575
590.5	2.4496
590.625	2.4488
590.75	2.4394
590.875	2.4394
591.0	2.4323
591.125	2.4292
591.25	2.4245
591.375	2.419
591.5	2.4119
591.625	2.4072
591.75	2.4033
591.875	2.3977
592.0	2.3938
592.125	2.3915
592.25	2.3852
592.375	2.3805
592.5	2.3734
592.625	2.3694
592.75	2.3679
592.875	2.3608
593.0	2.3561
593.125	2.349
593.25	2.3443
593.375	2.3404
593.5	2.3349
593.625	2.3301
593.75	2.3262
593.875	2.3207
594.0	2.316
594.125	2.3081
594.25	2.305
594.375	2.2995
594.5	2.2971
594.625	2.2924
594.75	2.2869
594.875	2.283
595.0	2.2767
595.125	2.2735
595.25	2.268
595.375	2.2617
595.5	2.2594
595.625	2.2531
595.75	2.246
595.875	2.2444
596.0	2.2374
596.125	2.2311
596.25	2.2287
596.375	2.2264
596.5	2.2216
596.625	2.2146
596.75	2.2114
596.875	2.2067
597.0	2.1996
597.125	2.1949
597.25	2.1926
597.375	2.1847
597.5	2.18
597.625	2.1768
597.75	2.1705
597.875	2.1666
598.0	2.1627
598.125	2.1595
598.25	2.1509
598.375	2.1485
598.5	2.1415
598.625	2.1352
598.75	2.132
598.875	2.1281
599.0	2.1218
599.125	2.1171
599.25	2.1132
599.375	2.1084
599.5	2.1037
599.625	2.0982
599.75	2.0935
599.875	2.0864
600.0	2.0841
600.125	2.0778
600.25	2.0754
600.375	2.0699
600.5	2.066
600.625	2.0566
600.75	2.0518
600.875	2.0495
601.0	2.044
601.125	2.04
601.25	2.0361
601.375	2.029
601.5	2.0259
601.625	2.0235
601.75	2.0157
601.875	2.0102
602.0	2.0047
602.125	2.0007
602.25	1.9944
602.375	1.9921
602.5	1.9897
602.625	1.9842
602.75	1.9779
602.875	1.9716
603.0	1.9693
603.125	1.963
603.25	1.9591
603.375	1.9551
603.5	1.9496
603.625	1.9433
603.75	1.9355
603.875	1.9355
604.0	1.9308
604.125	1.9245
604.25	1.9198
604.375	1.915
604.5	1.9095
604.625	1.9017
604.75	1.8993
604.875	1.8962
605.0	1.8907
605.125	1.886
605.25	1.8844
605.375	1.8757
605.5	1.8702
605.625	1.8679
605.75	1.86
605.875	1.8577
606.0	1.8522
606.125	1.8474
606.25	1.8419
606.375	1.838
606.5	1.8325
606.625	1.827
606.75	1.8238
606.875	1.8183
607.0	1.8144
607.125	1.8113
607.25	1.8034
607.375	1.7979
607.5	1.7924
607.625	1.7908
607.75	1.7861
607.875	1.7783
608.0	1.7743
608.125	1.772
608.25	1.7665
608.375	1.761
608.5	1.757
608.625	1.7539
608.75	1.7484
608.875	1.7452
609.0	1.7382
609.125	1.735
609.25	1.7287
609.375	1.7264
609.5	1.7185
609.625	1.7138
609.75	1.7091
609.875	1.7059
610.0	1.702
610.125	1.6973
610.25	1.6918
610.375	1.6855
610.5	1.6823
610.625	1.6768
610.75	1.6721
610.875	1.665
611.0	1.6643
611.125	1.6588
611.25	1.6556
611.375	1.6509
611.5	1.6438
611.625	1.6415
611.75	1.6375
611.875	1.6305
612.0	1.6273
612.125	1.6218
612.25	1.6179
612.375	1.6132
612.5	1.6084
612.625	1.6022
612.75	1.5966
612.875	1.5943
613.0	1.588
613.125	1.5825
613.25	1.5794
613.375	1.5715
613.5	1.5707
613.625	1.5636
613.75	1.5589
613.875	1.555
614.0	1.5503
614.125	1.5432
614.25	1.5393
614.375	1.5377
614.5	1.5298
614.625	1.5283
614.75	1.5227
614.875	1.5188
615.0	1.5141
615.125	1.5094
615.25	1.5047
615.375	1.5023
615.5	1.4952
615.625	1.4905
615.75	1.4866
615.875	1.4827
616.0	1.4764
616.125	1.4732
616.25	1.4685
616.375	1.463
616.5	1.4591
616.625	1.4528
616.75	1.4512
616.875	1.4449
617.0	1.441
617.125	1.4355
617.25	1.4316
617.375	1.4261
617.5	1.4237
617.625	1.4205
617.75	1.415
617.875	1.4111
618.0	1.4064
618.125	1.4001
618.25	1.3985
618.375	1.393
618.5	1.3899
618.625	1.3828
618.75	1.3797
618.875	1.3781
619.0	1.3694
619.125	1.3655
619.25	1.3592
619.375	1.3584
619.5	1.3553
619.625	1.349
619.75	1.3459
619.875	1.3419
620.0	1.3396
620.125	1.3349
620.25	1.3301
620.375	1.3238
620.5	1.3215
620.625	1.316
620.75	1.3121
620.875	1.3081
621.0	1.3034
621.125	1.2995
621.25	1.2963
621.375	1.2916
621.5	1.2869
621.625	1.283
621.75	1.279
621.875	1.2735
622.0	1.2704
622.125	1.2672
622.25	1.2625
622.375	1.2578
622.5	1.2523
622.625	1.2476
622.75	1.2421
622.875	1.2405
623.0	1.2358
623.125	1.2311
623.25	1.2232
623.375	1.2216
623.5	1.2185
623.625	1.2138
623.75	1.2114
623.875	1.2075
624.0	1.2028
624.125	1.1981
624.25	1.1957
624.375	1.1918
624.5	1.1878
624.625	1.1816
624.75	1.1792
624.875	1.1745
625.0	1.1713
625.125	1.165
625.25	1.1627
625.375	1.1572
625.5	1.1548
625.625	1.1501
625.75	1.1462
625.875	1.1438
626.0	1.1391
626.125	1.136
626.25	1.132
626.375	1.1281
626.5	1.1265
626.625	1.1226
626.75	1.1163
626.875	1.1139
627.0	1.1108
627.125	1.1037
627.25	1.1006
627.375	1.099
627.5	1.0943
627.625	1.0904
627.75	1.0856
627.875	1.0833
628.0	1.0794
628.125	1.0762
628.25	1.0707
628.375	1.0676
628.5	1.066
628.625	1.0605
628.75	1.0566
628.875	1.0518
629.0	1.0495
629.125	1.0487
629.25	1.0424
629.375	1.04
629.5	1.0345
629.625	1.0322
629.75	1.029
629.875	1.0275
630.0	1.022
630.125	1.0188
630.25	1.0157
630.375	1.011
630.5	1.0086
630.625	1.0039
630.75	1.0
630.875	0.9952
631.0	0.9937
631.125	0.9905
631.25	0.985
631.375	0.9834
631.5	0.9795
631.625	0.9748
631.75	0.9724
631.875	0.9701
632.0	0.9654
632.125	0.9622
632.25	0.9583
632.375	0.9575
632.5	0.9528
632.625	0.9488
632.75	0.9457
632.875	0.9402
633.0	0.9371
633.125	0.9355
633.25	0.93
633.375	0.9292
633.5	0.9245
633.625	0.9229
633.75	0.9182
633.875	0.915
634.0	0.9103
634.125	0.9088
634.25	0.9056
634.375	0.9009
634.5	0.8977
634.625	0.8954
634.75	0.8915
634.875	0.8891
635.0	0.8852
635.125	0.8828
635.25	0.8805
635.375	0.8773
635.5	0.8726
635.625	0.8702
635.75	0.8655
635.875	0.8624
636.0	0.8624
636.125	0.8569
636.25	0.8522
636.375	0.8514
636.5	0.8482
636.625	0.8443
636.75	0.8404
636.875	0.838
637.0	0.8333
637.125	0.8301
637.25	0.8278
637.375	0.8246
637.5	0.8223
637.625	0.8223
637.75	0.816
637.875	0.8113
638.0	0.8097
638.125	0.8073
638.25	0.8066
638.375	0.8011
638.5	0.7987
638.625	0.7948
638.75	0.7924
638.875	0.7877
639.0	0.7861
639.125	0.7838
639.25	0.7798
639.375	0.7759
639.5	0.7735
639.625	0.7696
639.75	0.768
639.875	0.7641
640.0	0.7602
640.125	0.7578
640.25	0.7555
640.375	0.7531
640.5	0.75
640.625	0.7468
640.75	0.7429
640.875	0.7405
641.0	0.7389
641.125	0.7358
641.25	0.7319
641.375	0.7287
641.5	0.7272
641.625	0.7256
641.75	0.7224
641.875	0.7169
642.0	0.7146
642.125	0.7099
642.25	0.7083
642.375	0.7044
642.5	0.7036
642.625	0.7004
642.75	0.6981
642.875	0.6957
643.0	0.6902
643.125	0.6886
643.25	0.6878
643.375	0.6839
643.5	0.6816
643.625	0.6792
643.75	0.6761
643.875	0.6737
644.0	0.6713
644.125	0.669
644.25	0.665
644.375	0.6643
644.5	0.6603
644.625	0.6564
644.75	0.6556
644.875	0.6533
645.0	0.6509
645.125	0.647
645.25	0.6462
645.375	0.6407
645.5	0.6415
645.625	0.6367
645.75	0.6328
645.875	0.6312
646.0	0.6297
646.125	0.6273
646.25	0.6226
646.375	0.621
646.5	0.6179
646.625	0.6155
646.75	0.6132
646.875	0.6092
647.0	0.6084
647.125	0.6069
647.25	0.6037
647.375	0.599
647.5	0.6006
647.625	0.5959
647.75	0.5919
647.875	0.5911
648.0	0.5896
648.125	0.5864
648.25	0.5849
648.375	0.5825
648.5	0.5801
648.625	0.5762
648.75	0.5738
648.875	0.5707
649.0	0.5691
649.125	0.566
649.25	0.5644
649.375	0.5613
649.5	0.5597
649.625	0.5566
649.75	0.5542
649.875	0.5542
650.0	0.5511
650.125	0.5479
650.25	0.5471
650.375	0.5424
650.5	0.5408
650.625	0.5393
650.75	0.5361
650.875	0.5345
651.0	0.5314
651.125	0.5283
651.25	0.5283
651.375	0.5251
651.5	0.5235
651.625	0.5235
651.75	0.5188
651.875	0.5165
652.0	0.5141
652.125	0.5117
652.25	0.5094
652.375	0.507
652.5	0.5047
652.625	0.5047
652.75	0.5
652.875	0.4984
653.0	0.4976
653.125	0.4944
653.25	0.4905
653.375	0.4905
653.5	0.4858
653.625	0.4858
653.75	0.4834
653.875	0.4811
654.0	0.4787
654.125	0.4764
654.25	0.4748
654.375	0.4716
654.5	0.4716
654.625	0.4669
654.75	0.4669
654.875	0.4622
655.0	0.4622
655.125	0.4583
655.25	0.4575
655.375	0.4536
655.5	0.4528
655.625	0.4512
655.75	0.4481
655.875	0.4481
656.0	0.4441
656.125	0.4433
656.25	0.4418
656.375	0.4386
656.5	0.4378
656.625	0.4347
656.75	0.4339
656.875	0.4292
657.0	0.4292
657.125	0.4276
657.25	0.4261
657.375	0.4221
657.5	0.4213
657.625	0.419
657.75	0.4158
657.875	0.415
658.0	0.4119
658.125	0.4127
658.25	0.4103
658.375	0.4064
658.5	0.4056
658.625	0.4048
658.75	0.4017
658.875	0.3985
659.0	0.3962
659.125	0.3962
659.25	0.3915
659.375	0.393
659.5	0.3907
659.625	0.3891
659.75	0.386
659.875	0.3844
660.0	0.382
660.125	0.3805
660.25	0.3781
660.375	0.3773
660.5	0.3726
660.625	0.3734
660.75	0.371
660.875	0.3687
661.0	0.3679
661.125	0.3679
661.25	0.3632
661.375	0.3632
661.5	0.36
661.625	0.3584
661.75	0.3569
661.875	0.3545
662.0	0.3529
662.125	0.3514
662.25	0.349
662.375	0.3466
662.5	0.3443
662.625	0.3451
662.75	0.3404
662.875	0.3404
663.0	0.3388
663.125	0.3349
663.25	0.3349
663.375	0.3349
663.5	0.3301
663.625	0.3278
663.75	0.3254
663.875	0.327
664.0	0.3238
664.125	0.3207
664.25	0.3207
664.375	0.3191
664.5	0.316
664.625	0.316
664.75	0.3136
664.875	0.3113
665.0	0.3113
665.125	0.3089
665.25	0.3066
665.375	0.3066
665.5	0.3034
665.625	0.3018
665.75	0.3011
665.875	0.2987
666.0	0.2971
666.125	0.2971
666.25	0.2924
666.375	0.2924
666.5	0.2885
666.625	0.2877
666.75	0.2877
666.875	0.2877
667.0	0.2853
667.125	0.283
667.25	0.2806
667.375	0.2806
667.5	0.2783
667.625	0.2783
667.75	0.2759
667.875	0.2743
668.0	0.2735
668.125	0.2727
668.25	0.2688
668.375	0.2688
668.5	0.2672
668.625	0.2641
668.75	0.2641
668.875	0.2641
669.0	0.2602
669.125	0.2594
669.25	0.2586
669.375	0.2562
669.5	0.2562
669.625	0.2547
669.75	0.2539
669.875	0.25
670.0	0.25
670.125	0.25
670.25	0.2452
670.375	0.2452
670.5	0.2444
670.625	0.2444
670.75	0.2405
670.875	0.2405
671.0	0.2405
671.125	0.2397
671.25	0.2366
671.375	0.2358
671.5	0.2358
671.625	0.2342
671.75	0.2319
671.875	0.2311
672.0	0.2303
672.125	0.2287
672.25	0.2264
672.375	0.2264
672.5	0.2264
672.625	0.2224
672.75	0.2216
672.875	0.2216
673.0	0.2216
673.125	0.2185
673.25	0.2169
673.375	0.2169
673.5	0.2146
673.625	0.2138
673.75	0.2122
673.875	0.2122
674.0	0.2091
674.125	0.2091
674.25	0.2075
674.375	0.2075
674.5	0.2051
674.625	0.2051
674.75	0.2028
674.875	0.2012
675.0	0.202
675.125	0.1981
675.25	0.1981
675.375	0.1973
675.5	0.1933
675.625	0.1933
675.75	0.1926
675.875	0.1902
676.0	0.1886
676.125	0.1886
676.25	0.1878
676.375	0.1847
676.5	0.1847
676.625	0.1839
676.75	0.1831
676.875	0.1792
677.0	0.1784
677.125	0.1784
677.25	0.1776
677.375	0.1753
677.5	0.1745
677.625	0.1745
677.75	0.1713
677.875	0.1713
678.0	0.1698
678.125	0.1698
678.25	0.1666
678.375	0.165
678.5	0.165
678.625	0.165
678.75	0.1611
678.875	0.1603
679.0	0.1603
679.125	0.1588
679.25	0.1588
679.375	0.1572
679.5	0.1556
679.625	0.1556
679.75	0.1525
679.875	0.1509
680.0	0.1509
680.125	0.1509
680.25	0.1493
680.375	0.1485
680.5	0.1462
680.625	0.1462
680.75	0.1438
680.875	0.143
681.0	0.1422
681.125	0.1415
681.25	0.1415
681.375	0.1391
681.5	0.1367
681.625	0.1367
681.75	0.136
681.875	0.1367
682.0	0.132
682.125	0.132
682.25	0.1328
682.375	0.132
682.5	0.1289
682.625	0.1289
682.75	0.1273
682.875	0.1273
683.0	0.1242
683.125	0.1257
683.25	0.1226
683.375	0.1226
683.5	0.1234
683.625	0.1202
683.75	0.1226
683.875	0.1202
684.0	0.1179
684.125	0.1179
684.25	0.1163
684.375	0.1179
684.5	0.1132
684.625	0.1132
684.75	0.1132
684.875	0.1124
685.0	0.1108
685.125	0.11
685.25	0.1084
685.375	0.1084
685.5	0.1084
685.625	0.1061
685.75	0.1045
685.875	0.1014
686.0	0.1022
686.125	0.1022
686.25	0.0998
686.375	0.099
686.5	0.099
686.625	0.0982
686.75	0.0982
686.875	0.0959
687.0	0.0951
687.125	0.0943
687.25	0.0935
687.375	0.0911
687.5	0.0904
687.625	0.0896
687.75	0.0896
687.875	0.088
688.0	0.0849
688.125	0.0849
688.25	0.0849
688.375	0.0849
688.5	0.0841
688.625	0.0809
688.75	0.0801
688.875	0.0794
689.0	0.0794
689.125	0.0794
689.25	0.0786
689.375	0.0754
689.5	0.0754
689.625	0.0754
689.75	0.0746
689.875	0.0738
690.0	0.0715
690.125	0.0715
690.25	0.0707
690.375	0.0691
690.5	0.0707
690.625	0.0668
690.75	0.066
690.875	0.066
691.0	0.066
691.125	0.066
691.25	0.0644
691.375	0.0636
691.5	0.0613
691.625	0.0613
691.75	0.0613
691.875	0.0605
692.0	0.0581
692.125	0.0566
692.25	0.0566
692.375	0.0566
692.5	0.0566
692.625	0.055
692.75	0.0534
692.875	0.0542
693.0	0.0518
693.125	0.0518
693.25	0.0518
693.375	0.0511
693.5	0.0471
693.625	0.0471
693.75	0.0471
693.875	0.0471
694.0	0.0463
694.125	0.0455
694.25	0.044
694.375	0.0432
694.5	0.0424
694.625	0.0424
694.75	0.0424
694.875	0.0424
695.0	0.04
695.125	0.04
695.25	0.0377
695.375	0.0377
695.5	0.0377
695.625	0.0377
695.75	0.0377
695.875	0.0377
696.0	0.0345
696.125	0.033
696.25	0.033
696.375	0.033
696.5	0.0322
696.625	0.0314
696.75	0.0306
696.875	0.0283
697.0	0.0283
697.125	0.0283
697.25	0.0283
697.375	0.0283
697.5	0.0283
697.625	0.0243
697.75	0.0259
697.875	0.0243
698.0	0.0235
698.125	0.0235
698.25	0.022
698.375	0.0204
698.5	0.0196
698.625	0.0188
698.75	0.0188
698.875	0.0188
699.0	0.0188
699.125	0.0188
699.25	0.0188
699.375	0.0165
699.5	0.0165
699.625	0.0141
699.75	0.0141
699.875	0.0141
700.0	0.0141
700.125	0.0141
700.25	0.0117
700.375	0.0094
700.5	0.0094
700.625	0.011
700.75	0.0094
700.875	0.0086
701.0	0.0062
701.125	0.0094
701.25	0.0094
701.375	0.0086
701.5	0.0078
701.625	0.0047
701.75	0.0047
701.875	0.0047
702.0	0.0039
702.125	0.0031
702.25	0.0039
702.375	0.0015
702.5	0.0
702.625	7.0E-4
702.75	0.0
702.875	0.0
703.0	0.0
703.125	0.0
703.25	0.0
703.375	0.0
703.5	0.0
703.625	0.0
703.75	0.0
703.875	0.0
704.0	0.0
704.125	0.0
704.25	0.0
704.375	0.0
704.5	0.0
704.625	0.0
704.75	0.0
704.875	0.0
705.0	0.0
705.125	0.0
705.25	0.0
705.375	0.0
705.5	0.0
705.625	0.0
705.75	0.0
705.875	0.0
706.0	0.0
706.125	0.0
706.25	0.0
706.375	0.0
706.5	0.0
706.625	0.0
706.75	0.0
706.875	0.0
707.0	0.0
707.125	0.0
707.25	0.0
707.375	0.0
707.5	0.0
707.625	0.0
707.75	0.0
707.875	0.0
708.0	0.0
708.125	0.0
708.25	0.0
708.375	0.0
708.5	0.0
708.625	0.0
708.75	0.0
708.875	0.0
709.0	0.0
709.125	0.0
709.25	0.0
709.375	0.0
709.5	0.0
709.625	0.0
709.75	0.0
709.875	0.0
710.0	0.0
710.125	0.0
710.25	0.0
710.375	0.0
710.5	0.0
710.625	0.0
710.75	0.0
710.875	0.0
711.0	0.0
711.125	0.0
711.25	0.0
711.375	0.0
711.5	0.0
711.625	0.0
711.75	0.0
711.875	0.0
712.0	0.0
712.125	0.0
712.25	0.0
712.375	0.0
712.5	0.0
712.625	0.0
712.75	0.0
712.875	0.0
713.0	0.0
713.125	0.0
713.25	0.0
713.375	0.0
713.5	0.0
713.625	0.0
713.75	0.0
713.875	0.0
714.0	0.0
714.125	0.0
714.25	0.0
714.375	0.0
714.5	0.0
714.625	0.0
714.75	0.0
714.875	0.0
715.0	0.0
715.125	0.0
715.25	0.0
715.375	0.0
715.5	0.0
715.625	0.0
715.75	0.0
715.875	0.0
716.0	0.0
716.125	0.0
716.25	0.0
716.375	0.0
716.5	0.0
716.625	0.0
716.75	0.0
716.875	0.0
717.0	0.0
717.125	0.0
717.25	0.0
717.375	0.0
717.5	0.0
717.625	0.0
717.75	0.0
717.875	0.0
718.0	0.0
718.125	0.0
718.25	0.0
718.375	0.0
718.5	0.0
718.625	0.0
718.75	0.0
718.875	0.0
719.0	0.0
719.125	0.0
719.25	0.0
719.375	0.0
719.5	0.0
719.625	0.0
719.75	0.0
719.875	0.0
720.0	0.0
720.125	0.0
720.25	0.0
720.375	0.0
720.5	0.0
720.625	0.0
720.75	0.0
720.875	0.0
721.0	0.0
721.125	0.0
721.25	0.0
721.375	0.0
721.5	0.0
721.625	0.0
721.75	0.0
721.875	0.0
722.0	0.0
722.125	0.0
722.25	0.0
722.375	0.0
722.5	0.0
722.625	0.0
722.75	0.0
722.875	0.0
723.0	0.0
723.125	0.0
723.25	0.0
723.375	0.0
723.5	0.0
723.625	0.0
723.75	0.0
723.875	0.0
724.0	0.0
724.125	0.0
724.25	0.0
724.375	0.0
724.5	0.0
724.625	0.0
724.75	0.0
724.875	0.0
725.0	0.0
725.125	0.0
725.25	0.0
725.375	0.0
725.5	0.0
725.625	0.0
725.75	0.0
725.875	0.0
726.0	0.0
726.125	0.0
726.25	0.0
726.375	0.0
726.5	0.0
726.625	0.0
726.75	0.0
726.875	0.0
727.0	0.0
727.125	0.0
727.25	0.0
727.375	0.0
727.5	0.0
727.625	0.0
727.75	0.0
727.875	0.0
728.0	0.0
728.125	0.0
728.25	0.0
728.375	0.0
728.5	0.0
728.625	0.0
728.75	0.0
728.875	0.0
729.0	0.0
729.125	0.0
729.25	0.0
729.375	0.0
729.5	0.0
729.625	0.0
729.75	0.0
729.875	0.0
730.0	0.0
730.125	0.0
730.25	0.0
730.375	0.0
730.5	0.0
730.625	0.0
730.75	0.0
730.875	0.0
731.0	0.0
731.125	0.0
731.25	0.0
731.375	0.0
731.5	0.0
731.625	0.0
731.75	0.0
731.875	0.0
732.0	0.0
732.125	0.0
732.25	0.0
732.375	0.0
732.5	0.0
732.625	0.0
732.75	0.0
732.875	0.0
733.0	0.0
733.125	0.0
733.25	0.0
733.375	0.0
733.5	0.0
733.625	0.0
733.75	0.0
733.875	0.0
734.0	0.0
734.125	0.0
734.25	0.0
734.375	0.0
734.5	0.0
734.625	0.0
734.75	0.0
734.875	0.0
735.0	0.0
735.125	0.0
735.25	0.0
735.375	0.0
735.5	0.0
735.625	0.0
735.75	0.0
735.875	0.0
736.0	0.0
736.125	0.0
736.25	0.0
736.375	0.0
736.5	0.0
736.625	0.0
736.75	0.0
736.875	0.0
737.0	0.0
737.125	0.0
737.25	0.0
737.375	0.0
737.5	0.0
737.625	0.0
737.75	0.0
737.875	0.0
738.0	0.0
738.125	0.0
738.25	0.0
738.375	0.0
738.5	0.0
738.625	0.0
738.75	0.0
738.875	0.0
739.0	0.0
739.125	0.0
739.25	0.0
739.375	0.0
739.5	0.0
739.625	0.0
739.75	0.0
739.875	0.0
740.0	0.0
740.125	0.0
740.25	0.0
740.375	0.0
740.5	0.0
740.625	0.0
740.75	0.0
740.875	0.0
741.0	0.0
741.125	0.0
741.25	0.0
741.375	0.0
741.5	0.0
741.625	0.0
741.75	0.0
741.875	0.0
742.0	0.0
742.125	0.0
742.25	0.0
742.375	0.0
742.5	0.0
742.625	0.0
742.75	0.0
742.875	0.0
743.0	0.0
743.125	0.0
743.25	0.0
743.375	0.0
743.5	0.0
743.625	0.0
743.75	0.0
743.875	0.0
744.0	0.0
744.125	0.0
744.25	0.0
744.375	0.0
744.5	0.0
744.625	0.0
744.75	0.0
744.875	0.0
745.0	0.0
745.125	0.0
745.25	0.0
745.375	0.0
745.5	0.0
745.625	0.0
745.75	0.0
745.875	0.0
746.0	0.0
746.125	0.0
746.25	0.0
746.375	0.0
746.5	0.0
746.625	0.0
746.75	0.0
746.875	0.0
747.0	0.0
747.125	0.0
747.25	0.0
747.375	0.0
747.5	0.0
747.625	0.0
747.75	0.0
747.875	0.0
748.0	0.0
748.125	0.0
748.25	0.0
748.375	0.0
748.5	0.0
748.625	0.0
748.75	0.0
748.875	0.0
749.0	0.0
749.125	0.0
749.25	0.0
749.375	0.0
749.5	0.0
749.625	0.0
749.75	0.0
749.875	0.0
750.0	0.0
750.125	0.0
750.25	0.0
750.375	0.0
750.5	0.0
750.625	0.0
750.75	0.0
750.875	0.0
751.0	0.0
751.125	0.0
751.25	0.0
751.375	0.0
751.5	0.0
751.625	0.0
751.75	0.0
751.875	0.0
752.0	0.0
752.125	0.0
752.25	0.0
752.375	0.0
752.5	0.0
752.625	0.0
752.75	0.0
752.875	0.0
753.0	0.0
753.125	0.0
753.25	0.0
753.375	0.0
753.5	0.0
753.625	0.0
753.75	0.0
753.875	0.0
754.0	0.0
754.125	0.0
754.25	0.0
754.375	0.0
754.5	0.0
754.625	0.0
754.75	0.0
754.875	0.0
755.0	0.0
755.125	0.0
755.25	0.0
755.375	0.0
755.5	0.0
755.625	0.0
755.75	0.0
755.875	0.0
756.0	0.0
756.125	0.0
756.25	0.0
756.375	0.0
756.5	0.0
756.625	0.0
756.75	0.0
756.875	0.0
757.0	0.0
757.125	0.0
757.25	0.0
757.375	0.0
757.5	0.0
757.625	0.0
757.75	0.0
757.875	0.0
758.0	0.0
758.125	0.0
758.25	0.0
758.375	0.0
758.5	0.0
758.625	0.0
758.75	0.0
758.875	0.0
759.0	0.0
759.125	0.0
759.25	0.0
759.375	0.0
759.5	0.0
759.625	0.0
759.75	0.0
759.875	0.0
760.0	0.0
760.125	0.0
760.25	0.0
760.375	0.0
760.5	0.0
760.625	0.0
760.75	0.0
760.875	0.0
761.0	0.0
761.125	0.0
761.25	0.0
761.375	0.0
761.5	0.0
761.625	0.0
761.75	0.0
761.875	0.0
762.0	0.0
762.125	0.0
762.25	0.0
762.375	0.0
762.5	0.0
762.625	0.0
762.75	0.0
762.875	0.0
763.0	0.0
763.125	0.0
763.25	0.0
763.375	0.0
763.5	0.0
763.625	0.0
763.75	0.0
763.875	0.0
764.0	0.0
764.125	0.0
764.25	0.0
764.375	0.0
764.5	0.0
764.625	0.0
764.75	0.0
764.875	0.0
765.0	0.0
765.125	0.0
765.25	0.0
765.375	0.0
765.5	0.0
765.625	0.0
765.75	0.0
765.875	0.0
766.0	0.0
766.125	0.0
766.25	0.0
766.375	0.0
766.5	0.0
766.625	0.0
766.75	0.0
766.875	0.0
767.0	0.0
767.125	0.0
767.25	0.0
767.375	0.0
767.5	0.0
767.625	0.0
767.75	0.0
767.875	0.0
768.0	0.0
768.125	0.0
768.25	0.0
768.375	0.0
768.5	0.0
768.625	0.0
768.75	0.0
768.875	0.0
769.0	0.0
769.125	0.0
769.25	0.0
769.375	0.0
769.5	0.0
769.625	0.0
769.75	0.0
769.875	0.0
770.0	0.0
770.125	0.0
770.25	0.0
770.375	0.0
770.5	0.0
770.625	0.0
770.75	0.0
770.875	0.0
771.0	0.0
771.125	0.0
771.25	0.0
771.375	0.0
771.5	0.0
771.625	0.0
771.75	0.0
771.875	0.0
772.0	0.0
772.125	0.0
772.25	0.0
772.375	0.0
772.5	0.0
772.625	0.0
772.75	0.0
772.875	0.0
773.0	0.0
773.125	0.0
773.25	0.0
773.375	0.0
773.5	0.0
773.625	0.0
773.75	0.0
773.875	0.0
774.0	0.0
774.125	0.0
774.25	0.0
774.375	0.0
774.5	0.0
774.625	0.0
774.75	0.0
774.875	0.0
775.0	0.0
775.125	0.0
775.25	0.0
775.375	0.0
775.5	0.0
775.625	0.0
775.75	0.0
775.875	0.0
776.0	0.0
776.125	0.0
776.25	0.0
776.375	0.0
776.5	0.0
776.625	0.0
776.75	0.0
776.875	0.0
777.0	0.0
777.125	0.0
777.25	0.0
777.375	0.0
777.5	0.0
777.625	0.0
777.75	0.0
777.875	0.0
778.0	0.0
778.125	0.0
778.25	0.0
778.375	0.0
778.5	0.0
778.625	0.0
778.75	0.0
778.875	0.0
779.0	0.0
779.125	0.0
779.25	0.0
779.375	0.0
779.5	0.0
779.625	0.0
779.75	0.0
779.875	0.0
780.0	0.0
780.125	0.0
780.25	0.0
780.375	0.0
780.5	0.0
780.625	0.0
780.75	0.0
780.875	0.0
781.0	0.0
781.125	0.0
781.25	0.0
781.375	0.0
781.5	0.0
781.625	0.0
781.75	0.0
781.875	0.0
782.0	0.0
782.125	0.0
782.25	0.0
782.375	0.0
782.5	0.0
782.625	0.0
782.75	0.0
782.875	0.0
783.0	0.0
783.125	0.0
783.25	0.0
783.375	0.0
783.5	0.0
783.625	0.0
783.75	0.0
783.875	0.0
784.0	0.0
784.125	0.0
784.25	0.0
784.375	0.0
784.5	0.0
784.625	0.0
784.75	0.0
784.875	0.0
785.0	0.0
785.125	0.0
785.25	0.0
785.375	0.0
785.5	0.0
785.625	0.0
785.75	0.0
785.875	0.0
786.0	0.0
786.125	0.0
786.25	0.0
786.375	0.0
786.5	0.0
786.625	0.0
786.75	0.0
786.875	0.0
787.0	0.0
787.125	0.0
787.25	0.0
787.375	0.0
787.5	0.0
787.625	0.0
787.75	0.0
787.875	0.0
788.0	0.0
788.125	0.0
788.25	0.0
788.375	0.0
788.5	0.0
788.625	0.0
788.75	0.0
788.875	0.0
789.0	0.0
789.125	0.0
789.25	0.0
789.375	0.0
789.5	0.0
789.625	0.0
789.75	0.0
789.875	0.0
790.0	0.0
790.125	0.0
790.25	0.0
790.375	0.0
790.5	0.0
790.625	0.0
790.75	0.0
790.875	0.0
791.0	0.0
791.125	0.0
791.25	0.0
791.375	0.0
791.5	0.0
791.625	0.0
791.75	0.0
791.875	0.0
792.0	0.0
792.125	0.0
792.25	0.0
792.375	0.0
792.5	0.0
792.625	0.0
792.75	0.0
792.875	0.0
793.0	0.0
793.125	0.0
793.25	0.0
793.375	0.0
793.5	0.0
793.625	0.0
793.75	0.0
793.875	0.0
794.0	0.0
794.125	0.0
794.25	0.0
794.375	0.0
794.5	0.0
794.625	0.0
794.75	0.0
794.875	0.0
795.0	0.0
795.125	0.0
795.25	0.0
795.375	0.0
795.5	0.0
795.625	0.0
795.75	0.0
795.875	0.0
796.0	0.0
796.125	0.0
796.25	0.0
796.375	0.0
796.5	0.0
796.625	0.0
796.75	0.0
796.875	0.0
797.0	0.0
797.125	0.0
797.25	0.0
797.375	0.0
797.5	0.0
797.625	0.0
797.75	0.0
797.875	0.0
798.0	0.0
798.125	0.0
798.25	0.0
798.375	0.0
798.5	0.0
798.625	0.0
798.75	0.0
798.875	0.0
799.0	0.0
799.125	0.0
799.25	0.0
799.375	0.0
799.5	0.0
799.625	0.0
799.75	0.0
799.875	0.0
800.0	0.0
800.125	0.0
800.25	0.0
800.375	0.0
800.5	0.0
800.625	0.0
800.75	0.0
800.875	0.0
801.0	0.0
801.125	0.0
801.25	0.0
801.375	0.0
801.5	0.0
801.625	0.0
801.75	0.0
801.875	0.0
802.0	0.0
802.125	0.0
802.25	0.0
802.375	0.0
802.5	0.0
802.625	0.0
802.75	0.0
802.875	0.0
803.0	0.0
803.125	0.0
803.25	0.0
803.375	0.0
803.5	0.0
803.625	0.0
803.75	0.0
803.875	0.0
804.0	0.0
804.125	0.0
804.25	0.0
804.375	0.0
804.5	0.0
804.625	0.0
804.75	0.0
804.875	0.0
805.0	0.0
805.125	0.0
805.25	0.0
805.375	0.0
805.5	0.0
805.625	0.0
805.75	0.0
805.875	0.0
806.0	0.0
806.125	0.0
806.25	0.0
806.375	0.0
806.5	0.0
806.625	0.0
806.75	0.0
806.875	0.0
807.0	0.0
807.125	0.0
807.25	0.0
807.375	0.0
807.5	0.0
807.625	0.0
807.75	0.0
807.875	0.0
808.0	0.0
808.125	0.0
808.25	0.0
808.375	0.0
808.5	0.0
808.625	0.0
808.75	0.0
808.875	0.0
809.0	0.0
809.125	0.0
809.25	0.0
809.375	0.0
809.5	0.0
809.625	0.0
809.75	0.0
809.875	0.0
810.0	0.0
810.125	0.0
810.25	0.0
810.375	0.0
810.5	0.0
810.625	0.0
810.75	0.0
810.875	0.0
811.0	0.0
811.125	0.0
811.25	0.0
811.375	0.0
811.5	0.0
811.625	0.0
811.75	0.0
811.875	0.0
812.0	0.0
812.125	0.0
812.25	0.0
812.375	0.0
812.5	0.0
812.625	0.0
812.75	0.0
812.875	0.0
813.0	0.0
813.125	0.0
813.25	0.0
813.375	0.0
813.5	0.0
813.625	0.0
813.75	0.0
813.875	0.0
814.0	0.0
814.125	0.0
814.25	0.0
814.375	0.0
814.5	0.0
814.625	0.0
814.75	0.0
814.875	0.0
815.0	0.0
815.125	0.0
815.25	0.0
815.375	0.0
815.5	0.0
815.625	0.0
815.75	0.0
815.875	0.0
816.0	0.0
816.125	0.0
816.25	0.0
816.375	0.0
816.5	0.0
816.625	0.0
816.75	0.0
816.875	0.0
817.0	0.0
817.125	0.0
817.25	0.0
817.375	0.0
817.5	0.0
817.625	0.0
817.75	0.0
817.875	0.0
818.0	0.0
818.125	0.0
818.25	0.0
818.375	0.0
818.5	0.0
818.625	0.0
818.75	0.0
818.875	0.0
819.0	0.0
819.125	0.0
819.25	0.0
819.375	0.0
819.5	0.0
819.625	0.0
819.75	0.0
819.875	0.0
820.0	0.0
820.125	0.0
820.25	0.0
820.375	0.0
820.5	0.0
820.625	0.0
820.75	0.0
820.875	0.0
821.0	0.0
821.125	0.0
821.25	0.0
821.375	0.0
821.5	0.0
821.625	0.0
821.75	0.0
821.875	0.0
822.0	0.0
822.125	0.0
822.25	0.0
822.375	0.0
822.5	0.0
822.625	0.0
822.75	0.0
822.875	0.0
823.0	0.0
823.125	0.0
823.25	0.0
823.375	0.0
823.5	0.0
823.625	0.0
823.75	0.0
823.875	0.0
824.0	0.0
824.125	0.0
824.25	0.0
824.375	0.0
824.5	0.0
824.625	0.0
824.75	0.0
824.875	0.0
825.0	0.0
825.125	0.0
825.25	0.0
825.375	0.0
825.5	0.0
825.625	0.0
825.75	0.0
825.875	0.0
826.0	0.0
826.125	0.0
826.25	0.0
826.375	0.0
826.5	0.0
826.625	0.0
826.75	0.0
826.875	0.0
827.0	0.0
827.125	0.0
827.25	0.0
827.375	0.0
827.5	0.0
827.625	0.0
827.75	0.0
827.875	0.0
828.0	0.0
828.125	0.0
828.25	0.0
828.375	0.0
828.5	0.0
828.625	0.0
828.75	0.0
828.875	0.0
829.0	0.0
829.125	0.0
829.25	0.0
829.375	0.0
829.5	0.0
829.625	0.0
829.75	0.0
829.875	0.0
830.0	0.0
830.125	0.0
830.25	0.0
830.375	0.0
830.5	0.0
830.625	0.0
830.75	0.0
830.875	0.0
831.0	0.0
831.125	0.0
831.25	0.0
831.375	0.0
831.5	0.0
831.625	0.0
831.75	0.0
831.875	0.0
832.0	0.0
832.125	0.0
832.25	0.0
832.375	0.0
832.5	0.0
832.625	0.0
832.75	0.0
832.875	0.0
833.0	0.0
833.125	0.0
833.25	0.0
833.375	0.0
833.5	0.0
833.625	0.0
833.75	0.0
833.875	0.0
834.0	0.0
834.125	0.0
834.25	0.0
834.375	0.0
834.5	0.0
834.625	0.0
834.75	0.0
834.875	0.0
835.0	0.0
835.125	0.0
835.25	0.0
835.375	0.0
835.5	0.0
835.625	0.0
835.75	0.0
835.875	0.0
836.0	0.0
836.125	0.0
836.25	0.0
836.375	0.0
836.5	0.0
836.625	0.0
836.75	0.0
836.875	0.0
837.0	0.0
837.125	0.0
837.25	0.0
837.375	0.0
837.5	0.0
837.625	0.0
837.75	0.0
837.875	0.0
838.0	0.0
838.125	0.0
838.25	0.0
838.375	0.0
838.5	0.0
838.625	0.0
838.75	0.0
838.875	0.0
839.0	0.0
839.125	0.0
839.25	0.0
839.375	0.0
839.5	0.0
839.625	0.0
839.75	0.0
839.875	0.0
840.0	0.0
840.125	0.0
840.25	0.0
840.375	0.0
840.5	0.0
840.625	0.0
840.75	0.0
840.875	0.0
841.0	0.0
841.125	0.0
841.25	0.0
841.375	0.0
841.5	0.0
841.625	0.0
841.75	0.0
841.875	0.0
842.0	0.0
842.125	0.0
842.25	0.0
842.375	0.0
842.5	0.0
842.625	0.0
842.75	0.0
842.875	0.0
843.0	0.0
843.125	0.0
843.25	0.0
843.375	0.0
843.5	0.0
843.625	0.0
843.75	0.0
843.875	0.0
844.0	0.0
844.125	0.0
844.25	0.0
844.375	0.0
844.5	0.0
844.625	0.0
844.75	0.0
844.875	0.0
845.0	0.0
845.125	0.0
845.25	0.0
845.375	0.0
845.5	0.0
845.625	0.0
845.75	0.0
845.875	0.0
846.0	0.0
846.125	0.0
846.25	0.0
846.375	0.0
846.5	0.0
846.625	0.0
846.75	0.0
846.875	0.0
847.0	0.0
847.125	0.0
847.25	0.0
847.375	0.0
847.5	0.0
847.625	0.0
847.75	0.0
847.875	0.0
848.0	0.0
848.125	0.0
848.25	0.0
848.375	0.0
848.5	0.0
848.625	0.0
848.75	0.0
848.875	0.0
849.0	0.0
849.125	0.0
849.25	0.0
849.375	0.0
849.5	0.0
849.625	0.0
849.75	0.0
849.875	0.0
850.0	0.0
850.125	0.0
850.25	0.0
850.375	0.0
850.5	0.0
850.625	0.0
850.75	0.0
850.875	0.0
851.0	0.0
851.125	0.0
851.25	0.0
851.375	0.0
851.5	0.0
851.625	0.0
851.75	0.0
851.875	0.0
852.0	0.0
852.125	0.0
852.25	0.0
852.375	0.0
852.5	0.0
852.625	0.0
852.75	0.0
852.875	0.0
853.0	0.0
853.125	0.0
853.25	0.0
853.375	0.0
853.5	0.0
853.625	0.0
853.75	0.0
853.875	0.0
854.0	0.0
854.125	0.0
854.25	0.0
854.375	0.0
854.5	0.0
854.625	0.0
854.75	0.0
854.875	0.0
855.0	0.0
855.125	0.0
855.25	0.0
855.375	0.0
855.5	0.0
855.625	0.0
855.75	0.0
855.875	0.0
856.0	0.0
856.125	0.0
856.25	0.0
856.375	0.0
856.5	0.0
856.625	0.0
856.75	0.0
856.875	0.0
857.0	0.0
857.125	0.0
857.25	0.0
857.375	0.0
857.5	0.0
857.625	0.0
857.75	0.0
857.875	0.0
858.0	0.0
858.125	0.0
858.25	0.0
858.375	0.0
858.5	0.0
858.625	0.0
858.75	0.0
858.875	0.0
859.0	0.0
859.125	0.0
859.25	0.0
859.375	0.0
859.5	0.0
859.625	0.0
859.75	0.0
859.875	0.0
860.0	0.0
860.125	0.0
860.25	0.0
860.375	0.0
860.5	0.0
860.625	0.0
860.75	0.0
860.875	0.0
861.0	0.0
861.125	0.0
861.25	0.0
861.375	0.0
861.5	0.0
861.625	0.0
861.75	0.0
861.875	0.0
862.0	0.0
862.125	0.0
862.25	0.0
862.375	0.0
862.5	0.0
862.625	0.0
862.75	0.0
862.875	0.0
863.0	0.0
863.125	0.0
863.25	0.0
863.375	0.0
863.5	0.0
863.625	0.0
863.75	0.0
863.875	0.0
864.0	0.0
864.125	0.0
864.25	0.0
864.375	0.0
864.5	0.0
864.625	0.0
864.75	0.0
864.875	0.0
865.0	0.0
865.125	0.0
865.25	0.0
865.375	0.0
865.5	0.0
865.625	0.0
865.75	0.0
865.875	0.0
866.0	0.0
866.125	0.0
866.25	0.0
866.375	0.0
866.5	0.0
866.625	0.0
866.75	0.0
866.875	0.0
867.0	0.0
867.125	0.0
867.25	0.0
867.375	0.0
867.5	0.0
867.625	0.0
867.75	0.0
867.875	0.0
868.0	0.0
868.125	0.0
868.25	0.0
868.375	0.0
868.5	0.0
868.625	0.0
868.75	0.0
868.875	0.0
869.0	0.0
869.125	0.0
869.25	0.0
869.375	0.0
869.5	0.0
869.625	0.0
869.75	0.0
869.875	0.0
870.0	0.0
870.125	0.0
870.25	0.0
870.375	0.0
870.5	0.0
870.625	0.0
870.75	0.0
870.875	0.0
871.0	0.0
871.125	0.0
871.25	0.0
871.375	0.0
871.5	0.0
871.625	0.0
871.75	0.0
871.875	0.0
872.0	0.0
872.125	0.0
872.25	0.0
872.375	0.0
872.5	0.0
872.625	0.0
872.75	0.0
872.875	0.0
873.0	0.0
873.125	0.0
873.25	0.0
873.375	0.0
873.5	0.0
873.625	0.0
873.75	0.0
873.875	0.0
874.0	7.0E-4
874.125	0.0039
874.25	0.0047
874.375	0.0047
874.5	0.0047
874.625	0.0062
874.75	0.0078
874.875	0.007
875.0	0.0094
875.125	0.0094
875.25	0.0094
875.375	0.0094
875.5	0.0117
875.625	0.0141
875.75	0.0141
875.875	0.0141
876.0	0.0157
876.125	0.0172
876.25	0.018
876.375	0.0196
876.5	0.0188
876.625	0.0212
876.75	0.0212
876.875	0.022
877.0	0.0235
877.125	0.0235
877.25	0.0267
877.375	0.0275
877.5	0.0283
877.625	0.0283
877.75	0.029
877.875	0.0283
878.0	0.0314
878.125	0.033
878.25	0.033
878.375	0.0345
878.5	0.0377
878.625	0.0377
878.75	0.0377
878.875	0.0385
879.0	0.0408
879.125	0.0416
879.25	0.0424
879.375	0.0424
879.5	0.0448
879.625	0.0455
879.75	0.0448
879.875	0.0471
880.0	0.0495
880.125	0.0503
880.25	0.0518
880.375	0.0526
880.5	0.0526
880.625	0.0558
880.75	0.0566
880.875	0.0566
881.0	0.0573
881.125	0.0597
881.25	0.0613
881.375	0.0636
881.5	0.0652
881.625	0.066
881.75	0.066
881.875	0.066
882.0	0.0699
882.125	0.0707
882.25	0.0707
882.375	0.0723
882.5	0.0754
882.625	0.0754
882.75	0.077
882.875	0.0794
883.0	0.0809
883.125	0.0825
883.25	0.0841
883.375	0.0841
883.5	0.0849
883.625	0.0856
883.75	0.0896
883.875	0.0896
884.0	0.0919
884.125	0.0943
884.25	0.0943
884.375	0.0959
884.5	0.0982
884.625	0.1006
884.75	0.1022
884.875	0.1037
885.0	0.1037
885.125	0.1061
885.25	0.1084
885.375	0.1084
885.5	0.1124
885.625	0.1132
885.75	0.1132
885.875	0.1163
886.0	0.1171
886.125	0.1179
886.25	0.1226
886.375	0.1226
886.5	0.1234
886.625	0.1273
886.75	0.1281
886.875	0.1305
887.0	0.1305
887.125	0.1344
887.25	0.1367
887.375	0.1367
887.5	0.1399
887.625	0.1415
887.75	0.1415
887.875	0.1462
888.0	0.147
888.125	0.1509
888.25	0.1509
888.375	0.1525
888.5	0.1556
888.625	0.1572
888.75	0.1603
888.875	0.1603
889.0	0.1627
889.125	0.165
889.25	0.1674
889.375	0.1698
889.5	0.1713
889.625	0.1745
889.75	0.1776
889.875	0.1792
890.0	0.1808
890.125	0.1839
890.25	0.1855
890.375	0.1878
890.5	0.1886
890.625	0.1902
890.75	0.1941
890.875	0.1981
891.0	0.1981
891.125	0.2012
891.25	0.2028
891.375	0.2067
891.5	0.2099
891.625	0.2114
891.75	0.2122
891.875	0.2169
892.0	0.2169
892.125	0.2201
892.25	0.224
892.375	0.2264
892.5	0.2279
892.625	0.2311
892.75	0.2311
892.875	0.2358
893.0	0.2389
893.125	0.2405
893.25	0.2444
893.375	0.246
893.5	0.2484
893.625	0.2523
893.75	0.2539
893.875	0.2555
894.0	0.2594
894.125	0.2641
894.25	0.2641
894.375	0.268
894.5	0.2696
894.625	0.2727
894.75	0.2767
894.875	0.2783
895.0	0.2822
895.125	0.283
895.25	0.2877
895.375	0.2885
895.5	0.2924
895.625	0.2948
895.75	0.2971
895.875	0.3003
896.0	0.3034
896.125	0.3073
896.25	0.3105
896.375	0.3113
896.5	0.3152
896.625	0.3183
896.75	0.3207
896.875	0.3231
897.0	0.3254
897.125	0.3301
897.25	0.3309
897.375	0.3349
897.5	0.338
897.625	0.3396
897.75	0.3459
897.875	0.349
898.0	0.3529
898.125	0.3514
898.25	0.3577
898.375	0.3592
898.5	0.3632
898.625	0.3639
898.75	0.3679
898.875	0.3718
899.0	0.3734
899.125	0.3773
899.25	0.3797
899.375	0.382
899.5	0.386
899.625	0.3907
899.75	0.3915
899.875	0.3954
